-0.8819113782981763	-1.0800299465644922e-16
-0.8819097408217388	-0.001699475072656693
-0.8819048283985069	-0.0033989438343608254
-0.8818966410467228	-0.005098399974183882
-0.8818851787967901	-0.00679783718124254
-0.8818704416912734	-0.00849724914472614
-0.8818524297848985	-0.010196629553916578
-0.8818311431445521	-0.011895972098212151
-0.8818065818492817	-0.013595270467152549
-0.8817787459902949	-0.015294518350442677
-0.8817476356709594	-0.01699370943797257
-0.8817132510068023	-0.018692837419844743
-0.8816755921255103	-0.020391895986396038
-0.8816346591669284	-0.022090878828219522
-0.8815904522830601	-0.023789779636191794
-0.8814922174082653	-0.02718730991563025
-0.8814381897821314	-0.028885926770463376
-0.8813808889602942	-0.03058443635822799
-0.8812564685928055	-0.03398110850350171
-0.8811893495091851	-0.03567925844756598
-0.8811189581539233	-0.037377275897715785
-0.8809683596862101	-0.040772888094632496
-0.8808881531330021	-0.04247047023188909
-0.8808046754266367	-0.04416789465625938
-0.8806279078065479	-0.04756224515360276
-0.880235133181859	-0.05434877628892922
-0.8801287667632699	-0.056044920265397036
-0.8800191320114832	-0.057740856120643586
-0.879790059148954	-0.061132078277031626
-0.8792927121520269	-0.06791174808618917
-0.8791602111468393	-0.06960605080044495
-0.8790244454051577	-0.07130009503460685
-0.8787431217410836	-0.07468738290048918
-0.8781413205701869	-0.0814585801437596
-0.8779827164682652	-0.08315063893197072
-0.8778208520024426	-0.08484238894264433
-0.8774873443955162	-0.08822493750348559
-0.8767812320732422	-0.09498605295471757
-0.8752127698964931	-0.10849095161301361
-0.8749842085247759	-0.11031914613547646
-0.8747518283199438	-0.11214685917449767
-0.8742756154844542	-0.11580080889643146
-0.8732774095576613	-0.12310257969697365
-0.8710981262409868	-0.1376798228907597
-0.8708085945677266	-0.13949935770020513
-0.8705152622856496	-0.1413182836703578
-0.8699172010325744	-0.1449542773409626
-0.868675528661719	-0.15221860949329438
-0.8660102934974055	-0.16671487854515774
-0.86566011498681	-0.16852372086092812
-0.8653061583377281	-0.17033182766174912
-0.8645869168199054	-0.17394580315615293
-0.8631031651988824	-0.1811645809628909
-0.8599549557823358	-0.1955636806699797
-0.8529388781069882	-0.2241939994410677
-0.8524999234522286	-0.22585738793702
-0.8520577248856902	-0.22751991700598562
-0.8511636027601877	-0.2308423715613893
-0.849336506430371	-0.23747668941696484
-0.8455272989228065	-0.25070154755823115
-0.8372921371287201	-0.27696490079829533
-0.8367502728394454	-0.2785976670306175
-0.8362052245685758	-0.28022937314993757
-0.8351055843901773	-0.28348958021791465
-0.8328681883212042	-0.2899970000781804
-0.8282414141523664	-0.30295847744315957
-0.8183839458156114	-0.32865695854957905
-0.8177539190110261	-0.33022145162587074
-0.817120901390214	-0.33178473696514926
-0.8158459029715198	-0.3349076615671468
-0.8132601189387254	-0.3411387666559741
-0.8079459353453947	-0.35354072570305733
-0.7967515177576461	-0.3780935044703579
-0.7960269870570467	-0.3796165368482642
-0.7952995450033198	-0.3811381808338042
-0.7938359374891758	-0.3841772813721165
-0.7908739039981632	-0.39023857721462313
-0.7848111733787952	-0.4022923082928477
-0.7721360808794427	-0.42611448200680035
-0.7712504398112886	-0.42771537061775444
-0.7703614795863084	-0.42931441851093555
-0.7685736169830708	-0.4325069646252521
-0.7649582311819643	-0.43886966598154126
-0.7575696932752963	-0.45150397451469065
-0.7421687502389027	-0.4763960803161737
-0.7411788638780744	-0.4779346931456178
-0.7401857877765881	-0.4794712491331893
-0.7381900834605779	-0.48253816414067624
-0.7341605869056256	-0.48864702168966156
-0.7259502177877609	-0.500763377720148
-0.7089319626138472	-0.5245790231759824
-0.7079150126715871	-0.5259505813343833
-0.7068954092038138	-0.5273201680368026
-0.7048482569890532	-0.5300534065462486
-0.7007222790793431	-0.5354960007074191
-0.6923444987244922	-0.5462845176807783
-0.6750927264058612	-0.5674658491272319
-0.673992808023058	-0.5687718118059142
-0.6728903632676262	-0.5700756425189129
-0.6706779111778002	-0.572676888506924
-0.6662228729833534	-0.5778535823940142
-0.657193198830244	-0.5881026939090319
-0.6386630906947319	-0.6081752508578772
-0.637385635439678	-0.6095139300351937
-0.6361053742323189	-0.6108499259593559
-0.6335364565173051	-0.6135138445343234
-0.6283651984713909	-0.6188092246579705
-0.6178902708655941	-0.6292688553721945
-0.5964211633622206	-0.649653349922437
-0.595056773366384	-0.650903307444798
-0.5936897637618956	-0.6521503995062287
-0.5909479098103267	-0.6546359652987263
-0.5854330321631831	-0.6595724706383753
-0.574279961274609	-0.6693057636463493
-0.5514916150621424	-0.6882039506483081
-0.5500728163511173	-0.6893385060210543
-0.5486516835839471	-0.6904701364087295
-0.5458024400115196	-0.6927246030344676
-0.5400762101784972	-0.6971982260240058
-0.5285141436801921	-0.7060031721612746
-0.5049626238662952	-0.7230355645954462
-0.5034721743629396	-0.7240742011797153
-0.5019795885381961	-0.7251097653892219
-0.4989880332668064	-0.7271716591206739
-0.49297956613684213	-0.7312583856225651
-0.48086263622823844	-0.7392826281277127
-0.45624035709503574	-0.7547267159241041
-0.45478934268372423	-0.7556019672771472
-0.4533366491963101	-0.7564744289579463
-0.4504262464526525	-0.7582109704286554
-0.4445855284512984	-0.7616504362655279
-0.4328256520031826	-0.7683941918961965
-0.40900189447282576	-0.7813354781970601
-0.4074998397673517	-0.782119913927124
-0.40599628057798065	-0.7829014620810429
-0.4029846709575607	-0.7844558841292579
-0.3969436425288726	-0.7875299510670688
-0.3847915997270507	-0.7935383443484545
-0.3602176482953657	-0.8049912577341106
-0.3585396309006469	-0.8057400401155554
-0.3568600570264136	-0.8064853246469484
-0.35349626901135456	-0.8079653872331668
-0.34675033649336456	-0.8108833968663606
-0.3331866876711296	-0.8165502497277985
-0.3057854781404405	-0.8272018620205175
-0.30406130210164456	-0.8278371843158784
-0.3023358060827206	-0.8284689128338496
-0.29888088407283464	-0.8297215775834866
-0.29195553026058124	-0.8321836621335773
-0.27804446890261975	-0.836934258161565
-0.24999448675451824	-0.845736623165944
-0.2483489696473501	-0.846221288107838
-0.24670251293017062	-0.8467027514338951
-0.24340680558629804	-0.8476560659642938
-0.23680438990058855	-0.8495241962979037
-0.22355695454107438	-0.8531060703383309
-0.221897153118025	-0.8535392976365558
-0.2202365121634613	-0.8539692956317942
-0.21691273679459305	-0.8548195972180731
-0.21025538833672364	-0.856481377992051
-0.19690291205522725	-0.8596493019807324
-0.1952304337995392	-0.8600306720636379
-0.193557216903903	-0.8604087882839205
-0.19020859251752625	-0.8611552534266342
-0.18350275879136055	-0.8626090752407772
-0.1700581731841405	-0.8653599811090538
-0.16837463785630644	-0.8656891246276268
-0.1666904654954474	-0.866014992875239
-0.16332023516480723	-0.8666568986383835
-0.1565724106311853	-0.8679013534964263
-0.14304873650047156	-0.8702325770490368
-0.14138908425576185	-0.8705037656581999
-0.1397289179156968	-0.8707717890870705
-0.13640706709702416	-0.8712983365172787
-0.1297574620404024	-0.8723134071058536
-0.12809386615450202	-0.8725592476304298
-0.1264298045150954	-0.8728019155009136
-0.12310030817976757	-0.8732777297617496
-0.11643599280344197	-0.87419124838428
-0.11476884039787578	-0.8744116836167709
-0.11310127068903475	-0.8746289394596515
-0.10976490361637811	-0.8750539098283466
-0.10308742871760368	-0.8758656639075322
-0.08971487601591682	-0.8773362640363372
-0.08804177515575011	-0.8775057407215142
-0.0863683541727963	-0.8776720267669875
-0.08302057617812397	-0.8779950245319397
-0.07632144651360102	-0.8786027065596035
-0.07464595510271488	-0.8787466418476901
-0.07297019227668387	-0.8788873819841158
-0.0696178767526654	-0.8791592747666601
-0.06291025688394272	-0.8796646967740523
-0.06123276481197135	-0.8797830571710681
-0.05955505009565494	-0.8798982186479827
-0.056198977131679165	-0.8801189431782173
-0.054520631086811384	-0.8802245054289758
-0.052842086803137685	-0.8803268671545125
-0.04948442793303943	-0.8805219875527975
-0.04780532555517284	-0.8806147455160815
-0.046126049355572275	-0.8807043015352181
-0.0427669999153914	-0.8808738064501782
-0.041087238888425415	-0.8809537547296763
-0.03940732846690852	-0.8810304998323782
-0.03604708387358248	-0.8811743794028513
-0.0342239193096233	-0.8812470723462731
-0.03240060825111299	-0.8813159931356896
-0.030577158502684696	-0.8813811414760874
-0.028753577869565023	-0.8814425170886006
-0.026929874157541035	-0.8815001197105127
-0.025106055172927202	-0.8815539490952571
-0.02145810261361809	-0.8816502872477343
-0.019633984653884023	-0.8816927956030945
-0.01780978265141532	-0.8817315298965431
-0.015985504414658788	-0.8817664899622791
-0.014161157752387554	-0.8817976756506569
-0.012336750473667642	-0.881825086828187
-0.010512290387824537	-0.8818487233775366
-0.00868778530440977	-0.8818685851975302
-0.006863243033167278	-0.8818846722031497
-0.005038671384000585	-0.8818969843255351
-0.003214078166938954	-0.8819055215119848
-0.0013894711921035824	-0.8819102837259555
0.0004351417303252472	-0.8819112709470628
0.0022597527901417943	-0.8819084831710808
0.004084354177148291	-0.8819019204099426
0.0059089380811883745	-0.8818915826917398
0.007733496692180512	-0.8818774700607228
0.009558022200151449	-0.8818595825773003
0.011382506795269613	-0.8818379203180393
0.01320694266787857	-0.8818124833756644
0.015031322008530825	-0.8817832718590577
0.01685563700801989	-0.8817502858932584
0.018679879857415278	-0.8817135256194619
0.02050404274809553	-0.8816729911950197
0.02232811787178125	-0.8816286827934382
0.024152097420568737	-0.8815806006043784
0.02597597358696338	-0.8815287448336546
0.027799738563913115	-0.8814731157032342
0.02962338454484199	-0.881413713451236
0.031446903723683244	-0.8813505383319298
0.033270288294912284	-0.881283590615735
0.036916622395353205	-0.8811383785550985
0.03873955631653164	-0.8810601148322329
0.040562324414098176	-0.8809780797556285
0.04420733192990263	-0.8808026969619408
0.05149501382823645	-0.8804066916616541
0.05331640273982396	-0.8802982678448675
0.05513756343200667	-0.8801860759354073
0.058779168977454374	-0.879950389775531
0.0660592985061933	-0.8794338225544085
0.06787864344945364	-0.8792952683457651
0.06969769784003611	-0.8791529503377601
0.07333490381879433	-0.878857025376527
0.0806054866294483	-0.878220037745108
0.08230072829728147	-0.8780627934797864
0.0839956632482962	-0.8779022768664334
0.08738458773443016	-0.877571429000667
0.0941584782516742	-0.8768704922308186
0.0958510893856841	-0.8766870866137852
0.09754334330364314	-0.8765004137756791
0.1009267542661217	-0.8761172692311772
0.10768901219749659	-0.8753118049150922
0.10937858909412117	-0.8751022816902996
0.11106775836066081	-0.8748894971506556
0.11444484882437139	-0.8744541473109702
0.121193861308209	-0.8735443475594102
0.13466980455117733	-0.8715685417188581
0.13635210485323254	-0.8713069394156586
0.13803389700080793	-0.8710420899420185
0.14139593176375076	-0.8705026534436583
0.14811362778808693	-0.8693848586415807
0.1615221245415452	-0.8669938191563851
0.1882203555797812	-0.8615920014236494
0.19002289199948325	-0.8611962492300705
0.1918245963302765	-0.8607967259548073
0.19542547717096917	-0.8599863731736034
0.20261690689753198	-0.8583204927129877
0.2169566763727357	-0.8548084462317187
0.2187449547571231	-0.8543525758959782
0.22053227528191333	-0.8538929644462305
0.22410401145102712	-0.8529625262714342
0.2312356453943836	-0.8510568462040782
0.2454498123903309	-0.8470667439873557
0.24722182827434416	-0.8465512664903879
0.24899276160172829	-0.8460320820404709
0.25253134957251083	-0.844982601391813
0.2595951939487062	-0.8428392577772601
0.2736678259342321	-0.8383755722945534
0.3015790876883954	-0.828744673009018
0.3032809526294451	-0.8281233863042182
0.30498153766176656	-0.827498604746409
0.3083788392983666	-0.8262385676333327
0.31515776825225417	-0.8236766721730363
0.32865132869494373	-0.8183862067012354
0.3553685354319756	-0.8071436570999749
0.3570259116148061	-0.806411915591161
0.358681781073998	-0.805676770856262
0.36198897187540036	-0.8041962841324124
0.3685849657471995	-0.8011946094407556
0.38170184593196127	-0.7950291692660857
0.4076228129414106	-0.7820558301946997
0.4091203826400778	-0.781273442323637
0.41061645063633373	-0.7804881867386645
0.4136040595614929	-0.7789090839668273
0.4195610157325	-0.7757165933827264
0.4314006587960433	-0.7691951317852506
0.4547731644711571	-0.7556117045471694
0.4562199841117966	-0.7547390312345196
0.4576651291679393	-0.7538635876042048
0.46055037431491175	-0.7521044022542241
0.46630053661124693	-0.7485529298104793
0.47771836937060336	-0.7413183113465368
0.5002147143861998	-0.7263283821270663
0.5017229174118519	-0.7252873867064897
0.50322895403214	-0.7242432595444072
0.506234502054153	-0.7221456280431066
0.5122193157336123	-0.7179129834187281
0.5240823696916473	-0.70929919565031
0.5473707624503898	-0.6914860284823315
0.548806462571542	-0.6903471197966279
0.550239792983791	-0.6892052302391094
0.5530993199357466	-0.6869125282438833
0.5587896657046499	-0.6822915715978578
0.5700541522550447	-0.6729085693231818
0.592107467401418	-0.6535873516365414
0.5933739991315431	-0.652437718350517
0.5946382987433222	-0.6512856307638275
0.5971601825963939	-0.6489741100330817
0.6021769561846692	-0.6443218082697157
0.6121014729333374	-0.634901146639875
0.631506068630336	-0.6156035773570898
0.6326988559862956	-0.6143776011586212
0.6338892632940462	-0.6131493138317293
0.6362629198618813	-0.6106858242833398
0.6409814759888794	-0.6057313155276907
0.6503025692579352	-0.5957132259639009
0.6684728751336116	-0.5752492454426968
0.6696803490941344	-0.5738431050460983
0.6708848652278026	-0.572434430114107
0.6732850027473589	-0.5696095015423093
0.6780495506590586	-0.5639295044798045
0.6874345639582561	-0.5524503592607315
0.7056190474704758	-0.529026879296929
0.7067292979594777	-0.527542774168591
0.7078364269847848	-0.5260563390029651
0.7100413010983687	-0.5230765048311047
0.7144133775302604	-0.5170891655968
0.7230057665102716	-0.5050052878581408
0.7395750638606341	-0.4804127434689135
0.7405647474676681	-0.47888572121116557
0.7415512781919653	-0.4773566601438086
0.7435148642055543	-0.47429244762823825
0.7474040177388352	-0.4681398438924377
0.7550293281516641	-0.4557393913220974
0.7696607640299311	-0.43056937592524147
0.770547539456672	-0.428980382545703
0.7714310343518412	-0.42738956282370477
0.7731881675158714	-0.42420247145111956
0.7766629029014588	-0.4178066711153238
0.7834534262060119	-0.4049301274761488
0.7963922834832328	-0.3788495875412184
0.7971200570348983	-0.3773159072242642
0.7978448770513603	-0.37578082885465164
0.7992856457470472	-0.3727065007140537
0.8021316232820437	-0.36654131841131166
0.8076807521027353	-0.3541461306502571
0.8182031587255318	-0.3291067763254825
0.8188351417486236	-0.3275312043291459
0.8194640907765275	-0.32595441874530295
0.8207128775363497	-0.32279723018916046
0.8231739413295948	-0.3164685473908741
0.8279495231511452	-0.30375527367533944
0.8369106012328341	-0.2781156678719938
0.8374892047262831	-0.27636843368721936
0.8380641604900901	-0.2746199957647466
0.8392031188276735	-0.2711195391735806
0.8414371536259176	-0.2641045165643766
0.8457291561730166	-0.2500197463614953
0.8462491044048207	-0.2482541690804567
0.8467653667527649	-0.2464875105149237
0.8477868248187028	-0.24295098031415938
0.8497854124823007	-0.23586528338031273
0.8536047918759901	-0.22164507316459037
0.8540655051461514	-0.21986312126238505
0.8545224984876956	-0.21808021173443354
0.8554253174393064	-0.2145115508676657
0.8571862297055315	-0.20736307958507194
0.860528727648367	-0.19302328373455804
0.8664932438647928	-0.1641862890391827
0.866811524499645	-0.16249756972456664
0.86712651397194	-0.16080823342932438
0.8677466146574738	-0.15742773555597755
0.8689472702929151	-0.15065961841940456
0.871190147542097	-0.1370963383806014
0.8714556330678168	-0.1353985183307396
0.8717178097979463	-0.1337001841915732
0.8722322329022066	-0.13030199944060614
0.8732213306060924	-0.12349974472165753
0.8750403259191225	-0.10987314133647501
0.8752527583055748	-0.10816787069306803
0.8754618674792812	-0.10646218935133059
0.8758701130252441	-0.10304962047933645
0.8766466914758091	-0.09621983941114631
0.8768325166364294	-0.09451146459988272
0.8770150125861818	-0.09280273094175942
0.8773700140940789	-0.08938421303756577
0.8780400369385793	-0.08254315661935534
0.8781992097189246	-0.08083209276546893
0.8783550480992587	-0.07912072200339126
0.8786567193057696	-0.0756970857471479
0.8792200237325156	-0.06884641631620184
0.8793525054545176	-0.06713307919834824
0.8794816483976052	-0.06541948718554877
0.8797299159983651	-0.061991564501135556
0.8801863651276274	-0.055132946730645185
0.8802900789391926	-0.053451436772261045
0.880390580393395	-0.05176973175872341
0.8805819447744336	-0.0484057611144102
0.8806728070029425	-0.046723507759447024
0.8807604554774359	-0.04504108390091036
0.8809261098967166	-0.04167574923174235
0.8810041152369974	-0.03999285070190103
0.8810789056142516	-0.03830980623002139
0.8812188403997124	-0.03494330402774238
0.8812839842972685	-0.03325985858239358
0.8813459122104991	-0.03157629176506279
0.8814601191917697	-0.028208818589585308
0.8815123978430455	-0.02652492452003247
0.881561459676468	-0.024840933655640496
0.8816073045130012	-0.023156852141634213
0.8816499321853474	-0.021472686123569257
0.88168934253795	-0.01978844174730963
0.8817255354269923	-0.018104125159005283
0.8817585107203992	-0.016419742505069678
0.8817882682978372	-0.014735299932157369
0.8818148080507148	-0.013050803587141557
0.881838129882183	-0.011366259617091683
0.881858233707136	-0.00968167416925097
0.8818751194522104	-0.00799705339101401
0.881888787055787	-0.006312403429904315
0.8818992364679898	-0.004627730433551895
0.8819064676506869	-0.00294304054967082
0.8819104805774901	-0.0012583399260367876
0.8819112752337556	0.0004263652895353154
0.8819088516165833	0.0021110689492138445
0.8819032097348177	0.0037957649051728326
0.881894349609047	0.005480447009614425
0.8818822712716036	0.007165109114791316
0.8818669747665638	0.008849745073029176
0.881848460149748	0.0105343487367491
0.8818267274887194	0.012218913958490021
0.8818017768627849	0.013903434590931163
0.8817736083629947	0.015587904486914462
0.8817422220921411	0.017272317499467008
0.8817076181647591	0.018956667481823456
0.8816697967071254	0.020640948287448484
0.8816287578572584	0.022325153770059204
0.8815370285916004	0.02569331418250295
0.8814863385105485	0.027377256821234257
0.8814324317067392	0.029061099554792677
0.8813149687294544	0.03242846072804077
0.881251412984625	0.0341119668795453
0.8811846413743293	0.03579534854955153
0.8810414515437263	0.039161713873538694
0.8809650338459478	0.04084468524296858
0.8808854013277586	0.04252750756184283
0.8807164930042601	0.045892680484648465
0.8803401120844053	0.052620967560525624
0.8802291710428232	0.054445253393233854
0.8801144496268525	0.05626930539656187
0.8798736676587838	0.059916676580641634
0.879346761996366	0.06720826837745168
0.8792055926642367	0.06903046428727956
0.8790606473537439	0.07085236372772447
0.8787594313039042	0.07449524190327761
0.8781117159403062	0.08177709642778955
0.8779403571192264	0.0835967015686279
0.877765227753668	0.08541594768156766
0.8774036604138615	0.0890533315724139
0.8766353133791831	0.0963234473447174
0.8749179601148503	0.11084332293944568
0.8746863718990693	0.1126562469898236
0.8744510271139003	0.11446868720848488
0.8739690718945264	0.11809208501677487
0.8729601281765206	0.1253327323001531
0.8707623556910239	0.13978769288892307
0.8704707926790423	0.1415919427951643
0.87017549120258	0.14339558459777546
0.8695736779452621	0.14700101290990691
0.868325246734899	0.1542042316363782
0.865649471168358	0.1685783860337124
0.865321832417554	0.17025218211029147
0.864990957263703	0.17192534142415378
0.8643195027090047	0.17526972473490082
0.8629378120239627	0.18195057502268341
0.8600195977970962	0.1952792118396371
0.8596403318661069	0.19694207016510887
0.8592578507815353	0.1986041919046168
0.8584832488857579	0.20192620076241452
0.8568955269992526	0.20856110610672868
0.8535663474163004	0.22179307863453399
0.8531358174117909	0.22344340719946185
0.8527020965813302	0.22509290006038143
0.8518250889431467	0.2283893539961731
0.8500328559294907	0.23497196218302868
0.8462958983247139	0.24809460221970722
0.8382152112016584	0.27415860169242945
0.8376387257101474	0.2759149223265562
0.8370585601870936	0.27767003077267627
0.8358871992579712	0.28117658026310444
0.833500430253089	0.28817479407419494
0.8285512962712579	0.30210996113833666
0.8179556008467476	0.32972157074602404
0.8172626982989756	0.3314353046084057
0.8165662052384729	0.333147582362876
0.8151624598347587	0.3365677394640408
0.8123120185667322	0.34339024980891647
0.8064400407411404	0.35696237877571496
0.7940175662380621	0.38380175048737575
0.7932261118196227	0.38543483846081256
0.7924312985676308	0.38706629435047357
0.7908316090394151	0.3903242822524866
0.787592073015896	0.3968203695556878
0.7809531460233257	0.40973145215867834
0.7670422445517064	0.4352170426865995
0.7661450467213298	0.43679451296480415
0.7652446047293573	0.4383701336820277
0.7634340035256575	0.4415157997541826
0.7597740398619335	0.44778464413562263
0.7522999399587134	0.46023089803913136
0.7367422115442379	0.48474590550173247
0.7358104715643284	0.4861590574164691
0.7348760210085022	0.4875704184202529
0.7329990019483741	0.4903877469049125
0.7292125890468864	0.496000684623848
0.7215110485521307	0.5071385274153345
0.7055995164850863	0.5290529288339697
0.7045827944683775	0.5304062263123627
0.703563476912154	0.5317575698822443
0.7015170702105449	0.5344543753913916
0.6973932761902298	0.5398243209567783
0.6890226195684385	0.5504684449583246
0.6717959894519633	0.5713648814269624
0.6706052881901782	0.5727619283988393
0.669411681676467	0.5741564940039201
0.667015773589996	0.5769381569578567
0.6621893227602852	0.5824714413549079
0.6523990575832994	0.5934165053621376
0.6322786397135013	0.6148100527267211
0.6309975967254534	0.6161247536810148
0.6297138200772101	0.617436785408479
0.6271380880586914	0.6200528184581361
0.6219540656039091	0.625252604513214
0.6114570486287332	0.6355217988818544
0.5899573746898655	0.6555287752805598
0.588682588484522	0.6566738072947268
0.5874055799227873	0.6578163602764552
0.5848449150220347	0.6600940118988038
0.5796971296224218	0.6646193775984223
0.569296827486452	0.6735494053042063
0.5480861362530518	0.6909191460793297
0.5467426666604248	0.6919827567395279
0.5453971330402836	0.693043755071228
0.542699894043517	0.6951578987373621
0.537280871740657	0.6993546625521194
0.5263457980916871	0.7076212122336455
0.5040968219324486	0.7236394636069776
0.5027175877027014	0.7245983067784287
0.5013365296612807	0.7255545211760264
0.49856896219140834	0.7274590497829904
0.49301216240794776	0.7312364097127743
0.48181303457973945	0.7386635762516329
0.4590818009071184	0.7530017126459049
0.457646721905158	0.7538747622126981
0.4562099826043458	0.7547450767934373
0.453331543961586	0.756477488377013
0.4475549728346515	0.7599093534512938
0.4359242307769675	0.7666405573626393
0.41236182997843973	0.7795674443873484
0.41074974174780793	0.7804180474757731
0.40913589893657837	0.7812653168886655
0.4059029771549021	0.7829498402251425
0.39941638244912164	0.7862787245010805
0.38636174259017686	0.7927750519753198
0.3599391902526741	0.8051158043983725
0.3582744107190778	0.8058580059760445
0.3566081007613188	0.8065967652074946
0.35327091805141486	0.8080639440235529
0.3465785011634692	0.8109568556360273
0.33312306454861584	0.8165762077341758
0.30594268741114256	0.8271437306728723
0.30434709264395504	0.827732158594168
0.3027503661460733	0.828317508549836
0.29955354171246157	0.829478965869123
0.2931465736066677	0.8317648499152026
0.28028069598184113	0.8361880234921593
0.2543519125715029	0.8444363704525093
0.25272306739444866	0.8449252809441378
0.25109328245335744	0.8454110495366071
0.24783091752430095	0.8463731538103345
0.24129517738851802	0.8482595808718183
0.22818101812173772	0.8518809201647355
0.2017929240334231	0.8585145863535635
0.1999978050422424	0.8589345476519583
0.19820181206710086	0.8593507554340699
0.19460723556244702	0.8601719031905956
0.1874079403282655	0.861769077580361
0.17297054395950362	0.8647825565390079
0.17116238509379103	0.8651422525231292
0.16935347825397365	0.865498167863497
0.16573345227471606	0.866198650408146
0.15848477265572997	0.8675541804452622
0.14395467767462927	0.8700831741548521
0.1421355015551143	0.8703822024659427
0.14031570430803963	0.8706774272348674
0.1366742782437118	0.8712564610023559
0.12938432266995648	0.8723688303802616
0.12756040034633329	0.8726373951620869
0.125735920587873	0.8729021465466271
0.12208532066051245	0.8734202045127013
0.114777782555048	0.8744105098885393
0.11294962412644624	0.8746485360311784
0.11112097211162812	0.8748827399879117
0.10746221929006704	0.8753396772665127
0.1001391423631855	0.8762076416800727
0.0854724961051281	0.8777597231482817
0.08375894376822027	0.8779248934337271
0.08204507228303169	0.8780867185454186
0.07861639799059084	0.8784003307938666
0.07175550704221353	0.8789873869293597
0.07003958443513314	0.8791257792739006
0.0683233949549056	0.8792608218689294
0.06489024153291588	0.8795208557649948
0.05802102000231169	0.8800007047779452
0.056303145562270604	0.8801122854338432
0.05458505658929409	0.8802205125813262
0.05114826123119282	0.8804269047143066
0.04942956794135412	0.8805250689133842
0.04771068630910226	0.8806198780312102
0.04427238421599835	0.8807994295908803
0.04255297685617352	0.8808841713485759
0.04083340735594003	0.8809655566567248
0.03739380814327053	0.8811182566967577
0.03567379153680418	0.8811895708468058
0.03395363900181853	0.8812575273836378
0.030512952364099132	0.8813833665947045
0.028792431371478477	0.8814412487894515
0.027071800670514744	0.8814957724120093
0.025351066817359116	0.8815469372546256
0.023630236368555806	0.8815947431223461
0.02190931588101786	0.8816391898330149
0.020188311912001423	0.8816802772172762
0.01846723101907993	0.8817180051185736
0.016746079760119922	0.8817523733931522
0.015024864693256854	0.8817833819100576
0.013303592376869294	0.8818110305511375
0.011582269369553174	0.881835319211042
0.009860902230097572	0.8818562477972233
0.008139497517460506	0.8818738162299368
0.006418061790743161	0.8818880244422413
0.004696601609164113	0.8818988723799991
0.0029751235320351174	0.8819063600018758
0.0012536341187369023	0.8819104872793414
-0.000467860071306612	0.8819112541966696
-0.002189352478654086	0.8819086607509381
-0.003910836543870973	0.881902706952029
-0.005632305707553731	0.8818933928226278
-0.0073537534103555935	0.8818807183982247
-0.009075173093012355	0.8818646837271129
-0.010796558196366572	0.8818452888703899
-0.012517902161391778	0.8818225339019563
-0.014239198429218251	0.8817964189085157
-0.01596044044115881	0.8817669439895744
-0.01768162163873298	0.8817341092574416
-0.019402735463690864	0.8816979148372276
-0.02112377535804062	0.8816583608668452
-0.02456560712437898	0.8815691748912275
-0.026252654764281264	0.8815205484216556
-0.027939606256530407	0.8814686934735794
-0.03131319608529899	0.8813552989133909
-0.032999822066391654	0.8812937597165746
-0.034686327189024424	0.8812289928718443
-0.038058950152766745	0.8810897771992695
-0.03974505564199095	0.8810153288812881
-0.04143101556902962	0.880937653935117
-0.044802474038484544	0.8807726253079281
-0.051543372584839056	0.8804038618238619
-0.05322814071893683	0.8803036091073319
-0.05491271391043386	0.8802001323692129
-0.05828125078805724	0.8799835083559059
-0.06501571382135254	0.8795115895359703
-0.06669874970933579	0.8793855559190181
-0.06838154131999646	0.8792563016427524
-0.07174636705805992	0.8789881330175962
-0.07847281609476166	0.878413169474335
-0.08015372525166295	0.8782613844978441
-0.08183434085377454	0.8781063829792022
-0.08519466677439838	0.8777867325979518
-0.09191152520936559	0.8771088590964505
-0.09358991364869831	0.8769313583371382
-0.09526795932458124	0.8767506459067589
-0.09862299780459464	0.876379588691923
-0.10532869128061619	0.8755989641182211
-0.10700416560672302	0.8753957891802988
-0.10867924804105888	0.8751894081951741
-0.1120282126966072	0.8747670311184532
-0.11872116947341543	0.8738838384423033
-0.1320858207392311	0.8719638840751565
-0.13389558481652153	0.8716878177067928
-0.1357047719277989	0.8714079951709264
-0.13932138407114944	0.8708370864359696
-0.14654734191585647	0.8696502490939597
-0.16096844907089441	0.8670967867403846
-0.16276804765354605	0.8667607754362457
-0.16456694485659978	0.8664210291955949
-0.16816260412064304	0.8657303377768121
-0.17534516523056723	0.8643042011942637
-0.18967352566300336	0.8612732625795109
-0.19146097375420082	0.8608776769674553
-0.1932475968258522	0.8604783817695957
-0.19681833711933971	0.859668669514812
-0.20394957897160812	0.8580048067517413
-0.21816938818475778	0.8544997350677633
-0.24642460507307776	0.8467836755549595
-0.2480646903470951	0.8463046665207448
-0.24970384451719346	0.8458224809054926
-0.25297933493907376	0.8448485871832733
-0.25951887206194324	0.8428627611986934
-0.27255079807953125	0.8387393764680419
-0.29841512094219214	0.82988920631904
-0.30002237751740213	0.8293095032378409
-0.3016285079669591	0.8287266873664774
-0.30483736637909953	0.8275517260152647
-0.3112413047246235	0.8251645468663223
-0.32399272290298164	0.8202416684597905
-0.34925902868877484	0.8098060323627891
-0.35095842946906675	0.8090709857338818
-0.3526562832892959	0.8083323728692109
-0.3560473201211117	0.8068444614709602
-0.3628105014365273	0.8038259881461688
-0.3762596276368098	0.7976191897029549
-0.40283569468280767	0.7845323972030785
-0.40448191592640986	0.7836849232059334
-0.40612635428828747	0.7828339948701087
-0.4094098533812352	0.7811217902005708
-0.41595513858811795	0.7776560948477989
-0.4289572441799883	0.7705604206272854
-0.4545948033115054	0.7557190244885745
-0.456151536293869	0.754780401910736
-0.4577063312672019	0.7538385725669041
-0.46081008077218333	0.7519453096007203
-0.4669940335774756	0.7481204794515578
-0.47926628590456016	0.740318516833827
-0.5034165446359904	0.7241128791552799
-0.5049080268749409	0.7230736916587708
-0.5063973639576489	0.7220314321056484
-0.5093695773530429	0.7199377145552048
-0.5152879844680521	0.7157136104858154
-0.5270193150021457	0.7071197358202203
-0.5500489279178499	0.6893575676441169
-0.5513733880701631	0.6882986750676034
-0.5526958097659431	0.6872372378145392
-0.5553345182392048	0.6851067449849108
-0.5605872590957109	0.680815396499923
-0.5709929515231702	0.6721121398119868
-0.5913966038628289	0.6542306444300063
-0.5926534465437828	0.6530923146627623
-0.593908098153647	0.6519515703787416
-0.5964108096141705	0.6496628551388471
-0.6013897361323977	0.6450566366191376
-0.6112405755085569	0.6357300040298217
-0.6305060866977591	0.6166277270840705
-0.6317903006769648	0.6153118681955512
-0.6330717684797622	0.6139933347567347
-0.6356264432876824	0.611348267164666
-0.6407025945048457	0.6060262903262105
-0.6507208718126375	0.5952562693153178
-0.6702116377574682	0.573222504605534
-0.6714052715050778	0.5718239594201889
-0.6725959868835459	0.5704229287116166
-0.6749686418432358	0.5676134350947719
-0.6796787044577524	0.5619648902542048
-0.6889566982935055	0.5505509486399064
-0.7069351968849293	0.5272668267367626
-0.7079601405203095	0.5258898350474674
-0.7089824020098158	0.5245108509956501
-0.7110188630698068	0.5217469267094041
-0.7150594297145928	0.5161954001616348
-0.7230102873097705	0.5049988154600289
-0.7383842081557552	0.4822410603816182
-0.7393214531598647	0.4808029409949308
-0.7402558972040448	0.4793630000598958
-0.742116368262472	0.47647767537284286
-0.7458035438043228	0.47068540791138047
-0.75304204991773	0.459015631789912
-0.7669695975382946	0.43534505351931535
-0.7677989072980802	0.4338807637170183
-0.7686254214554663	0.43241489412853934
-0.7702700509356769	0.42947843694804855
-0.7735256309375566	0.42358680037796764
-0.7799014147425721	0.41172984158829634
-0.7921063330904499	0.3877308812176177
-0.7928447418440637	0.3862187132985778
-0.793580263801875	0.38470513913377297
-0.7950426366282902	0.3816737941160299
-0.797932623601399	0.3755944719566264
-0.8035729771170018	0.3633705403842029
-0.8142906594580656	0.3386715238858114
-0.8149900482086702	0.3369850152345333
-0.8156859439708358	0.33529706228983813
-0.8170672446145998	0.3319168524641299
-0.8197877998128756	0.3251394200181727
-0.8250600779470797	0.311518132617907
-0.8349243250283119	0.2840229755632578
-0.8355105335620837	0.2822938672351762
-0.8360931611580997	0.2805635490159848
-0.837247663563825	0.2770993125734982
-0.8395135882794222	0.27015664764354347
-0.8438725786602457	0.25621621759189395
-0.8518950217355529	0.22812836543045448
-0.8523341315200571	0.2264822452594002
-0.8527700605031241	0.2248352798857136
-0.853632369569499	0.2215388381186279
-0.8553187473004948	0.21493608279695953
-0.8585381927308584	0.20169246588363338
-0.858926221134219	0.20003356173372422
-0.8593110441353112	0.1983739110842713
-0.8600710681982175	0.19505239506390654
-0.8615525891100876	0.18840067773098296
-0.8643612164945356	0.17506389288450036
-0.8646977928396838	0.1733937894792322
-0.8650311422437996	0.17172303899062694
-0.8656881552649127	0.16837962170589837
-0.8669634040854132	0.16168529663646553
-0.8693585303889988	0.1482680842651896
-0.8696433331501597	0.146588377026521
-0.8699248905141672	0.14490812273886924
-0.8704782648598945	0.14154599810060484
-0.8715460233650735	0.13481546027186908
-0.8735253605635437	0.12133063761523764
-0.8737849761799166	0.11944661809382344
-0.8740405283477484	0.11756204309800809
-0.8745394376030128	0.11379126174181939
-0.8754884437073394	0.10624341912179805
-0.8757155195185358	0.10435520133740349
-0.8759385229033949	0.10246649825971306
-0.8763723082648254	0.09868767135955243
-0.8771909655106913	0.09112458064765092
-0.8773854339348053	0.08923272656835277
-0.8775758221668141	0.08734045752129617
-0.8779443545319695	0.08355470972502106
-0.8786324192720362	0.07597862183507834
-0.8787942224317153	0.07408369451118112
-0.8789519388478608	0.07218842266856483
-0.8792551085347828	0.06839688068381726
-0.879812375988425	0.060810050397869714
-0.8799414657280954	0.058912613794331985
-0.8800664633890937	0.057014903223649285
-0.8803041801689498	0.05321869548252832
-0.8804168981823302	0.05132021596596894
-0.8805255219060875	0.04942149778994293
-0.8807304844832019	0.045623380779744656
-0.8808268223834012	0.04372399960833128
-0.8809190640876667	0.04182441510288577
-0.8810912572116045	0.03802467142610435
-0.8811712078305103	0.03612452992509198
-0.8812470606519525	0.03422422043061123
-0.8813864715105214	0.03042313281077293
-0.881450028899332	0.028522372361988804
-0.88150948719405	0.02662147927280055
-0.8815648461181707	0.02472046238311857
-0.881616105414253	0.022819330533430576
-0.8816632648439207	0.02091809256475691
-0.8817063241878637	0.019016757318611813
-0.8817452832458388	0.017115333636962684
-0.8817801418366711	0.015213830362187403
-0.8818108997982539	0.01331225633703516
-0.8818375569875506	0.011410620404582988
-0.8818601132805948	0.009508931408195817
-0.8818785685724904	0.007607198191486912
-0.881892922777413	0.00570542959827322
-0.8819031758286101	0.003803634472536593
-0.8819093276784008	0.001901821658383056
-0.8819113782981763	1.0800299465644922e-16