-0.45118846742524743	-5.525465124445291e-17
-0.4511876296874628	-0.0008694564695820638
-0.45118511647721987	-0.001738909710462147
-0.4511809278038512	-0.0026083564939505706
-0.45117506368291155	-0.003477793591380777
-0.45116752413617706	-0.004347217774123381
-0.45115830919164557	-0.0052166258135963525
-0.4511474188835366	-0.006086014481277211
-0.45113485325229097	-0.00695538054871581
-0.4511206123445708	-0.007824720787546533
-0.4511046962132592	-0.008694031969498472
-0.45108710491746046	-0.009563310866409427
-0.4510678385224992	-0.010432554250237083
-0.45104689709992074	-0.0113017588930702
-0.45102428072749035	-0.012170921567142605
-0.4509740234752346	-0.013909108098729028
-0.4509463827820381	-0.01477812550153629
-0.45091706751224675	-0.015647088026194297
-0.45085341368454346	-0.01738483553380602
-0.4508190753630082	-0.018253614063684084
-0.4507830629376306	-0.019122324809283952
-0.4507060163164891	-0.020859530044183797
-0.4506649824068357	-0.021728018082421034
-0.45062227496555984	-0.02259642543427955
-0.45053184012872605	-0.024332985179949012
-0.4503308954699794	-0.027804994564826685
-0.45027647809588756	-0.02867274683575422
-0.45022038863287295	-0.02954039263124991
-0.45010319427943046	-0.031275351908441516
-0.4498487500860069	-0.03474385101857409
-0.44978096218017644	-0.035610661294312514
-0.44971150402550747	-0.03647733933087104
-0.44956757800757924	-0.038210285813413035
-0.44925969475006244	-0.04167445033379902
-0.449178552422801	-0.04254011261034159
-0.4490957420837327	-0.043405616915383444
-0.4489251186064235	-0.04513613875546049
-0.44856386945559423	-0.048595145401245175
-0.4477614395707372	-0.05550429146547673
-0.4476445068975057	-0.05643960118598059
-0.44752562049796696	-0.0573746645781328
-0.44728198860399204	-0.059244036054289004
-0.4467713035018749	-0.06297964357456434
-0.4456563757166895	-0.07043740427222223
-0.44550825045700476	-0.07136828365795458
-0.44535818079461753	-0.07229885155970547
-0.4450522108901106	-0.07415903666693675
-0.4444169676357016	-0.07787549046414625
-0.4430534254491442	-0.0852918245514959
-0.4428742730882509	-0.08621723362586486
-0.4426931878205424	-0.08714226640861208
-0.4423252217344701	-0.08899118695182924
-0.4415661300202653	-0.09268433501120747
-0.4399554967789453	-0.10005095697460861
-0.43636605070582035	-0.11469831266827332
-0.436141480207215	-0.1155493071385678
-0.435915250113757	-0.11639986192347601
-0.43545781459197586	-0.11809963949277706
-0.43452306671007523	-0.12149377611390254
-0.43257426489196144	-0.1282596526220258
-0.4283611317809647	-0.14169606175499208
-0.42808391240921545	-0.14253138978471624
-0.42780506410307273	-0.14336617545749558
-0.4272424849380684	-0.14503410702827094
-0.42609782649706807	-0.14836332225997786
-0.423730755158915	-0.1549944523845908
-0.41868764522633206	-0.1681418712646337
-0.4183653216512058	-0.16894227054596694
-0.41804146796565916	-0.16974205194547504
-0.4173891750066882	-0.17133974940094826
-0.41606628025381576	-0.17452760117900198
-0.4133475282226104	-0.18087248007865064
-0.4076204311021706	-0.19343375425613837
-0.4072497590545588	-0.19421294212164997
-0.40687759755008307	-0.19499141968152392
-0.40612881162048886	-0.1965462324982929
-0.40461342653287247	-0.19964720936409647
-0.4015117156309866	-0.2058139338057687
-0.39502710084997333	-0.2180014282788271
-0.3945740042621955	-0.21882044762325228
-0.3941192095839765	-0.21963852525102504
-0.39320453379254006	-0.22127184127795113
-0.3913548917322459	-0.22452701809534112
-0.38757489390405625	-0.23099076767871712
-0.3796957259326634	-0.24372564256969625
-0.37918929714508026	-0.24451280144025908
-0.37868123647674995	-0.24529890802444138
-0.3776602282508303	-0.24686795080583937
-0.37559872590505883	-0.24999326038123523
-0.37139827680048626	-0.2561920239335584
-0.36269168715994093	-0.2683761785304707
-0.3621714125641171	-0.26907787173763587
-0.36164978041679885	-0.26977855634209463
-0.36060245129383595	-0.27117688924099015
-0.3584915888018418	-0.27396133649819043
-0.3542054916136813	-0.279480773664762
-0.34537943391179193	-0.29031720542936085
-0.344816712416592	-0.2909853397952495
-0.3442526984216891	-0.2916523834411939
-0.34312080139413664	-0.2929831885760495
-0.3408415906880085	-0.29563160046722275
-0.3362219827061356	-0.30087507620721693
-0.3267419246225001	-0.31114425566210935
-0.3260883747387869	-0.3118291278853854
-0.32543338932158206	-0.312512627348418
-0.32411912342673066	-0.313875495963975
-0.32147349252796753	-0.31658462808452087
-0.3161144886085828	-0.32193580606897043
-0.30513082976280714	-0.3323645737225981
-0.30443280380879373	-0.3330040556850023
-0.30373343765525246	-0.33364207166912635
-0.30233069707070587	-0.33491369447409086
-0.29950926936846434	-0.3374392251945707
-0.29380332534151304	-0.3424188066619773
-0.2821447400734563	-0.3520871749814602
-0.28141887845995983	-0.35266761686307674
-0.28069182273644194	-0.35324656231368684
-0.27923414130449853	-0.3543999541019763
-0.2763045851993583	-0.35668867284419625
-0.27038939780977533	-0.36119330930903276
-0.2583403706718414	-0.3699071316137054
-0.25757785230124114	-0.37043850115967103
-0.2568142409823055	-0.37096829886962834
-0.2552837524646033	-0.3720231697960958
-0.2522098029242596	-0.3741139511518512
-0.24601074577419568	-0.378219177331303
-0.23341391500411993	-0.3861204182894153
-0.23267157174315087	-0.3865681994682379
-0.2319283694618856	-0.38701455344249613
-0.23043939881719894	-0.38790297319086314
-0.22745127022679648	-0.3896626140775637
-0.22143488268230824	-0.39311273938784524
-0.20924657792409687	-0.3997335397043866
-0.2084781222977963	-0.40013485934210813
-0.2077088969730879	-0.40053470168734034
-0.2061681485911558	-0.4013299486009469
-0.20307754059415747	-0.40290265033103456
-0.19686051958415496	-0.4059765620902272
-0.18428841340899718	-0.4118359064248018
-0.18342993475086142	-0.4122189857040045
-0.18257065979320625	-0.4126002754727836
-0.18084973590379388	-0.4133574798658802
-0.1773984968915255	-0.414850342217734
-0.17045929406980007	-0.4177495208887366
-0.15644075429587542	-0.4231989172161019
-0.15555866073901847	-0.4235239499799587
-0.1546758918764271	-0.4238471441566823
-0.15290834356593555	-0.42448801114456153
-0.1493653120892833	-0.42574762087651713
-0.1422483719875817	-0.42817803984373853
-0.12789791822528937	-0.43268135579336064
-0.12705606681031173	-0.43292931180995026
-0.12621373468807545	-0.4331756298704161
-0.124527641071239	-0.4336633484014717
-0.12114982569449657	-0.43461908940097954
-0.11437239861479587	-0.43645158674547374
-0.11352323930159933	-0.43667322711155004
-0.11267365048159901	-0.436893215356675
-0.11097319718022612	-0.4373282321610877
-0.10756727803490541	-0.43817840411606884
-0.10073611170909412	-0.4397991233907549
-0.09988046689085615	-0.43999423345222166
-0.09902444418223783	-0.4401876788279545
-0.09731127805007198	-0.44056957260097424
-0.09388055369820374	-0.44131335213752854
-0.08700226396914412	-0.44272072370941357
-0.0861409623201196	-0.4428891145062241
-0.08527933476311689	-0.4430558296647318
-0.08355511496601445	-0.4433842305501625
-0.08010290799295734	-0.4440208973332397
-0.07318415634155026	-0.4452135581921547
-0.07233507334843316	-0.44535229908603857
-0.07148572734261298	-0.4454894206643309
-0.06978625864680772	-0.4457588038857162
-0.06638430104844915	-0.4462781169986407
-0.06553320047684438	-0.44640388973753947
-0.06468186162436938	-0.4465280393372285
-0.06297848145964875	-0.44677146731923273
-0.05956899801825672	-0.4472388261462152
-0.05871607792068043	-0.4473516014626036
-0.057862944329515484	-0.4474627501938714
-0.056156049075272545	-0.4476801662903988
-0.05273983318330572	-0.4480954620762641
-0.0458983957015937	-0.448847825448184
-0.04504243235706448	-0.44893453022117025
-0.044186305236771334	-0.4490196026534548
-0.042473572121102796	-0.4491848492645506
-0.039046277586983306	-0.44949574118576896
-0.0381890912296413	-0.44956937890452203
-0.037331766015509076	-0.44964138197424275
-0.0356167114864174	-0.44978048312530955
-0.032185073338738476	-0.45003905851795084
-0.03132686343727277	-0.4500996120468513
-0.03046853963030216	-0.45015852899877423
-0.028751562783824083	-0.4502714523207433
-0.02789291598730085	-0.45032545828019643
-0.027034167771218656	-0.45037782684148775
-0.025316379570481534	-0.4504776510138842
-0.02445734583176094	-0.45052510626202535
-0.023598223165327555	-0.45057092338607796
-0.021879723544826653	-0.45065764260150465
-0.021020352839280318	-0.4506985443775648
-0.020160905703040237	-0.4507378073989098
-0.018441794638658263	-0.450811416612367
-0.017509058259789774	-0.45084860653704906
-0.01657624693387599	-0.45088386661659424
-0.015643364653790303	-0.45091719670007274
-0.014710415412709706	-0.4509485966448161
-0.01377740320409793	-0.45097806631641774
-0.012844332021688526	-0.4510056055887334
-0.01097802871165435	-0.4510548924722463
-0.010044804572689884	-0.45107663987247226
-0.009111537437214007	-0.45109645645147095
-0.008178231300051183	-0.451114342124418
-0.007244890156192822	-0.45113029681475425
-0.00631151800078018	-0.4511443204541861
-0.005378118829087252	-0.45115641298268583
-0.004444696636503682	-0.4511665743484916
-0.003511255418517548	-0.451174804508108
-0.0025777991706985724	-0.4511811034263061
-0.0016443318886808084	-0.45118547107612345
-0.0007108575681453403	-0.4511879074388645
0.00022261979519651765	-0.45118841250410047
0.0011560962056204273	-0.45118698626966947
0.0020895676674061296	-0.45118362874167645
0.0030230301848545474	-0.4511783399344931
0.003956479762304889	-0.45117111987075814
0.004889912404151755	-0.45116196858137686
0.0058233241148622356	-0.45115088610552107
0.006756710898993015	-0.451137872490629
0.007690068761207681	-0.451122927792405
0.008623393706293113	-0.4511060520748196
0.009556681739177394	-0.4510872454101087
0.010489928864946714	-0.45106650787877384
0.011423131088862256	-0.45104383956958133
0.01235628441637741	-0.4510192405795624
0.013289384853154866	-0.45099271101401217
0.014222428405083708	-0.4509642509864899
0.015155411078296615	-0.4509338606188178
0.01608832887918676	-0.45090154004108113
0.017021177814424693	-0.4508672893916272
0.018886653116118913	-0.4507929984722644
0.019819271497459167	-0.45075295852035574
0.020751805042949514	-0.450710989132729
0.0226166016600233	-0.45062126277717457
0.026345001256292296	-0.45041866529524455
0.027276829206159908	-0.4503631953501547
0.028208540398305573	-0.4503057976377172
0.030071596557291098	-0.4501852199018078
0.03379613233895604	-0.44992094258488496
0.034726914588586996	-0.44985005784227766
0.035657548190609276	-0.4497772475287939
0.03751835351827455	-0.4496258514440883
0.04123800517075408	-0.4492999666893827
0.04210529581791757	-0.44921952005854465
0.04297242954785031	-0.449137399284783
0.044706213330149694	-0.44896813653891154
0.04817175573745993	-0.44860953521599833
0.04903770059574549	-0.44851570436031063
0.04990346270124376	-0.44842020198466653
0.05163442574854708	-0.44822418410340303
0.05509401689054921	-0.4478121061789279
0.055958409424021444	-0.44770491347792596
0.056822593412737564	-0.4475960522786079
0.0585503228741924	-0.44737332601404767
0.06200313760609055	-0.446907869772444
0.06889746999426932	-0.4458970416653741
0.06975813980045556	-0.4457632051539513
0.07061854963330817	-0.4456277073805348
0.07233857655375653	-0.4453517300737922
0.0757753696924251	-0.44477986294966176
0.08263519625724781	-0.4435566000828639
0.0962940901569409	-0.44079301416695627
0.09721627311624567	-0.44059054617516596
0.09813803037640563	-0.4403861488868414
0.09998025165608593	-0.4399715700091647
0.10365940835682552	-0.439119300642384
0.1109956767982573	-0.43732252728351456
0.11191056530455873	-0.437089302672529
0.1128249637670595	-0.4368541640965613
0.1146522745466296	-0.4363781491766377
0.11830083954796804	-0.43540319762237567
0.12557284938982277	-0.43336184953646356
0.12647941795287265	-0.4330981297256386
0.12738543267675184	-0.43283251342672985
0.12919578474009374	-0.4322955960253758
0.13280966839853597	-0.43119905509800743
0.14000926851078466	-0.42891542041365055
0.1542887525095817	-0.4239882238772447
0.15515943164289636	-0.423670371762998
0.15602945597112314	-0.42335073167162346
0.15776752552835774	-0.42270609296082134
0.16123564561474477	-0.42139541967223615
0.16813899101436452	-0.4186888019020989
0.1818075929376399	-0.41293708030130327
0.18265551149077325	-0.412562719182899
0.1835026591996403	-0.41218661696397213
0.1851946277872857	-0.4114291955808098
0.18856915774505337	-0.4098935299377934
0.1952797924115247	-0.4067392725238803
0.208541035737064	-0.400102073915215
0.20930719682062776	-0.3997018019682105
0.2100725896288	-0.3993000628902948
0.21160105918410804	-0.39849218924554486
0.2146486555656204	-0.3968589016280411
0.22070585194629339	-0.3935225026020804
0.23266329492179053	-0.3865731810843575
0.23340349212568706	-0.38612671883861893
0.23414283260720622	-0.38567883929017593
0.2356189325510812	-0.3847788348662548
0.23856073257517924	-0.38296189106846834
0.24440212955766613	-0.3792606388820508
0.25591132615046114	-0.3715917467940533
0.25668292727553477	-0.37105917046046183
0.25745342006122185	-0.3705249919186608
0.2589910673114953	-0.369451837443524
0.2620529156766583	-0.36728640394507633
0.2681220891401388	-0.36287956466666876
0.2800364996990438	-0.35376629570077894
0.2807710081239094	-0.35318362665138814
0.28150430419869715	-0.3525994325791676
0.2829672466379972	-0.3514264794628521
0.285878444349887	-0.34906238438656223
0.29164138895868935	-0.3442620126935152
0.3029239301611161	-0.3343772206255785
0.3035718915371937	-0.3337890648389696
0.30421871095492903	-0.33319965342488717
0.305508914187013	-0.3320170725878654
0.3080755103807045	-0.32963694125691073
0.3131529224789685	-0.3248173029264678
0.3230803709834091	-0.31494460945183095
0.3236906045197289	-0.31431739640560147
0.32429962041635135	-0.3136890009792406
0.32551399013125637	-0.3124286724460031
0.32792801739044486	-0.30989393112469255
0.33269671625325864	-0.30476864689767924
0.3419926984374488	-0.294299213986405
0.3426104456840661	-0.293579828403978
0.34322667969772336	-0.2928591461457538
0.34445459714578736	-0.29141390433999015
0.3468921539379473	-0.28850800105687713
0.3516935544770827	-0.2826352364388042
0.36099678998202717	-0.27065171486657114
0.36156479741329256	-0.26989244229697923
0.362131207894507	-0.26913197767342495
0.36325922800701904	-0.267607485704881
0.36549599523024934	-0.26454434525839543
0.36989188682526863	-0.2583621976961533
0.3783687883164927	-0.2457805793089696
0.3788751133746354	-0.24499935020913982
0.3793798254086524	-0.24421707804828882
0.3803844018161351	-0.24264941786974192
0.3823741042572677	-0.23950172761588953
0.3862752355993364	-0.2331576194341946
0.39376072143452884	-0.2202805651729243
0.394214398363512	-0.21946763146404494
0.39466639696284816	-0.21865376339296586
0.39556535148237226	-0.21702323802802972
0.39734303637442653	-0.21375112767490775
0.40081708816487854	-0.20716344989541843
0.4074366457857459	-0.19382056858962163
0.4078089768855467	-0.19303593320702556
0.4081797969480088	-0.19225058257655783
0.40891689847058543	-0.19067774721435238
0.41037290898812706	-0.18752362172847967
0.41321185969197727	-0.18118220703877425
0.41859515401677244	-0.16837199936811975
0.4189184783990678	-0.1675659320785503
0.41924025058045883	-0.16675924391402613
0.41987913357728823	-0.1651440169183531
0.4211382210870251	-0.16190624409577145
0.42358142286007294	-0.15540209569172356
0.4281659368890871	-0.1422847975907258
0.42846195214626626	-0.14139090741824312
0.42875610121418056	-0.1404964014099966
0.4293387956656198	-0.13870555747315516
0.4304817344705817	-0.1351166511749873
0.43267753565771194	-0.12791084111486786
0.4329435427096913	-0.1270075665601276
0.4332076640525952	-0.12610373881704454
0.4337302450178154	-0.12429443951492523
0.4347527283728819	-0.12066937602340837
0.436706734157998	-0.11339427445245737
0.4369424364285455	-0.11248262259313678
0.43717623557261903	-0.11157048080965438
0.4376381204163386	-0.10974474336385283
0.43853900833571385	-0.10608756433000167
0.4402490401612587	-0.09875128239488326
0.4433005042843492	-0.0839981906875696
0.4434633375977454	-0.08313423689558731
0.44362448714265107	-0.08226996745449332
0.44394173248593627	-0.08054049475219877
0.4445559914572919	-0.07707790602350173
0.4457034540862854	-0.07013889187246988
0.4458392772658256	-0.06927028211744073
0.4459734076557634	-0.06840140935280406
0.4462365880361631	-0.06666288799164946
0.4467426133445237	-0.06318283437492325
0.4476732167222956	-0.05621142381274601
0.447781897759	-0.05533900231204061
0.4478888786302427	-0.05446637069685562
0.4480977382580339	-0.05272049037687458
0.4484950380883434	-0.04922635419852854
0.44859010678968064	-0.04835234459637404
0.4486834722568991	-0.04747815140710562
0.4488650920774652	-0.04572922754467031
0.4492078777448113	-0.04222932286393216
0.4492893110096348	-0.04135393753962498
0.44936903838555853	-0.040478395200180144
0.44952337426632993	-0.03872685277371007
0.4498115624757709	-0.035222030047247305
0.44987934051626666	-0.034345481714376395
0.4499454104276028	-0.03346880297649789
0.4500724248658498	-0.031715067600708566
0.45030594558931164	-0.02820617848024543
0.45035900588181094	-0.027345913016217
0.45041042272278997	-0.0264855477613956
0.45050832530566315	-0.0247645304383171
0.45055481069029085	-0.0239038846504019
0.45059965190886675	-0.023043151632354614
0.4506844011993246	-0.021321436470129334
0.45072430896193927	-0.0204604606088398
0.45076257193996844	-0.019599410083172175
0.45083416298975554	-0.017877097607556926
0.45086749080026317	-0.01701584194267749
0.45089917330368573	-0.016154524183533376
0.4509576019328165	-0.014431714955160302
0.4509843478453067	-0.013570229772812269
0.45100944802427684	-0.012708695069938481
0.4510329023781311	-0.01184711399045412
0.4510547108212798	-0.010985489678443606
0.4510748732741396	-0.01012382527814913
0.45109338966313345	-0.00926212393395917
0.45111025992069137	-0.008400388790397013
0.4511254839852504	-0.0075386229921093
0.45113906180125474	-0.006676829683854525
0.45115099331915626	-0.005815012010491577
0.4511612784954145	-0.004953173116968259
0.45116991729249656	-0.004091316148309808
0.45117690967887775	-0.003229444249607424
0.45118225562904163	-0.002367560566006786
0.45118595512347953	-0.0015056682426965813
0.45118800814869137	-0.0006437704248970244
0.4511884146971852	0.0002181297421516198
0.4511871747674774	0.0010800291132005133
0.4511842883640928	0.0019419245430037234
0.45117975549756445	0.0028038128863296986
0.45117357618443366	0.0036656909979727492
0.45116575044725	0.004527555732764521
0.4511562783145713	0.005389403945585477
0.4511451598209631	0.006251232491376369
0.45113239500699914	0.0071130382251497195
0.4511179839192609	0.007974818002001298
0.45110192661033727	0.008836568677121598
0.45108422313882457	0.009698287105807302
0.4510648735693265	0.010559970143472777
0.45104387797245354	0.01142161464566153
0.45099694900905807	0.013144775466497517
0.4509710158137889	0.01400628549698079
0.45094343693365085	0.014867744415682364
0.4508833425273368	0.016590496343383887
0.4508508272204576	0.017451783065712
0.4508166666673021	0.018313006102937703
0.45074341032680065	0.020035248551214333
0.45070431480678214	0.020896261677452635
0.45066357457514084	0.02175719854898618
0.450577160577669	0.02347883096129447
0.4503846029867633	0.026921042513230846
0.45032784522202896	0.027854352536505006
0.45026915340658535	0.02878754293197722
0.4501459686401453	0.03065354880872594
0.4498764021461028	0.03438394872061019
0.4498041794985917	0.03531618953316247
0.4497300250493908	0.03624827867110227
0.44957592202811747	0.03811198591141071
0.44924454893392574	0.04183740420601095
0.4491568812546494	0.042768319573491774
0.4490672845536749	0.04369905126123864
0.44888230563410003	0.045559947609253915
0.44848921702048417	0.049279360323533125
0.44761061401520574	0.05670777158797622
0.447492132799606	0.05763526888983303
0.44737172971200573	0.058562518661953764
0.4471251599974653	0.06041625968880059
0.4466089814096305	0.06412059623705824
0.4454845945110352	0.07151579679261155
0.4453354300124574	0.07243885637669359
0.44518435290440317	0.07336160485316137
0.44487646346343757	0.07520615263266874
0.4442377623667621	0.07889134062060123
0.44286882767927543	0.08624520048981174
0.4427012067261025	0.08710151950911209
0.4425319300195663	0.08795751275872472
0.4421884118850519	0.08966850914406488
0.4414815348473128	0.09308645189502346
0.43998856782473145	0.0999054218803226
0.4397945342536034	0.10075614511383242
0.4395988558004009	0.10160649150778632
0.439202567181362	0.10330604105687502
0.4383902839720761	0.10670047823897535
0.43668706585880696	0.11346999448827692
0.43646680543616656	0.11431430745926363
0.43624491257753994	0.11515819288160997
0.43579623287804925	0.11684466845707861
0.43487932117172706	0.12021235025887082
0.4329674826173974	0.12692593168260471
0.42883337920461484	0.14026035083905422
0.4285384475234864	0.14115888966587847
0.4282416331273452	0.14205680833373613
0.42764236141431616	0.1438507694158463
0.4264212833378671	0.14743107628322472
0.42388929176672585	0.15456034893544704
0.41846850267438557	0.16868653001055348
0.41811401168323004	0.16956328131909743
0.41775768377515043	0.1704392876785307
0.4170395234781609	0.17218905015898076
0.4155812293016097	0.17567946661379213
0.4125771080927459	0.1826230079025374
0.4062217334251814	0.19635410978786363
0.40581682300574484	0.1971896024212929
0.40541019419713653	0.19802426007583918
0.4045917883069839	0.1996910563147491
0.40293443210364177	0.203014473776771
0.3995379374344085	0.20961982179222036
0.39242107913103214	0.22265832522315399
0.3919620700695479	0.22346536367933703
0.3915014012854039	0.2242714558946562
0.39057509235877225	0.22588078795346916
0.38870264413222333	0.2290879472651534
0.3848788725337386	0.23545548754425272
0.3769194926995756	0.24799743781063172
0.3764428117723089	0.24872041050645907
0.37596474410639286	0.24944246696695038
0.3750044556081296	0.2508838205456739
0.3730673155778489	0.25375541607043833
0.3691271847005858	0.25945356935791647
0.3609867978721826	0.2706650418867046
0.3604666398837443	0.27135739287601246
0.3599451540096199	0.27204874423995157
0.3588982062933885	0.2734284379082248
0.35678846108566276	0.2761757179291258
0.3525060084203881	0.28162128322459723
0.3436928135434238	0.2923119618766035
0.34308364725904855	0.2930266952360694
0.34247299463920217	0.29374015912094925
0.3412472409816038	0.2951632661087535
0.3387780144736493	0.29799411075864474
0.33376928587620797	0.30359363785038335
0.32347562063271407	0.3145386399058533
0.3228202352541984	0.31521124479936874
0.3221634513270481	0.3158824841085499
0.32084569921438555	0.31722085434784336
0.31819353800632305	0.31988108026040274
0.312823233100284	0.32513483044766056
0.30182393637577737	0.33537045869929305
0.30117175198578383	0.33595626046162186
0.3005184306316928	0.3365407939436288
0.29920838690100676	0.3377060472447021
0.29657476467745936	0.34002123771031295
0.29125393936897676	0.34458986627525184
0.28040248705060977	0.35347627698811157
0.2797151640367039	0.3540204233451276
0.27902678506022194	0.35456323322716393
0.27764686961840157	0.3556448353746275
0.2748744817935741	0.35779191214483547
0.2692800657986455	0.362021103391806
0.2578974238438054	0.37021608813269063
0.25719180353585447	0.3707066351328473
0.25648525016046175	0.37119583724453176
0.2550693544639607	0.37217019970825443
0.2522264792728881	0.37410270821145747
0.2464969723795091	0.377902468562034
0.23486760605562043	0.3852379015144349
0.23413341539716884	0.3856845562529051
0.23339837532491808	0.3861298117644275
0.23192575760871334	0.3870161186503321
0.22897044674883546	0.38877187096442856
0.2230201247401193	0.39221557477801056
0.2109655308582919	0.3988290083823175
0.21014078175534165	0.39926417943611897
0.20931513500377233	0.39969764497166616
0.2076611626661039	0.4005594520888322
0.2043426016449757	0.4022625191221602
0.19766380931312938	0.40558605945639503
0.18414595345143697	0.4118996248663074
0.18329424732217295	0.41227933738685185
0.18244175822338446	0.41265728879289615
0.1807344456867154	0.4134079018111039
0.1773105854289309	0.41488792394138607
0.17042674429229843	0.41776280108151215
0.15652118302336274	0.4231691770468527
0.15570487202505323	0.4234702185103521
0.15488798202997603	0.4237696852775401
0.1532524772022549	0.4243638902745095
0.14997465338499805	0.42553335530789266
0.14339243236997037	0.4277962639815442
0.13012719015063673	0.43201614266256716
0.12929386814437543	0.43226627071494766
0.12846006535205554	0.43251479136243326
0.1267910298131749	0.4330070067521519
0.1234473258448193	0.43397210841171185
0.11673808320802831	0.4358247962960105
0.10323785628845404	0.4392185995225021
0.1023194681075013	0.4394334529638607
0.10140063279377134	0.4396463860951962
0.09956163683103957	0.4400664877141496
0.09587845611335752	0.44088360685203815
0.08849224146466736	0.4424253115929315
0.08756718204536774	0.4426093331214074
0.08664173996030565	0.44279142046136616
0.08478972397115647	0.44314978940132493
0.08108127805626411	0.4438432825742734
0.07364763852355183	0.4451371232299636
0.07271694264464794	0.4452901069976275
0.0717859289950489	0.44544114486187886
0.06992296465913471	0.44573738024852816
0.06619340184380075	0.4463064717096187
0.06526027779284876	0.4464438702456825
0.06432686855658674	0.44657931783642557
0.06245921084523376	0.44684435782287124
0.05872065275471624	0.4473510009797716
0.05778536149993838	0.4474727758577777
0.05684981772499355	0.44759259529417883
0.05497798896887355	0.44782636575628504
0.05123148117139761	0.44827041891533315
0.04372798160184812	0.44906446838129155
0.04285132316227303	0.4491489699874486
0.04197450144549435	0.4492317601928272
0.04022038154481687	0.4493922051459426
0.036710329459828925	0.44969254479977133
0.03583245838302876	0.44976334673222546
0.03495445077313783	0.4498324349229298
0.03319803933654611	0.44996546903262774
0.029683725301071752	0.4502109612057375
0.028804855660760697	0.4502680461990461
0.027925876264765878	0.45032341552753896
0.026167601602896575	0.4504290063527166
0.025288313036609143	0.45047922744706664
0.02440892811378653	0.45052773207193314
0.022649882601837066	0.45061959118048406
0.021770228715234454	0.450662945314156
0.020890491877119603	0.4507045822783207
0.019130782754967043	0.4507827040700717
0.01825081717598214	0.450819188599989
0.01737078205556506	0.45085395536506234
0.015610516603543335	0.4509183350773331
0.014730292979111291	0.4509479477792233
0.013850013227566713	0.450975842225656
0.012969680703055916	0.45100201831034453
0.0120892987599263	0.4510264759335496
0.011208870752713958	0.45104921500207995
0.010328400036130505	0.45107023542929237
0.009447889965049897	0.45108953713509237
0.008567343894496034	0.45110712004593434
0.007686765179630395	0.45112298409482177
0.006806157175738838	0.4511371292213075
0.005925523238218424	0.4511495553714942
0.005044866722565029	0.4511602624980342
0.004164190984360957	0.45116925056012996
0.003283499379261761	0.4511765195235341
0.002402795262983046	0.45118206936054955
0.0015220819912880918	0.4511859000500297
0.000641362919975463	0.45118801157737826
-0.00023935859513417705	0.45118840393454984
-0.0011200791982112547	0.45118707712004924
-0.0020007955334296708	0.45118403113893224
-0.002881504244979188	0.45117926600280484
-0.003762201977078617	0.4511727817298238
-0.004642885373989004	0.45116457834469625
-0.0055235510800260195	0.4511546558786797
-0.006404195739572337	0.45114301436958193
-0.007284815997090825	0.45112965386176074
-0.008165408497137738	0.45111457440612407
-0.009045969884375085	0.4510977760601293
-0.009926496803582834	0.4510792588877835
-0.01080698589967298	0.4510590229596431
-0.012567837202880332	0.45101339515094835
-0.0134309357611388	0.4509885177054109
-0.014293985129973773	0.4509619885607296
-0.01601992365624695	0.45090397556862544
-0.0168828064926123	0.4508724919336692
-0.017745627497432397	0.4508393570245015
-0.019471071372700786	0.45076813387499204
-0.020333687923888035	0.45073004589549776
-0.021196230005030986	0.450690307163486
-0.02292107812158055	0.45060587803011176
-0.026369741739083467	0.4504172175418671
-0.02723167409543578	0.4503659279558163
-0.028093506718577455	0.45031298895079275
-0.0298168601401119	0.45020216346540204
-0.033262231330115036	0.44996072840247453
-0.0341232774642359	0.4498962492315782
-0.034984198625356636	0.4498301223618591
-0.0367056534169248	0.449692926500718
-0.04014692462258713	0.44939877345281204
-0.04100688271480139	0.4493211198102734
-0.04186669062351772	0.44924182057526457
-0.04358584329518559	0.44907828649556314
-0.0470222079206577	0.44873148440889454
-0.047880876406314485	0.4486406744958673
-0.04873936953317739	0.44854822148243095
-0.05045581713460314	0.4483583875147459
-0.053886469734083155	0.4479590176758822
-0.05474364735080158	0.44785507277720393
-0.05560062447453183	0.4477494876553022
-0.05731396468941144	0.44753339829461275
-0.060738101155933505	0.44708155431142
-0.06757549623970294	0.44609929998320047
-0.06850137688998961	0.44595806361329443
-0.0694269623627589	0.4458149055769935
-0.07127723182336923	0.44552282698099904
-0.0749740532113914	0.4449156374893998
-0.08235193425020132	0.44360927860313526
-0.083272614203389	0.4434373742269331
-0.0841929353287016	0.4432635590461736
-0.08603248523433688	0.44291019927514336
-0.08970710472459499	0.4421805835848902
-0.09703753626603004	0.44062994643233505
-0.09795199999188174	0.4404275636641444
-0.09886604163529553	0.44022328306089353
-0.10069284292195213	0.43980903187842635
-0.10434120732833119	0.4389577947716725
-0.11161610374518093	0.43716458973970956
-0.12607155620709348	0.4332170308899054
-0.12691062868017863	0.4329719684523992
-0.1277492247977472	0.43272528086664663
-0.1294249753775459	0.43222703396023854
-0.13277062189571612	0.43121107951787174
-0.1394377937591987	0.4291015437039475
-0.15267005777184217	0.42457377050105904
-0.15349233498559975	0.4242771926915374
-0.15431403607014527	0.42397902236936846
-0.15595569751684535	0.42337790866975783
-0.15923197129979436	0.4221566207623955
-0.16575563452375	0.4196380616211697
-0.1786819512325649	0.4142991593538018
-0.17955136969395358	0.4139231073261902
-0.18041999672600248	0.4135452308018227
-0.18215486119059526	0.4127840109332949
-0.18561492473860147	0.4112397510599223
-0.19249553744849052	0.40806433463359715
-0.20609193188872676	0.40136909291563044
-0.20693414354198497	0.40093552271417493
-0.20777544306768403	0.4005001852628425
-0.20945529090726864	0.3996242162938765
-0.2128038781622072	0.3978511563093264
-0.21945579380776517	0.3942209884084652
-0.23257204482540697	0.38662808628353995
-0.2333684740197534	0.3861478841988329
-0.2341639117229524	0.3856660415231667
-0.23575179914212452	0.3846974425945602
-0.2389155276725739	0.38274064818683573
-0.24519404823095264	0.3787491410546839
-0.25754939196853294	0.3704582889262738
-0.25831243868971554	0.36992663753197813
-0.259074387942625	0.36939341446444035
-0.2605949810994072	0.36832226237812876
-0.26362285566994814	0.3661611982528532
-0.2696246390404617	0.36176454657669854
-0.28140665706690343	0.35267736884576784
-0.28208425479496674	0.3521356362743081
-0.2827608096426435	0.35159260183880475
-0.2841107806956651	0.3505026354109813
-0.286798098441131	0.34830716884396
-0.29212168143866946	0.3438545570019221
-0.3025602502739789	0.33470633111982034
-0.3032032547038668	0.33412395824682434
-0.3038451381753099	0.33354035009990984
-0.30512553275470655	0.33236943661940405
-0.30767276627551315	0.3300128816120926
-0.3127124848122649	0.3252413488166635
-0.32256877727148425	0.3154685674787952
-0.3232257849384474	0.3147953701827079
-0.32388138765344426	0.31412080457878455
-0.32518836683493485	0.31276758018178835
-0.3277853407990426	0.310044841103346
-0.3329107210764421	0.30453486652583306
-0.3428822545343301	0.29326232738454233
-0.3434929210871194	0.29254682753463845
-0.3441020945936314	0.2918300560837062
-0.3453159518828492	0.29039271084651097
-0.3477256338359515	0.2875028986130911
-0.3524722829013171	0.2816634923519153
-0.36167013591204095	0.26975126677535616
-0.3621945001048886	0.26904679375772794
-0.36271749210398063	0.26834130144154533
-0.36375935160056816	0.26692726960855423
-0.36582651743701367	0.2640870922204451
-0.3698941996796524	0.2583588863981516
-0.3777595430185743	0.2467159516446829
-0.37823904033249056	0.24598020551641986
-0.37871710466702924	0.24524352747863898
-0.37966892715871836	0.24376738684182375
-0.3815552970625355	0.24080404569081443
-0.38525853818190825	0.23483375373970988
-0.39238391270427897	0.22272381594347823
-0.3928081900282211	0.22197468095324854
-0.3932310371137139	0.22122473773973955
-0.39407243441611683	0.21972243756817111
-0.3957379987662025	0.21670825888752981
-0.3989998686030231	0.21064220373019704
-0.40524394089864946	0.198364264681105
-0.4056217129991969	0.19759063510485686
-0.4059980082064805	0.19681628608911955
-0.40674616246618384	0.1952654410195935
-0.40822468834232356	0.1921552418367928
-0.4111103098696841	0.18590144231929967
-0.4165935078290376	0.17326535248641353
-0.4169513171807308	0.17240252967632808
-0.41730733950921595	0.17153896796146215
-0.4180140170006845	0.16980964262519074
-0.41940586108010275	0.1663422881566835
-0.4221031741545769	0.15937359726809988
-0.4271497521128673	0.14530699366327676
-0.4274496581311506	0.144422376732645
-0.4277477321310954	0.1435371408181459
-0.42833837897373284	0.14176482721640918
-0.4294976327546561	0.13821293932078188
-0.431727705115487	0.13108097410859698
-0.43583201070131466	0.1167111459355648
-0.4360566605647558	0.11586898599132077
-0.4362796831207816	0.11502639363891225
-0.43672084298749664	0.11333992428898952
-0.4375835988183788	0.10996193515348683
-0.4392306766148894	0.10318646160214047
-0.43942919309277817	0.10233776133653415
-0.43962606967739354	0.10148867915955513
-0.4400149002340541	0.09978938174755361
-0.440772850710864	0.09638634350239669
-0.44220975278100505	0.08956320496111092
-0.4423819462338575	0.08870877512336608
-0.44255248877414133	0.08785401423587369
-0.44288861857739487	0.08614351207229946
-0.44354103964266983	0.08271867558322696
-0.4447663933378337	0.07585439008257171
-0.4449120992721132	0.07499504689527728
-0.44505614485161804	0.07413542383610638
-0.4453392528022638	0.0724153509351779
-0.44588552120903	0.06897198789142749
-0.4468981559692469	0.06207311276897758
-0.44703097608581804	0.061109242814032155
-0.44716171733010696	0.06014508867674153
-0.44741696077951265	0.058215945791231266
-0.4479024751070572	0.05435444720090127
-0.44801864776313605	0.05338842940220808
-0.4481327369538657	0.05242216332603056
-0.44835466282672715	0.05048890431644748
-0.4487734902930669	0.046619604757249335
-0.4488729809135507	0.04565172661933723
-0.44897038409569534	0.04468363618269356
-0.44915892634282223	0.04274683642220519
-0.44951094229725874	0.038870887468310966
-0.4495937212719229	0.037901437049379705
-0.4496744094565178	0.036931810373653624
-0.449829511964296	0.03499204628921934
-0.45011461164045613	0.031110601493782346
-0.4501806543327668	0.0301398673199714
-0.4502446035055356	0.029168992983759436
-0.4503662201126277	0.02722684188457595
-0.4504238869813854	0.02625557415338103
-0.45047945919947235	0.025284184323297685
-0.4505843186596442	0.023341056436411833
-0.45063360541409087	0.022369327415928977
-0.4506807965425924	0.02139749436915438
-0.4507688910536765	0.019453534274837345
-0.4508097940265845	0.018481416267484663
-0.45084860055420006	0.01750921231417709
-0.4509199235614409	0.01556456465462045
-0.45095243970938576	0.014592129991758577
-0.4509828587486789	0.013619627469673963
-0.4510111805378597	0.0126470616108909
-0.45103740494522054	0.011674436938229019
-0.4510615318488075	0.010701757974780459
-0.45108356113642084	0.009729029243890032
-0.4511034927056155	0.008756255269134391
-0.4511213264637019	0.007783440574300192
-0.4511370623277458	0.0068105896833640526
-0.45115070022456927	0.005837707120470316
-0.4511622400907506	0.004864797409910617
-0.4511716818726248	0.003891865076103635
-0.45117902552628386	0.0029189146435722566
-0.45118427101757685	0.0019459506369237346
-0.4511874183221101	0.0009729775808288467
-0.45118846742524743	5.525465124445291e-17