-0.5116029552718838	-6.26532921608039e-17
-0.5116020053603562	-0.0009858773692883438
-0.5115991556293006	-0.0019717510775489927
-0.5115944060892996	-0.0029576174637682
-0.5115877567579904	-0.003943472866958437
-0.511579207660065	-0.0049293136261743245
-0.5115687588272705	-0.005915136080524179
-0.5115564102984081	-0.0069009365691838406
-0.5115421621193338	-0.00788671143141117
-0.5115260143429579	-0.008872457006559874
-0.5115079670292445	-0.009858169634091054
-0.5114880202452119	-0.01084384565358907
-0.5114661740649319	-0.01182948140477422
-0.5114424285695298	-0.012815073227515435
-0.5114167838471836	-0.013800617461846132
-0.5113597971096355	-0.01577154852630365
-0.5113284553060522	-0.016756928037433446
-0.5112952146987614	-0.01774224532218698
-0.5112230375738601	-0.019712678577017022
-0.5111841013242774	-0.020697787229946012
-0.5111432668070415	-0.02168281902222906
-0.5110559035832104	-0.023652637393607973
-0.5110093752010361	-0.024637416657838758
-0.5109609492000491	-0.025622104431721755
-0.5108584050679977	-0.027591190882358663
-0.5106305537626495	-0.03152810503304986
-0.5105688498597054	-0.03251205001015407
-0.510505249973827	-0.03349587425468302
-0.5103723632050129	-0.03546314593286406
-0.5100838487355494	-0.039396079780282756
-0.5100069839762339	-0.040378956628307
-0.5099282253204571	-0.04136168353022197
-0.509765027496424	-0.04332667289897924
-0.5094159184304872	-0.047254691751702035
-0.5093239110822908	-0.048236266882542324
-0.5092300123742051	-0.04921766288937469
-0.5090365422801482	-0.05117990295414904
-0.5086269215861433	-0.05510207328883677
-0.507717045713575	-0.06293635940221488
-0.5075844556641562	-0.06399690782410816
-0.5074496502829532	-0.0650571769340913
-0.5071733958882713	-0.06717685870955896
-0.5065943296524975	-0.07141266699166088
-0.5053301121669074	-0.07986902766596028
-0.50516215281937	-0.0809245525277992
-0.5049919887120912	-0.08197972419770849
-0.5046450491986252	-0.08408898954228412
-0.503924746376776	-0.08830307940285621
-0.5023786248274786	-0.0967124664114023
-0.5021754838256707	-0.09776178848291783
-0.5019701510993168	-0.09881068387706984
-0.5015529140671987	-0.10090717632372023
-0.5006921793801492	-0.10509483978998017
-0.49886588109105356	-0.11344785818239111
-0.49479580538792395	-0.13005650623264045
-0.49454116472432497	-0.13102144952653086
-0.49428464224482754	-0.1319858942608187
-0.4937659557497471	-0.13391327337297065
-0.4927060443970844	-0.13776188753607982
-0.4904962964948922	-0.14543372018799477
-0.4857190215728623	-0.16066927498817718
-0.48540468231092393	-0.16161645409288053
-0.48508849599900583	-0.16256301821862093
-0.48445058704483185	-0.1644542871281955
-0.4831526579454147	-0.16822928687718533
-0.4804686339080779	-0.17574833049969651
-0.4747502476204278	-0.19065619902659256
-0.47438476466708585	-0.19156377239624084
-0.4740175467203443	-0.19247064514920548
-0.4732779112251887	-0.19428227554063582
-0.4717778798326635	-0.19789698315922366
-0.46869508478306143	-0.20509144629438852
-0.4622011248893912	-0.2193346848856937
-0.461780819565372	-0.22021820661439076
-0.4613588253450526	-0.22110092292697103
-0.4605097763952147	-0.22286392639311212
-0.4587914800619248	-0.2263801264809118
-0.4552744476500386	-0.23337258013716486
-0.44792153788995975	-0.24719198962996056
-0.4474077713155312	-0.2481206763036779
-0.4468920792750264	-0.2490482951641482
-0.4458549276814031	-0.25090031348154185
-0.44375761710597617	-0.2545913610147662
-0.4394714746190928	-0.26192061171096326
-0.4305372799082849	-0.2763606962867554
-0.4299630399108825	-0.2772532563442998
-0.42938694952262746	-0.27814462321349614
-0.42822922749857345	-0.27992376204763364
-0.425891688380131	-0.2834675530138266
-0.42112879586288265	-0.29049633584264656
-0.41125638707579293	-0.30431195824727414
-0.4106664473056226	-0.3051076087224038
-0.41007496820675343	-0.30590211554213764
-0.40888740089700404	-0.30748768630730205
-0.40649389227024446	-0.31064497322492124
-0.4016338833241853	-0.316903467334865
-0.39162600960911775	-0.3291909057683161
-0.3909879392666239	-0.32994850384713664
-0.3903484033577083	-0.33070486515776126
-0.38906494443495726	-0.3322138661385896
-0.38648054563683054	-0.3352169024485235
-0.38124236854154536	-0.34116248368154095
-0.370492923283305	-0.3528067142783939
-0.36975186256020337	-0.3535832914267664
-0.36900917408455547	-0.3543583120012277
-0.3675189269608733	-0.3559036697878422
-0.36451904402040325	-0.35897555681324117
-0.35844246529462925	-0.3650432617052856
-0.3459880859589518	-0.3768684494852098
-0.3451965937850324	-0.37759355858136207
-0.3444035819578227	-0.3783170054035986
-0.34281301331445924	-0.37975889949438396
-0.3396137942413523	-0.38262260074898546
-0.33314381985689423	-0.3882689520604015
-0.31992414092435306	-0.39923192244200595
-0.31910108587442604	-0.39989008594448466
-0.3182766768222139	-0.40054655264267747
-0.31662381070911727	-0.4018543844914004
-0.31330198475559184	-0.4044495644590707
-0.306594749158975	-0.40955737526147706
-0.2929323478855217	-0.4194379851720643
-0.2920677277101117	-0.4200405055148577
-0.2912018682397313	-0.42064124355157484
-0.2894664461152821	-0.42183736251820275
-0.2859808923329106	-0.42420810112891216
-0.27895177659338327	-0.42886302029706447
-0.26466822035399806	-0.43782224358473687
-0.2638264767511413	-0.43832998301280357
-0.2629837591045004	-0.438836104132501
-0.26129541412865953	-0.4398434839784005
-0.2579071727883917	-0.4418387421528626
-0.25108518625716214	-0.4457508419342933
-0.2372648579813992	-0.45325817257937184
-0.2363935055471178	-0.45371322922973045
-0.23552128035121117	-0.4541666107769827
-0.23377422455870595	-0.4550683418728454
-0.2302697817393353	-0.4568516295917571
-0.2232202967650066	-0.460337140534052
-0.20896477576309125	-0.466981055647021
-0.20799134614276774	-0.4674154295406224
-0.20701701359779784	-0.467847774306958
-0.20506565665677137	-0.4687063689591302
-0.20115229404778878	-0.4703991267447646
-0.19328392655363535	-0.4736865077020181
-0.1773882933654388	-0.4798655824497337
-0.17638808679302884	-0.48023413735429105
-0.1753871144909197	-0.4806006074834635
-0.17338289008245092	-0.4813272870610827
-0.16936544392647865	-0.48275555951900956
-0.16129553999187338	-0.4855114134823765
-0.14502354927327715	-0.4906177269515508
-0.14406897329694474	-0.4908988844722397
-0.14311385224627668	-0.4911781847132017
-0.14120198937850179	-0.49173120913612817
-0.1373718818871339	-0.4928149246012264
-0.1296869520330945	-0.49489279477002995
-0.12872408962526938	-0.4951441129540679
-0.12776074019934433	-0.49539355779687005
-0.12583259487406884	-0.49588682369083337
-0.12197062049758092	-0.49685083433396815
-0.11422475567044445	-0.4986885691841677
-0.11325453934339229	-0.49890980463510753
-0.11228389452614297	-0.4991291524975947
-0.11034133411211164	-0.4995621821448102
-0.10645123309256418	-0.5004055543416737
-0.09865193500171446	-0.5020013740651939
-0.09767530438981943	-0.5021923125210911
-0.09669830423061365	-0.5023813509694094
-0.09474321005728564	-0.5027537249896477
-0.09082874987680943	-0.5034756419517643
-0.08298357198063784	-0.5048280010303108
-0.08202079611221036	-0.5049853194381441
-0.08105772201347362	-0.5051408017027644
-0.07913069313321956	-0.5054462555476906
-0.07527321075792318	-0.5060351050916512
-0.07430814715567423	-0.5061777188984279
-0.0733428133665606	-0.5063184922263881
-0.07141134926865131	-0.5065945154051273
-0.06754533333406691	-0.5071244539437187
-0.0665782065698991	-0.5072523299629692
-0.06561083772518453	-0.5073783615960821
-0.06367538786452309	-0.5076248898775825
-0.05980173799897867	-0.5080957940932268
-0.05204422670015188	-0.5089488995077093
-0.05107364919588952	-0.5090472141174534
-0.05010288598616065	-0.5091436778148021
-0.04816081656987349	-0.509331051076064
-0.044274604623347605	-0.5096835716681198
-0.04330264034390252	-0.5097670695348727
-0.04233051861463466	-0.5098487138718124
-0.04038581694585564	-0.5100064407755465
-0.03649467977252542	-0.5102996396150266
-0.035521554895599806	-0.5103683013086961
-0.034548300861133314	-0.510435107286454
-0.03260141947516988	-0.5105631511293477
-0.03162779920259763	-0.510624388528912
-0.03065406393030835	-0.510683769281423
-0.02870626254911749	-0.5107969599883952
-0.027732203522485736	-0.5108507695312914
-0.02675804366065105	-0.5109027216040054
-0.024809435600034926	-0.5110010525900439
-0.02383499448645653	-0.5110474311458338
-0.022860466708054857	-0.5110919515163735
-0.020911165330744882	-0.5111754170609493
-0.019853534822939903	-0.5112175867455652
-0.018795819332621786	-0.5112575681772746
-0.01773802338731278	-0.5112953611849381
-0.016680151514879397	-0.5113309656067837
-0.015622208243513276	-0.5113643812904077
-0.01456419810171201	-0.5113956080927752
-0.012447995322204189	-0.5114514945284484
-0.011389811742845786	-0.511476153922534
-0.010331579409709546	-0.5114986239569232
-0.009273302852530044	-0.511518904535434
-0.008214986601231157	-0.5115369955712556
-0.007156635185906672	-0.51155289698695
-0.0060982531368008915	-0.5115666087144515
-0.005039844984289247	-0.5115781306950674
-0.0039814152588587915	-0.5115874628794783
-0.0029229684910891487	-0.5115946052277381
-0.0018645092116328897	-0.5115995577092741
-0.0008060419511959142	-0.5116023203028872
0.000252428759481601	-0.5116028929967524
0.001310898389644711	-0.5116012757884182
0.0023693624085430968	-0.511597468684807
0.003427816285450456	-0.5115914717022151
0.0044862554896839	-0.5115832848663123
0.005544675490623348	-0.5115729082121422
0.006603071757730916	-0.5115603417841217
0.007661439760570312	-0.5115455856360411
0.008719774968826458	-0.5115286398310638
0.00977807285232408	-0.5115095044417257
0.010836328881048019	-0.5114881795499353
0.011894538525162379	-0.5114646652469734
0.012952697255029705	-0.5114389616334922
0.01401080054123048	-0.5114110688195154
0.015068843854582506	-0.5113809869244371
0.016126822666160303	-0.5113487160770225
0.0171847324473146	-0.5113142564154058
0.018242568669691494	-0.5112776080870907
0.01930032680525161	-0.5112387712489495
0.021415590705456674	-0.5111545327175154
0.02247308741577231	-0.5111091313848034
0.023530487930651548	-0.511061542263425
0.025644982269835925	-0.5109598014788492
0.029872617481282775	-0.5107300760360037
0.03092921792073482	-0.5106671786219835
0.031985685968514845	-0.5106020953110638
0.034098206800914875	-0.5104653721222304
0.03832146082996729	-0.5101657078663583
0.03937687554910504	-0.5100853316014051
0.04043212171660333	-0.5100027719301327
0.04254209032961302	-0.5098311037915519
0.04675980624077105	-0.5094615828139063
0.047743227782329006	-0.5093703643164272
0.04872647139531657	-0.5092772475069808
0.050692410178922086	-0.5090853203473629
0.05462199141870345	-0.5086787020274981
0.05560388696920261	-0.5085723071470185
0.056585575296173654	-0.508464016928756
0.058548315646166145	-0.5082417521002403
0.06247114874157093	-0.5077744966201372
0.06345128410975298	-0.5076529507328295
0.06443118300887336	-0.5075295129339793
0.06639025679334912	-0.5072769634488031
0.07030540611204943	-0.5067491822532573
0.0781228949865923	-0.5056030034739104
0.07909880915139995	-0.5054512461491767
0.08007442853224177	-0.505297605118172
0.08202476839946005	-0.5049846742347139
0.08592175082109582	-0.5043362336564394
0.09370011351561067	-0.5029491749372762
0.10918794396638754	-0.4998155427108267
0.11023360794351447	-0.49958596409695166
0.11127878922004894	-0.499354197852231
0.1133676853665475	-0.4988841065393411
0.11753948402032977	-0.49791771763933024
0.12585808453049505	-0.4958803549257017
0.1268954773216697	-0.49561590135732203
0.1279323144517964	-0.4953492775425557
0.13000430357058548	-0.494809523853424
0.13414141427254636	-0.4937040255253002
0.1423871519065108	-0.4913893393378385
0.14341511070754054	-0.4910903072385659
0.14444244150990249	-0.49078912470997516
0.14649520112712766	-0.4901803136496279
0.150592986627317	-0.4889369450364636
0.15875661881238046	-0.48634752988597124
0.1749481368607723	-0.4807605778886926
0.17593540060942103	-0.480400165128331
0.17692192187406972	-0.480037724979309
0.17889272030121844	-0.4793067686421246
0.1828252243733163	-0.477820595177491
0.1906529331085649	-0.47475155917598233
0.2061517714948568	-0.46822967756482237
0.20711322700387808	-0.46780518920055303
0.20807380845198434	-0.46737872660104257
0.2099923329537437	-0.46651988590366567
0.21381871510597253	-0.4647785934327829
0.22142790899053363	-0.4612019784899075
0.23646484314499425	-0.45367605380859416
0.23733359379547594	-0.45322218513555707
0.2382014732978917	-0.452766652881635
0.2399346061193069	-0.45185060432547636
0.24339027803431643	-0.44999861822154885
0.2502585377367386	-0.44621547276264917
0.2638170916569425	-0.4383356316712087
0.2646564018440102	-0.43782938778239516
0.2654947405929056	-0.43732153681293917
0.26716849147105326	-0.4363010210943895
0.27050420081383875	-0.43424078710433406
0.27712776541027134	-0.4300439343621007
0.29017805240736655	-0.4213481716395513
0.29105297152516113	-0.42074428291932725
0.29192663389606044	-0.4201385774539642
0.29367017331295814	-0.4189217267572336
0.2971420055633498	-0.41646634002367505
0.30402384608931304	-0.4114694215272708
0.31753360551876536	-0.4011358787358446
0.31836646519485096	-0.4004751898460889
0.3191979501862372	-0.39981277173175644
0.3208567817596807	-0.3984827592779214
0.3241577911167745	-0.3958021100262336
0.3306923985054705	-0.39035896481779975
0.34348568077856995	-0.37915059137895
0.34422040468850296	-0.3784836810735813
0.3449538337309805	-0.3778153470112407
0.3464167961825747	-0.3764744176773843
0.349327061609294	-0.3737755849040193
0.35508434314937554	-0.3683105932404086
0.36634108475486155	-0.3571159384059419
0.3670330290378545	-0.35640474104341346
0.36772359263824445	-0.3556922029791314
0.36910056740553726	-0.35426311547187017
0.3718378347983753	-0.35138897030979976
0.37724506615989367	-0.34557740652557517
0.38778578761212007	-0.3337061083782748
0.3884862516970822	-0.33289039650503055
0.38918499992601013	-0.33207321433008813
0.39057733647850307	-0.3304344535188232
0.39334128402713747	-0.32713944751865054
0.39878559584495377	-0.3204803151357511
0.40933454184324314	-0.3068921906743594
0.4099786059127662	-0.30603125091524547
0.41062085919938035	-0.30516895948521344
0.4118999220851419	-0.30344033685253374
0.4144361941848925	-0.29996703951012216
0.4194206990945605	-0.29295709756542043
0.4290326643099112	-0.27869079065886654
0.42960678668842023	-0.27780495437298336
0.4301790800576144	-0.27691793535939435
0.43131817002992123	-0.27514036425970856
0.4335742951804688	-0.27157119582475026
0.43799779105325903	-0.26437760660727455
0.44648558928264254	-0.24977630473256787
0.44700001390641664	-0.24885451856574456
0.4475125354708945	-0.24793167292489388
0.44853186070202916	-0.2460828189413082
0.4505475789882414	-0.24237257045870422
0.45448680902420696	-0.2349027974842342
0.4619927305756911	-0.2197732939602582
0.46241491710028193	-0.21888359528768841
0.4628353902584554	-0.21799308559499886
0.4636711902500589	-0.2162096463505245
0.4653221617120115	-0.21263318100095702
0.4685412501303155	-0.2054426459361499
0.474645371765738	-0.1909171414627023
0.4750119895351099	-0.1900031411340923
0.4753768472626652	-0.18908843679488666
0.47610127719128487	-0.18725692964414556
0.4775289575010304	-0.18358561651421457
0.48029930589789827	-0.1762105575637348
0.4854976899326534	-0.16133684301170104
0.48583334186374694	-0.16032326024762827
0.4861668777213769	-0.15930897918690237
0.4868275954145352	-0.15727833984953807
0.48812357461730654	-0.1532088761976535
0.49061339529675796	-0.14503820254785382
0.49091502090056033	-0.14401397882541664
0.4912145082973706	-0.1429891278422859
0.49180706326159906	-0.1409375619518325
0.49296645793574384	-0.13682709963019632
0.49518210662018053	-0.12857785628219717
0.4954493696086707	-0.1275441335275596
0.4957144746405671	-0.12650985524753272
0.4962382062252654	-0.12443965013313146
0.49725972373999994	-0.12029277197298296
0.499198730161308	-0.11197415616231589
0.502658787711511	-0.09524561396368512
0.5028434245326284	-0.09426597608482086
0.5030261521273405	-0.09328598029118253
0.5033858768696353	-0.09132492984455838
0.5040823855965564	-0.08739869778326127
0.5053834943669271	-0.0795305442229545
0.5055375043761894	-0.07854562694395838
0.5056895949300005	-0.07756041143816308
0.5059880153686931	-0.07558910071019695
0.5065617978606903	-0.07164306519873584
0.5076170097568875	-0.06373817732255267
0.5077402432692095	-0.06274893790215999
0.5078615489625878	-0.06175946023279495
0.5080983750575115	-0.059779805175673384
0.508548873645109	-0.05581780143660306
0.5086566721197366	-0.05482676126673806
0.5087625392958679	-0.053835512927301335
0.5089684781521242	-0.051852406795016015
0.5093571630878005	-0.04788386214658216
0.5094495003303257	-0.04689126204429477
0.509539903264096	-0.04589848390242028
0.5097149048397297	-0.04391240857833271
0.5100416816752856	-0.03993828735401421
0.5101185352482903	-0.038944368515408924
0.5101934519723081	-0.03795030181046377
0.5103374737429447	-0.03596173989943195
0.5106022630734922	-0.031983007787783464
0.5106624281805596	-0.03100755210686405
0.5107207297766659	-0.030031983273086617
0.5108317415917782	-0.028080520387553213
0.5108844514056797	-0.027104633457081823
0.5109352968984122	-0.026128647616295596
0.5110313941849914	-0.02417639345040914
0.5110766456281599	-0.023200132249481042
0.5111200320488034	-0.022223786386556366
0.5112012091960189	-0.020270854926550945
0.5112389996263589	-0.019294276456113924
0.5112749244417113	-0.018317627576941737
0.511341176709874	-0.01636413284859661
0.5113715039209163	-0.015387294128122859
0.511399965033436	-0.014410399256286312
0.5114265599435726	-0.013433451797974852
0.5114512885542758	-0.012456455318268252
0.5114741507753061	-0.011479413382425188
0.5114951465232345	-0.010502329555870205
0.5115142757214431	-0.00952520740418072
0.5115315383001258	-0.008548050493074002
0.5115469341962877	-0.007570862388394167
0.5115604633537464	-0.0065936466560991645
0.5115721257231309	-0.005616406862247759
0.5115819212618831	-0.004639146572986525
0.5115898499342568	-0.0036618693545368234
0.511595911711319	-0.0026845787731817963
0.5116001065709489	-0.0017072783952533505
0.5116024344978385	-0.0007299717871191405
0.5116028954834929	0.0002473374848304424
0.5116014895262297	0.001224645854195287
0.5115982166311797	0.0022019497545785758
0.5115930768102862	0.0031792456195997984
0.5115860700823056	0.004156529882907769
0.5115771964728066	0.0051337989781936365
0.5115664560141713	0.006111049339203905
0.5115538487455933	0.007088277399753437
0.5115393747130793	0.008065479593738479
0.511523033969448	0.00904265235514967
0.5115048265743302	0.010019792118085057
0.511484752594168	0.010996895316763093
0.5114628121022159	0.011973958385535676
0.5114390051785389	0.012950977758901135
0.5113857923903266	0.014904871158214306
0.5113563867199754	0.015881738054007992
0.5113251150062673	0.01685854699411253
0.5112569739120567	0.01881197674918148
0.511220104780215	0.019788590435683786
0.5111813701023367	0.020765131909598777
0.5110983046806808	0.022717983965550293
0.511053974240026	0.023694287421232876
0.5110077788595787	0.02467050441164624
0.5109097939604172	0.02662266474733725
0.5106914527578383	0.030525791112005325
0.5106270950841184	0.031584072075649505
0.5105605443887903	0.032642217393235716
0.5104208650860038	0.03475808291290907
0.5101152034280687	0.03898798628379289
0.5100333101117012	0.04004505486856523
0.5099492263238902	0.04110195146937614
0.5097744887878232	0.04321521056339626
0.5093987445777517	0.04743946527455462
0.5092993381278139	0.048495030936126206
0.5091977443586674	0.04955038832310413
0.508987996617424	0.05166046014415972
0.5085422731317214	0.05587790512310597
0.50754602449847	0.06430098645218202
0.5074116785556516	0.06535267636647545
0.5072751534006721	0.06640408560660799
0.5069955678089586	0.06850604400340744
0.5064102725054431	0.07270639410593803
0.5051353293237767	0.08109181778628995
0.5049661915824475	0.08213847576893585
0.5047948851317406	0.0831847809864152
0.5044457690543864	0.08527631515288302
0.5037215453824933	0.08945495268791946
0.5021693092721844	0.09779350013176949
0.5019792437425885	0.09876448093593236
0.501787300752962	0.09973509234959213
0.5013977852721919	0.10167519248600478
0.5005962568475295	0.1055508004383074
0.49890338037567555	0.11328283582542045
0.4986833655579707	0.1142474715637091
0.4984614856071983	0.11521168000333125
0.4980121336328495	0.1171388005631865
0.49709108506802274	0.12098775553261956
0.49515980472038074	0.12866371528989665
0.4949100512552816	0.12962108242650847
0.4946584467697438	0.13057796476538336
0.49414968850839047	0.1324902607363493
0.49311000160913354	0.13630887775917402
0.4909421663805884	0.14392141297409447
0.4862545032950296	0.15904132126032264
0.48592008003166554	0.16006017513718057
0.48558352195627935	0.16107832581530246
0.48490400729326927	0.1631124996861192
0.4835194259095872	0.1671722124367216
0.4806483986913793	0.17525610025998528
0.4745017617097806	0.1912737880035834
0.47409980409830316	0.19226793699646275
0.4736957636052922	0.1932612412909642
0.47288144108416164	0.19524529833287077
0.471227880179476	0.1992030842745227
0.467821504796656	0.2070763711598152
0.46061514050206165	0.22264607830184474
0.4601560122615144	0.22359344405081774
0.4596949355381446	0.2245398630165838
0.4587669444607056	0.22642984457247023
0.4568876669685155	0.2301982702258903
0.45303637901281696	0.23768807949470333
0.4449665678293965	0.2524724487088686
0.4444460970964188	0.25338755024405957
0.44392374440262206	0.25430157883599663
0.44287340198792374	0.2561264017132323
0.440750231482785	0.2597630021592693
0.43641445388360783	0.26698316105027575
0.4273893068790163	0.2812044882436965
0.4268487980036387	0.28202426754762433
0.4263067167042244	0.28284300793158973
0.4252178448267391	0.2844773598791798
0.42302132023487043	0.287733464285391
0.4185536027586923	0.2941946047442814
0.4093232117820936	0.30690730219288775
0.4087334042331287	0.3076923595198993
0.4081420909935482	0.30847628337092525
0.40695495616118926	0.3100407190979431
0.4045627144239335	0.3131558620573212
0.3997068380052184	0.31933059279498305
0.38971354945737	0.3314527616603355
0.38902281533218985	0.33226319837433405
0.38833039585005913	0.3330721956301089
0.3869405128212635	0.33468585775401805
0.3841406549571782	0.3378957547114129
0.37846125369227257	0.3442450628499971
0.3667892586406183	0.3566556092209834
0.36604611664852793	0.35741827643456825
0.3653013888410495	0.3581793952110109
0.363807188692271	0.35969697426966424
0.3607999010289909	0.36271340650766626
0.3547105081056315	0.368670637944453
0.3422383969670588	0.38027682480574987
0.3414988845783514	0.3809410658811504
0.3407580829851667	0.38160386885250447
0.3392726233767262	0.3829251504798284
0.3362863570824535	0.3855503467553073
0.3302530691133719	0.39073071824995226
0.31794859886228266	0.40080702629125203
0.3171692427605027	0.4014240342700652
0.31638868930193376	0.4020395268188559
0.31482400210571776	0.40326595633782947
0.311680389387876	0.4057005283629134
0.30533687672595283	0.4104960116178541
0.2924300901315841	0.41978831121001775
0.2916299867138093	0.42034454283626493
0.2908288252901341	0.420899249492424
0.28922334005506056	0.4220040798503256
0.28599980165763284	0.42419535275002695
0.2795031093205465	0.4285039039764653
0.26631656177159685	0.4368215571249665
0.26548406241109607	0.43732801928143866
0.2646505998996256	0.4378328948533829
0.2629807975221504	0.43883787892288756
0.25962976823213174	0.44082872784183963
0.2528826934634646	0.44473354628315204
0.2392139800547668	0.4522325238074798
0.23827879640338703	0.4527259646049455
0.23734259490753767	0.4532174715139318
0.23546715438327537	0.4541946752765469
0.23170423545197408	0.4561257843145258
0.2241311476154906	0.4598943492928439
0.20880324030605346	0.4670533060375632
0.20783749006150215	0.4674838623608949
0.20687085200719615	0.46791242175512066
0.20493492898966612	0.4687635424421631
0.20105261117175624	0.4704417406905384
0.1932470183355279	0.4737015661229687
0.17747949156229448	0.479831860048616
0.17655387588435106	0.480173211198978
0.17562760368152094	0.48051277679996374
0.1737731034811979	0.4811865463096803
0.17005637649715324	0.48251260362355675
0.16259279095216414	0.48507851753433795
0.1475513224489098	0.48986344126348413
0.14660641797577628	0.49014706165725114
0.14566096833895578	0.4904288594133535
0.14376844763908525	0.4909869828278269
0.139977019100304	0.49208131235266217
0.13236940363928365	0.4941820765903045
0.11706148580106997	0.4980303127169781
0.11602012472607742	0.498273935201783
0.11497825664687993	0.4985153802455541
0.11289301768978596	0.4989917337990869
0.10871665620005273	0.49991826582712967
0.1003414216465046	0.5016664060358074
0.09929249604914504	0.5018750681905365
0.0982431365467788	0.5020815371673969
0.09614313417157075	0.5024878919880483
0.09193812445500654	0.5032742444379812
0.0835091147884605	0.5047413313670408
0.08245379800515755	0.5049147997805667
0.08139812090141543	0.5050860617326949
0.07928570418726764	0.5054219632687664
0.07505675000081537	0.5060672565205541
0.07399867991133242	0.5062230528278077
0.07294028645000389	0.5063766369566398
0.07082254791378384	0.506677166004079
0.06658339397778201	0.5072516490750174
0.06552286649418985	0.5073897297042085
0.06446205267778332	0.5075255930566377
0.062339584590647326	0.507790665566029
0.058091416475722246	0.5082941777895644
0.049583192458895316	0.5091945510986045
0.04858914877021225	0.5092903675357617
0.04759491994138062	0.509384243414241
0.04560592201727808	0.5095661720717723
0.041625871219247455	0.5099067274396012
0.04063045252026866	0.509987009806057
0.03963487900631172	0.5100653489594056
0.03764328270784796	0.5102161964401974
0.03365839928083523	0.510494560206842
0.03266184830991227	0.5105592889252974
0.031665172886933844	0.5106220722500798
0.02967146387587398	0.5107418017691403
0.028674437884459517	0.5107987475072109
0.027677302634294628	0.5108537469391947
0.025682719555727377	0.5109579060540574
0.024685279327322483	0.5110070653400569
0.023687745040133133	0.5110542775262122
0.02169240949343878	0.5111428598868365
0.02069461583679839	0.5111842297237783
0.01969674332707379	0.5112236517858231
0.017700776957506697	0.5112966519918019
0.016702690702932444	0.5113302298575817
0.015704540805781493	0.5113618593921575
0.01470633106932297	0.5113915404750108
0.013708065297054005	0.5114192729930471
0.012709747292685694	0.5114450568405967
0.011711380860128155	0.511468891919415
0.010712969803475582	0.5114907781386825
0.009714517926992197	0.511510715415006
0.008716029035098218	0.5115287036724181
0.007717506932354895	0.5115447428423776
0.006718955423449576	0.5115588328637702
0.0057203783131816515	0.5115709736829087
0.004721779406448517	0.5115811652535324
0.0037231625082306185	0.5115894075368083
0.002724531423576502	0.5115957005013305
0.0017258899575887678	0.5116000441231211
0.0007272419154100272	0.5116024383856292
-0.0002714088977920515	0.5116028832797322
-0.001270058676839696	0.5116013788037348
-0.002268703616559074	0.5115979249633694
-0.0032673399117943386	0.5115925217717964
-0.0042659637574225815	0.5115851692496035
-0.005264571348368784	0.5115758674248064
-0.006263158879619866	0.5115646163328478
-0.0072617225462387235	0.511551416016598
-0.008260258543379185	0.5115362665263545
-0.009258763066300968	0.5115191679198418
-0.010257232310383706	0.5115001202622107
-0.01125566247114079	0.511479123626039
-0.012254049744235308	0.5114561780913307
-0.014250680410918922	0.5114044406834487
-0.015229348539596418	0.5113762321285421
-0.016207960892348234	0.5113461507106876
-0.01816500393402405	0.5112803697336736
-0.01914342745547861	0.5112446704154303
-0.020121780866095767	0.5112070987160702
-0.02207826302261129	0.5111263387312667
-0.023056384603094622	0.5110831507415984
-0.02403442174193662	0.5110380909623625
-0.025990228367176	0.51094235670215
-0.029900670734024463	0.5107284344273193
-0.0308780165054506	0.5106702771256756
-0.03185524918931136	0.5106102495465715
-0.0338093609787068	0.5104845844422108
-0.03771607005944421	0.5102108210359677
-0.03869241094279059	0.5101377080537758
-0.03966861011915461	0.5100627267446031
-0.04162056905054979	0.5099071602506025
-0.045522629155843986	0.5095736198800568
-0.04649773630762349	0.5094855683541899
-0.047472673166217484	0.5093956508897368
-0.0494220217220614	0.5092102194691591
-0.05331851825224934	0.508816980312479
-0.054292163118147045	0.5087140108812392
-0.055265609144571536	0.5086091783371635
-0.05721189041915717	0.5083939254530797
-0.06110191007861563	0.5079410796811673
-0.06207386444706081	0.5078232164794487
-0.06304559147635026	0.5077034934273372
-0.06498834928290656	0.5074584695326388
-0.06887098029411952	0.5069461232875266
-0.07662390791476498	0.5058323443383141
-0.07767376470658156	0.5056721963082722
-0.07872328679638088	0.5055098692992056
-0.08082130878151593	0.5051786811513012
-0.0850131374379915	0.5044901885129921
-0.09337892250479381	0.5030089071525164
-0.09442288222211179	0.5028139846462053
-0.09546643506422224	0.5026168954771156
-0.09755230213760668	0.5022162205570209
-0.10171895604488367	0.5013889087565302
-0.11003093808958818	0.49963064007929936
-0.11106784922187943	0.49940115810053043
-0.11210428175456498	0.49916952416510596
-0.11417569315894188	0.4986998044260698
-0.11831257640612179	0.49773458600650883
-0.12656158712972543	0.49570126942154397
-0.14295263595575058	0.49122512936150553
-0.14390406088770274	0.4909472528723972
-0.1448549456797629	0.4906675336264242
-0.14675508056977013	0.49010257107047034
-0.1505487117673019	0.48895057953553034
-0.1581086231456404	0.48655857523006935
-0.17311269763459614	0.4814245296623325
-0.17404507840889155	0.4810882398526989
-0.17497680590982384	0.48075014429173185
-0.17683828710521107	0.48006854099869956
-0.18055325650414458	0.4786837216875812
-0.18795044332414496	0.4758279255121357
-0.2026076039265615	0.46977414006526874
-0.2035934381983297	0.46934773437772986
-0.20457837506775198	0.4689192598918958
-0.20654553923785324	0.468056112088999
-0.21046890799479467	0.46630507461360937
-0.21827084011541947	0.46270446745004973
-0.23368780238035045	0.45511272764180905
-0.23464278683115028	0.4546211020520676
-0.23559673701979905	0.45412747257631175
-0.23750151779587456	0.45313421067889037
-0.2412984834971226	0.4511237365789058
-0.24884109583805208	0.4470074863635312
-0.2637136231014515	0.4383978887194037
-0.2646166947863677	0.4378533872008569
-0.26551864221869803	0.4373070254149414
-0.2673191490023119	0.43620873033400526
-0.270906503251618	0.433989919628217
-0.2780257226118381	0.4294639465765321
-0.29203545651664653	0.4200629428788488
-0.29290067578919415	0.41946010294801406
-0.29376465064161045	0.4188554808956637
-0.2954888524085913	0.41764090070918447
-0.29892216174675157	0.41519046841127516
-0.3057275885937157	0.4102051016450147
-0.3190872280273031	0.39990114372526747
-0.31985555661987763	0.39928687273978014
-0.3206227026895681	0.39867112556963785
-0.3221534359199599	0.3974352117866376
-0.3252005876084341	0.3949457705331889
-0.3312370025232879	0.38989695049116824
-0.34307330387076884	0.3795237700251728
-0.34380240709554943	0.3788634169700622
-0.3445302392646748	0.3782016632368915
-0.3459820796773333	0.37687396352769253
-0.34887038975415985	0.3742018639661029
-0.35458493053543066	0.36879141920618075
-0.36576098824571796	0.35771005482155654
-0.3665059697519447	0.3569467158822332
-0.3672493581820407	0.3561818254175869
-0.36873134289575726	0.3546474032179238
-0.37167605370005496	0.3515600872523486
-0.37748772639588746	0.34531232277952195
-0.3887944559644866	0.3325303818513492
-0.38948689124519215	0.33171907601324496
-0.3901776335595588	0.33090632830574246
-0.3915540272869651	0.3292765214197389
-0.3942863675338414	0.32599976107336903
-0.399668596612828	0.3193784537573844
-0.41009804931869165	0.30587117188111906
-0.41069262628611836	0.3050723693767363
-0.4112856473219749	0.3042724110889274
-0.4124670126181093	0.30266903929014216
-0.4148109735730462	0.29944855993359976
-0.419423321641951	0.29295334288203245
-0.4283418405912128	0.27975141008019466
-0.42888554296960996	0.27891714697126097
-0.4294276204915728	0.27808182716939783
-0.4305068927575978	0.2764080301494935
-0.4326458490634539	0.27304789530609497
-0.43684495705831716	0.2662781766041712
-0.44492442478910044	0.2525467086877461
-0.4454055131777783	0.2516972639377812
-0.44588497981796243	0.25084690274280924
-0.4468390408756921	0.24914344340603617
-0.44872762559187945	0.2457256638481199
-0.45242626234505867	0.23884735917193073
-0.4595064207932641	0.2249253945037973
-0.4599347768728471	0.22404817532363322
-0.4603614583020058	0.22317014037047092
-0.4612097910008616	0.22141163593602456
-0.46288629264549724	0.21788497865578577
-0.46615830114699647	0.2107937905031155
-0.4723757035915986	0.19646571838177607
-0.47278142389467903	0.1954873629241671
-0.4731851178907494	0.19450816962185102
-0.47398642004973984	0.1925472862736755
-0.47556463313743585	0.18861565033628894
-0.4786231185372718	0.18071384630011572
-0.48434543722197776	0.1647637134965596
-0.4846855008901232	0.16376064566865742
-0.48502348723124505	0.1627568759744651
-0.48569322214698823	0.16074724819853511
-0.48700770091373263	0.1567197597421764
-0.48953638170378466	0.1486328188230702
-0.4941902570101082	0.13233885944501836
-0.49444498766555645	0.13138393362711004
-0.4946978731158566	0.13042851750124662
-0.495198104632958	0.12851622858943204
-0.49617638414279613	0.1246859240728703
-0.4980440069414598	0.11700320932615618
-0.49826910493063853	0.11604086743275183
-0.4984923434435549	0.11507809248974396
-0.49893323871515344	0.11315125782832859
-0.4997926793522302	0.10929255010678433
-0.5014219837307653	0.10155578799078537
-0.5016172340213157	0.1005869493310624
-0.5018106123408164	0.09961773529377237
-0.5021917501870047	0.09767819555580574
-0.5029315309419984	0.09379477078847662
-0.5043209604530774	0.08601135210314198
-0.5044861765256501	0.0850369421925309
-0.504649509920648	0.0840622149349807
-0.5049705262467918	0.08211182293046011
-0.5055899404194726	0.0782073908883256
-0.5067381677642325	0.07038475100384803
-0.5068887725980509	0.06929181810983616
-0.5070370201969663	0.06819856298124131
-0.5073264409434117	0.06601110635806799
-0.507876966018257	0.06163255009339939
-0.5080086942836333	0.060537181757685986
-0.5081380601060244	0.059441531899939365
-0.5083897020264289	0.057249408000468106
-0.5088646108173189	0.05286200621111288
-0.5089774233095171	0.051764528435307544
-0.5090878688537538	0.05066680993380483
-0.5093016570548888	0.04847067117411924
-0.5097008082202993	0.04407572963092967
-0.5097946713642627	0.04297646904444987
-0.5098861637597352	0.041877008600252896
-0.51006203461433	0.039677508591332
-0.5103853093595887	0.03527633530912873
-0.5104601952199324	0.03417561907198915
-0.5105327072368339	0.03307474390459369
-0.510670608402512	0.0308725372577861
-0.5107359969099933	0.02977121601951251
-0.5107990102914446	0.028669756333214055
-0.5109179105151543	0.026466442106068577
-0.5109737968044794	0.02536459781151145
-0.5110273068619102	0.02426263556146095
-0.5111271972967678	0.02205837769365989
-0.5111735772096644	0.020956092326587548
-0.5112175799616081	0.01985370950532989
-0.5112984531751712	0.017648672006767133
-0.511335323260698	0.01654602758376584
-0.5113698154330881	0.015443306215138923
-0.5114019295319395	0.014340513028980215
-0.5114316654079086	0.013237653153718424
-0.5114590229227118	0.012134731718091254
-0.5114840019491259	0.011031753851122919
-0.5115066023709881	0.009928724682100515
-0.5115268240831978	0.00882564934054926
-0.5115446669917157	0.007722532956209773
-0.5115601310135655	0.006619380659012852
-0.5115732160768329	0.005516197579056313
-0.5115839221206674	0.004412988846582026
-0.5115922490952816	0.003309759591950025
-0.5115981969619517	0.0022065149456160023
-0.5116017656930179	0.0011032600381076843
-0.5116029552718838	6.26532921608039e-17