-1.4578913609506803	-1.7854019886928292e-16
-1.457888654031583	-0.0028094092984244532
-1.4578805332843432	-0.005618808164187027
-1.457866998739117	-0.008428186164665591
-1.4578480504461646	-0.011237532867312725
-1.45782368847585	-0.014046837839701122
-1.4577939129186404	-0.01685609064955649
-1.4577587238851069	-0.019665280864796953
-1.4577181215059227	-0.022474398053574367
-1.4576721059318638	-0.025283431784313713
-1.4576206773338074	-0.028092371625746015
-1.4575638359027325	-0.03090120714695354
-1.457501581849718	-0.03370992791740593
-1.4574339154059424	-0.03651852350699637
-1.4573608368226834	-0.039326983486086806
-1.4571984443433121	-0.044943454896762915
-1.4571091310502402	-0.04775144547174012
-1.457014406823762	-0.050559258723081014
-1.4568087269977026	-0.05617431154860664
-1.4566977721619074	-0.058981530271453336
-1.456581407920276	-0.061788529968059946
-1.4563324529680501	-0.06740183058855595
-1.4561998631819435	-0.07020811066761148
-1.4560618658389712	-0.07301413003083988
-1.4557696505523054	-0.07862534493053293
-1.4551203531895256	-0.08984418772640178
-1.454944518421348	-0.09264809037588648
-1.454763280757992	-0.09545164897931624
-1.454384599457889	-0.10105769240558787
-1.4535624330724024	-0.1122651927146803
-1.4533433951106143	-0.1150660515659578
-1.4531189601993735	-0.11786648312271897
-1.4526539028823038	-0.12346602275702138
-1.4516590628681594	-0.13465951703226972
-1.4513968737687861	-0.13745666644008656
-1.451129294948312	-0.14025330540647415
-1.4505779721386578	-0.14584501047593673
-1.4494106949270966	-0.15702183849890913
-1.4468178635908313	-0.17934684254006059
-1.4464400278383132	-0.18236903849537206
-1.446055879156918	-0.18539043850840717
-1.445268649741448	-0.19143079796406479
-1.4436185113795534	-0.2035013855896541
-1.4400159290808934	-0.22759908683454314
-1.4395373030697607	-0.23060696738231248
-1.4390523942564133	-0.23361384145531924
-1.4380637367159468	-0.23962451768797563
-1.436011122964558	-0.251633215328772
-1.4316052116490097	-0.2755970578834633
-1.4310263300992865	-0.27858726262554573
-1.4304412028931455	-0.28157625148481163
-1.4292522217539134	-0.28755052937897596
-1.4267994257890169	-0.2994839209419404
-1.4215951077319082	-0.32328713244936086
-1.409996800597708	-0.37061603127611004
-1.4092711628354895	-0.37336578570476164
-1.408540162549242	-0.37611411941109335
-1.4070620855513916	-0.38160648283067106
-1.4040417050229028	-0.39257370122183033
-1.3977446882772258	-0.4144357691216184
-1.3841311081249914	-0.4578518274019551
-1.3832353500187	-0.46055096003946333
-1.382334328459215	-0.4632483401997664
-1.3805165087148603	-0.4686378020394425
-1.3768178599841054	-0.479395244827705
-1.3691693203963353	-0.5008219168727185
-1.3528738985629851	-0.5433041826837125
-1.351832398636604	-0.545890452683533
-1.3507859545795011	-0.5484747261682826
-1.348678249400068	-0.5536372457934837
-1.3444036790798963	-0.5639379114858882
-1.3356187801185369	-0.5844396414766012
-1.3171132419276743	-0.6250279419941146
-1.3159155172184347	-0.627545673141299
-1.3147129797392527	-0.6300611091312986
-1.3122934840810716	-0.6350850588488042
-1.307396934219421	-0.6451050121711084
-1.2973746090615306	-0.6650310850607416
-1.2764213610268862	-0.7044116193312674
-1.2749573041001498	-0.7070580549405437
-1.273487760261484	-0.7097014476516273
-1.2705322371692922	-0.714979058887895
-1.2645556278912624	-0.725497266916397
-1.2523416052023002	-0.7463830948071858
-1.2268822423277912	-0.7875323382537112
-1.2252458570749336	-0.7900758255100192
-1.2236041988485509	-0.7926159125924881
-1.2203050917580656	-0.7976858425244653
-1.213643914273564	-0.8077844203012143
-1.2000713189973253	-0.8278140187594355
-1.1719383707135866	-0.8671837611393622
-1.1702572465419026	-0.8694510896253975
-1.168571735816176	-0.8717151590893646
-1.1651875799906668	-0.8762334870170849
-1.1583669087780477	-0.8852306620212703
-1.1445175652908952	-0.9030652042212832
-1.1159985888457171	-0.938080151175258
-1.114180309200506	-0.9402390435014337
-1.1123578531982137	-0.9423944114662863
-1.1087004394629483	-0.9466945420088213
-1.101335797327451	-0.95525215616597
-1.0864088054958896	-0.9721950049633155
-1.0557766068044798	-1.0053770321919264
-1.0536648402186601	-1.0075900082978255
-1.0515484351014355	-1.009798548706795
-1.0473017465612113	-1.014202283563029
-1.0387531184156793	-1.022956098430587
-1.0214369721011323	-1.0402469573901658
-0.9859463013526854	-1.0739446499627374
-0.9836908225859454	-1.076010959932478
-0.9814310133332677	-1.0780725329968583
-0.9768984431824046	-1.0821814321279133
-0.9677817760474531	-1.0903419896000814
-0.9493445882566577	-1.106432136681877
-0.9116730785210441	-1.137672808075586
-0.9093276564813341	-1.1395483462726765
-0.9069783760037204	-1.141419049164802
-0.9022682796247598	-1.145145917303818
-0.8928022253138483	-1.1525412820412408
-0.8736889251825541	-1.1670967750567987
-0.8347558099979011	-1.1952530937041639
-0.8322919417359127	-1.196970068153791
-0.8298245419121685	-1.1986819636479422
-0.8248791894728091	-1.2020904887358972
-0.814946567514541	-1.2088462732832883
-0.7949160203760216	-1.2221111818832913
-0.7542128285150864	-1.2476418675396796
-0.7518141505674812	-1.2490887491852305
-0.7494126969321997	-1.2505310192120123
-0.7446014980733603	-1.2534017031269482
-0.734946182896052	-1.2590874983817246
-0.7155058823154661	-1.2702356288132501
-0.6761227298314669	-1.2916289229263458
-0.6736396769616744	-1.2929256768885045
-0.6711541370233055	-1.2942176573865498
-0.6661756326563035	-1.2967872789280441
-0.6561891834799282	-1.3018690317457329
-0.6361005910718494	-1.3118015316246092
-0.5954772899349383	-1.3307343902922055
-0.5927033524130001	-1.3319722055557381
-0.5899268418683145	-1.3332042385088279
-0.5843661499349738	-1.3356509361149724
-0.5732144208819796	-1.340474709954486
-0.550792296700904	-1.3498426079471526
-0.505495243462427	-1.3674508324512031
-0.5026450008943254	-1.368501086375371
-0.49979257626159374	-1.3695453994112154
-0.494081230343038	-1.3716161847096062
-0.4826328992035826	-1.3756862669013497
-0.4596364659173234	-1.3835394969185593
-0.4132669239714526	-1.398090723052621
-0.4105467128097979	-1.3988919246802791
-0.4078249483749324	-1.399687833703505
-0.40237680088178485	-1.4012637619116421
-0.39146232010008125	-1.4043519759221645
-0.36956292970707244	-1.4102731867694827
-0.36681910508352933	-1.4109893566148348
-0.3640738926269544	-1.4117001880860127
-0.35857934576515477	-1.41310582516854
-0.34757405538972586	-1.415852921865321
-0.32550102141248327	-1.4210898301634758
-0.3227362406642741	-1.4217202746308848
-0.3199702388672999	-1.4223453401244823
-0.3144346139914897	-1.423579324751048
-0.30334917241774095	-1.4259826436279295
-0.2811238721317286	-1.4305301775398833
-0.27834081289164847	-1.4310742860569619
-0.27555670056962994	-1.4316129802100168
-0.2699853588176552	-1.4326741172921107
-0.25883050206576463	-1.4347313307846215
-0.23647446021320823	-1.4385850861181269
-0.23373088219699784	-1.439033389133845
-0.23098645432762113	-1.4394764597768803
-0.22549508894774004	-1.440346897519857
-0.2145025992210624	-1.4420249149241615
-0.21175250195522666	-1.4424313149160097
-0.20900163475033603	-1.4428324701802058
-0.20349763053512993	-1.443619040710261
-0.19248082311787612	-1.4451291821378778
-0.18972484655461502	-1.4454935845359032
-0.1869681801455777	-1.4458527310717635
-0.18145281788596768	-1.4465552513526292
-0.1704142564075185	-1.4478971653911403
-0.14830803401670656	-1.4503282205696495
-0.14554222403844874	-1.4506083831815424
-0.1427758848638825	-1.4508832713336943
-0.13724165916171294	-1.4514172202799465
-0.12616730010009944	-1.4524217819628285
-0.12339753829252234	-1.4526597219851496
-0.12062732780744242	-1.4528923800889944
-0.11508560109667196	-1.4533418471766524
-0.10399720684324662	-1.4541773623954644
-0.10122413773452325	-1.4543730244591753
-0.09845070057150873	-1.4545633983747859
-0.09290276242114487	-1.4549282790121123
-0.09012828160628096	-1.4551027844071105
-0.08735347308202394	-1.4552719990005767
-0.0818029132636647	-1.455594553341075
-0.07902718215158035	-1.4557478919152889
-0.07625116369406588	-1.4558959373423388
-0.07069830511852976	-1.4561761466210033
-0.06792148519088463	-1.4563083094537679
-0.06514441829848715	-1.456435177101672
-0.059589584010324756	-1.4566730250169746
-0.05657570310029886	-1.456793194023549
-0.05356158001952228	-1.4569071272666763
-0.05054722766986647	-1.457014824258668
-0.04753265895418394	-1.4571162845385306
-0.04451788677625369	-1.4572115076719656
-0.04150292404072659	-1.4573004932513736
-0.03547247851950264	-1.4574597502512068
-0.032457021546963005	-1.4575300209899373
-0.029441425643029814	-1.4575940528112525
-0.026425703715878907	-1.4576518454410667
-0.02340986867422556	-1.4577033986319996
-0.02039393342726924	-1.4577487121633792
-0.017377910884638328	-1.4577877858412425
-0.01436181395633488	-1.4578206194983354
-0.011345655552679027	-1.4578472129941142
-0.008329448584254703	-1.4578675662147467
-0.005313205961853717	-1.457881679073111
-0.002296940596419839	-1.4578895515087975
0.0007193346010054766	-1.4578911834881088
0.0037356067193386948	-1.4578865750040588
0.006751862847509461	-1.4578757260763742
0.009768090074515862	-1.4578586367514934
0.012784275489479696	-1.457835307102567
0.015800406181701743	-1.4578057372294566
0.018816469240717015	-1.4577699272587359
0.02183245175635003	-1.4577278773436877
0.024848340818770718	-1.4576795876643058
0.027864123518547404	-1.4576250584272932
0.030879786946704683	-1.4575642898660603
0.03389531819477799	-1.4574972822407257
0.03691070435486827	-1.4574240358381134
0.03992593251969746	-1.4573445509717526
0.04294098978266383	-1.4572588279818763
0.04595586323789719	-1.4571668672354194
0.04897053998031442	-1.4570686691260173
0.05198500710567415	-1.456964234074004
0.05499925171063127	-1.4568535625264116
0.06102702175078076	-1.4566135118660875
0.06404052138426825	-1.456484133780886
0.06705374689405441	-1.4563485212551612
0.07307932395163369	-1.4560585952307685
0.0851266211544886	-1.4554039572247448
0.0881375667262068	-1.4552247213630651
0.09114813502747943	-1.4550392564517425
0.09716808827373778	-1.454649642682338
0.10920290062305973	-1.4537957032644364
0.11221046730225025	-1.4535666587268838
0.11521755366760263	-1.4533313922369804
0.12123023397190066	-1.452842197454956
0.13324926460192066	-1.4517891905568363
0.13605167564125525	-1.4515292494089926
0.13885357964574388	-1.451263898729032
0.14445582478377914	-1.4507169727485318
0.15565377132141509	-1.449558251264173
0.1584518338143651	-1.4492550626771987
0.16124930579197833	-1.4489464730335044
0.166842436501168	-1.4483130951962633
0.17802115316280795	-1.4469815787912472
0.18081419974533883	-1.446635215078452
0.18360657247288395	-1.4462834600725358
0.18918925473931908	-1.445563781445083
0.2003460752966432	-1.4440597876985075
0.2226232130205004	-1.4407935748604155
0.22540423063433798	-1.4403611190068861
0.22818440821589522	-1.4399232952424197
0.2337422018408835	-1.4390315505273685
0.24484725302898733	-1.4371837192992363
0.2670128946810137	-1.433231081999233
0.3111478512550172	-1.4243013146781873
0.3141276316941285	-1.423647095083913
0.31710603660361003	-1.4229866414988501
0.3230586676713586	-1.42164704395185
0.3349468500094427	-1.4188931700460674
0.358651982464209	-1.4130873914267013
0.36160819288594576	-1.4123337902820237
0.36456281986600547	-1.4115740046862486
0.3704672717561653	-1.4100358934765351
0.38225660543677314	-1.4068856058452592
0.4057541039116091	-1.4002895513048415
0.4086834307264593	-1.399437413314464
0.4116109679624513	-1.398579147344776
0.41746062242832627	-1.3968442465272861
0.42913789289401405	-1.3933010762994165
0.4524014192555027	-1.3859221392957952
0.49854164194222017	-1.370001259701677
0.5013550019420072	-1.368974208070538
0.5041662461193618	-1.3679413790833794
0.5097823395596125	-1.365858406500379
0.5209886151577823	-1.3616233264785835
0.543294875947641	-1.3528776360423969
0.5874612013281065	-1.3342925306201652
0.5902010167769748	-1.3330828856939285
0.5929383414547406	-1.3318676148805213
0.5984054722992072	-1.3294202161306972
0.6093093371536736	-1.324458135235681
0.6309929062452653	-1.3142660204854952
0.6738429644262665	-1.2928197398043735
0.6763186031126858	-1.2915263711664318
0.6787917593286145	-1.2902282618987198
0.6837305880466357	-1.2876178405505372
0.6935780570247906	-1.2823403211114992
0.7131502201285117	-1.271559665869157
0.7517874062971185	-1.2491048459067309
0.75417914985191	-1.2476622260304577
0.7565681251441175	-1.246215026530551
0.7613377358754283	-1.2433069099247793
0.7708433530408041	-1.2374359560831572
0.789718219779418	-1.2254763782640012
0.8269070211241661	-1.200696464036679
0.8294002378075714	-1.198975590184959
0.8318898731972749	-1.197249539238353
0.8368583571107842	-1.1937819358946868
0.8467518774518191	-1.1867849334931946
0.8663627412024208	-1.1725454451708275
0.9048608799597575	-1.1430984245694156
0.907234241790719	-1.1412156898926014
0.9096036862460544	-1.1393280275242141
0.9143307821224068	-1.1355379523371532
0.9237375163379411	-1.1278990297204972
0.9423588858218636	-1.11238794970424
0.9788153126504443	-1.0804479645293612
0.9809090215118522	-1.0785475009712309
0.9829990404491551	-1.0766429801984811
0.987167977116929	-1.072821795681602
0.9954612263641557	-1.0651310563213328
1.0118674862056085	-1.0495577214687002
1.0439453039155762	-1.017656829568417
1.0459171056458818	-1.0156301632247675
1.047884972908612	-1.013599676345126
1.051808874435757	-1.0095272715448618
1.0596091391596185	-1.001336952550958
1.0750178771416534	-0.9847760071003355
1.1050552852235158	-0.9509469159391606
1.1070513654408003	-0.9486224194115835
1.1090425560622312	-0.946293733033026
1.1130102333606091	-0.9416238318825567
1.1208865272947077	-0.9322342051565353
1.1364009317439507	-0.9132579825362093
1.1664617769356451	-0.8745365305593381
1.1682971366285095	-0.8720831502100316
1.1701273362167808	-0.8696259180664107
1.1737722227680585	-0.8646999418253466
1.1809997204694385	-0.8548022464791111
1.195203834365847	-0.8348263380199519
1.2225946086075072	-0.7941723007877339
1.2242306586872256	-0.7916479739536182
1.2258614967234018	-0.7891202767548731
1.2291075089148076	-0.7840548143235033
1.235536684767513	-0.7738839195437063
1.248142117069433	-0.7533846799159515
1.2723294044660325	-0.7117760229635007
1.2737953366056582	-0.7091492514106637
1.2752558456849228	-0.7065194607235239
1.2781605698135794	-0.701250866743459
1.2839046693057676	-0.6906779426545157
1.2951301115731595	-0.6693916749042536
1.3165193902571868	-0.6262778260576308
1.3177224757369874	-0.6237424927581986
1.3189206787154808	-0.6212048483321123
1.3213024194280492	-0.6161226637190117
1.3260071167069727	-0.6059309752579806
1.335180404599119	-0.5854404389083142
1.3525750386737898	-0.5440477783165948
1.3536197724331056	-0.5414431937080512
1.3546594906823801	-0.5388366029129622
1.3567238652597073	-0.5336174414029082
1.3607922600340714	-0.5231554695938776
1.3686867941703547	-0.5021391040322432
1.3835003895514562	-0.4597541652291968
1.3844568813887006	-0.456865805144246
1.3854073431489293	-0.4539754551555085
1.387290159905472	-0.44818883583159014
1.3909832521056298	-0.4365922728316121
1.3980783793356113	-0.4133086807326183
1.3989379079163078	-0.410389997599077
1.3997913433470928	-0.40746952698964894
1.4014799199167454	-0.40162327423193445
1.4047837934810987	-0.3899098792124668
1.4110976254139604	-0.36640239066593067
1.4118592324336356	-0.36345663857815524
1.4126146900238699	-0.3605093034352829
1.4141071437810668	-0.3546099353401992
1.4170181151592518	-0.3427927677841935
1.4225436123858084	-0.31908759172829243
1.4324035789064324	-0.27141703607303463
1.432929729945332	-0.2686254071628825
1.4334504403497441	-0.26583275831949565
1.4344755313675104	-0.2602444432500441
1.4364603401832947	-0.24905604071196513
1.4401680498758094	-0.22663452616831176
1.4406069251006095	-0.2238278527949408
1.4410403305416817	-0.22102032957840606
1.4418907255110969	-0.2154027762581288
1.4435258070318884	-0.20415794074089363
1.4465327957358938	-0.1816317461104371
1.4468839685959065	-0.1788127561299435
1.4472296478391322	-0.1759930872223347
1.4479045202461016	-0.17035175545186815
1.4491882853068994	-0.15906141601241894
1.4494954736514225	-0.15623729451915383
1.449797158463638	-0.1534125798146551
1.4503840129302243	-0.14776141367436055
1.4514916304762433	-0.13645243490698022
1.4517547596602796	-0.13362386814619107
1.4520123767338138	-0.13079479403419672
1.452511070657764	-0.1251351667248786
1.4534422715443236	-0.11381029664623407
1.4536612776289977	-0.1109779719433427
1.4538747643643863	-0.10814522587255807
1.4542851765659506	-0.10247851265103615
1.455039734516602	-0.09114050313929131
1.4552111842490956	-0.08836079204585769
1.4553773236202956	-0.08558075850594
1.45569366887309	-0.08001976466742104
1.4558438736002761	-0.07723882466201622
1.4559887656573567	-0.07445760279644616
1.4562626096656275	-0.06889435408277662
1.4563915606175053	-0.06611234753610211
1.456515196900656	-0.06333009973203815
1.4567465236754773	-0.0577649209645355
1.4568542133229891	-0.05498201030956492
1.4569565866134606	-0.052198899014067004
1.4571453826483591	-0.04663211512673871
1.4572318047038315	-0.04384846284923385
1.4573129090243555	-0.04106465055977855
1.4573886953139652	-0.03828068841706948
1.457459163296101	-0.035496586580350174
1.4575243127136104	-0.03271235520937393
1.4575841433287506	-0.02992800446436676
1.4576386549231872	-0.027143544505990262
1.4576878472979962	-0.024358985495304606
1.4577317202736648	-0.021574337593731407
1.4577702736900917	-0.018789610963016665
1.4578035074065878	-0.016004815765193685
1.457831421301876	-0.013219962162545984
1.4578540152740929	-0.010435060317570202
1.457871289240789	-0.007650120392939038
1.4578832431389277	-0.004865152551464141
1.4578898769248867	-0.0020801669560590406
1.4578911905744585	0.0007048262302979487
1.4578871840828487	0.003489816844600811
1.4578778574646782	0.006274794723852917
1.4578632107539815	0.009059749705104108
1.4578432440042075	0.011844671625487788
1.4578179572882188	0.014629550322258
1.4577873506982924	0.017414375632826534
1.457751424346117	0.020199137394799976
1.4577101783627957	0.022983825446016827
1.4576636128988436	0.025768429624584574
1.4576117281241872	0.028552939768916777
1.4575545242281647	0.031337345717770124
1.4574920014195247	0.034121637310281554
1.457424159926426	0.03690580438600531
1.4572725218965288	0.042473724347615774
1.4571887259130887	0.04525745691503121
1.4570996123519036	0.04804102432879056
1.4569054338164755	0.05360762306476844
1.4568003695508296	0.0563906340733371
1.45668998912463	0.05917343930102409
1.4564532814211701	0.06473839179445422
1.4563269550077045	0.06752051875255499
1.456195314161271	0.0703023993145634
1.4559160911104283	0.07586538064464977
1.4552938942491722	0.08698793994402752
1.455110497152732	0.09000367442807772
1.454920850703695	0.09301902236780868
1.4545228130326113	0.09904850681522726
1.4536517830944815	0.11110226748748618
1.4534184154854373	0.11411454711134601
1.4531788057908832	0.11712633664043796
1.452680864288316	0.1231483936768073
1.4516101233315923	0.13518605762380337
1.451326849353024	0.13819405443669036
1.4510373422717242	0.14120145773906756
1.4504396338011485	0.14721443215057695
1.4491694761281277	0.15923269071756077
1.4463305123168178	0.1832355573462708
1.445947672875811	0.18623250962077934
1.4455586234343525	0.18922866207106837
1.4447619012602424	0.19521851603143714
1.4430940122111129	0.20718806011703245
1.4394608653907106	0.23108361547988115
1.4389788813651034	0.23406622849070435
1.4384907172683423	0.237047836242892
1.4374958572740848	0.24300798475455598
1.4354320704570447	0.254915655537334
1.4310087347588127	0.2786776298496321
1.4304671137795806	0.28144458909302766
1.429920142689035	0.28421049570133233
1.4288101583769437	0.2897391096374111
1.4265260797690502	0.3007832509854435
1.421701967714887	0.32281687584487473
1.4210750016297466	0.32556575384650377
1.420442720560871	0.32831341419481785
1.4191622229509988	0.33380504082983276
1.416537553308574	0.34477323040106495
1.411034072718035	0.3666470591227779
1.4103223617801222	0.3693752241252312
1.4096053760745821	0.37210200762191886
1.4081555911067742	0.3775513893092675
1.405192843270975	0.38843312623237963
1.3990152631395605	0.41012621695908846
1.3856570457073496	0.45321272269896273
1.3847040551479022	0.4561161036310626
1.383744981113033	0.45901748069013587
1.381808599497889	0.4648141722111208
1.377863021746622	0.4763829485171513
1.3696815878136317	0.49941923104637814
1.3521657997165701	0.5450640975256721
1.351020359638082	0.5478970780885899
1.3498689840680917	0.550727651553474
1.3475484467131953	0.5563815274570871
1.3428363704186674	0.567659847633639
1.3331293794961283	0.5900959903769001
1.3125937353199346	0.6344642671841244
1.3112853787348822	0.6371639316932052
1.3099714696481393	0.63986089819782
1.307327016247516	0.6452466915250274
1.3019717257972545	0.6559854004161564
1.290996888022593	0.6773287646708995
1.2680007190451101	0.719459100182707
1.2665175575867629	0.722066822848888
1.2650290331914125	0.7246714879981321
1.2620359208243914	0.7298716016420675
1.255985619696592	0.7402346543157746
1.2436301541158963	0.7608096083175464
1.2179116086819446	0.8013354689344436
1.2163713454527938	0.8036715562317648
1.2148266013593414	0.8060046829667544
1.2117236933581077	0.810662020381622
1.205464358470374	0.8199407910283747
1.1927329099035315	0.8383528051886512
1.1664294901826098	0.8745795931571716
1.1647487427956005	0.8768167348372718
1.163063704711444	0.8790506465030997
1.1596807812968208	0.8835087468867652
1.1528637202808276	0.8923858261956408
1.139026153066372	0.9099816717744643
1.110548739299962	0.9445256576577958
1.108580386100597	0.946835121807212
1.1066072302172112	0.9491404839988752
1.1026465446122262	0.9537388625768297
1.0946679187073574	0.9628859579864739
1.0784835906964332	0.9809792887381238
1.0452224443806877	1.0163450507074294
1.0431047468985604	1.0185183883132976
1.0409825303914146	1.0206873134092118
1.0367245770977755	1.025011888504746
1.0281548480549485	1.033607676420668
1.0108021857121712	1.0505837242667166
0.9752609854623042	1.0836573400156166
0.9731536310936424	1.0855501971921362
0.9710426029384032	1.0874389562698392
0.9668095571596984	1.0912041516230107
0.9582997317432196	1.0986850524492904
0.941106949102671	1.1134473183250697
0.9060434673629996	1.1421613089154525
0.9038225722016621	1.1439195681136842
0.9015982649878717	1.14567350886083
0.8971394480040229	1.1491684085327372
0.8881812397366752	1.1561060962188763
0.8701044240877424	1.169771563818152
0.8333245492264559	1.1962514016673713
0.8310445313950087	1.1978364692949857
0.8287614986129124	1.1994171912856286
0.8241864213381853	1.20256557543295
0.8150004525456377	1.2088099448155745
0.7964871278367155	1.221087824656788
0.7589100310778382	1.2447902574586858
0.7565376960215912	1.2462334993222455
0.7541626163184193	1.2476722199690042
0.7494042574474814	1.2505360767503735
0.7398549837345988	1.2562093071529534
0.7206281557509708	1.2673366882851538
0.6816770531654491	1.288706178895056
0.6790121034183855	1.2901123143920326
0.676344253166851	1.2915129389761455
0.6709998967472408	1.2942976314974153
0.6602768801083191	1.2998006239147029
0.6386962007577424	1.3105397298335721
0.5950169697884734	1.330940278899985
0.5922649158297172	1.3321672154094788
0.5895103319204238	1.3333884613621412
0.583993621327494	1.3358138607543442
0.5729303591847102	1.3405961449516053
0.5506871210529285	1.3498855192352661
0.50575512676052	1.3673547352790634
0.503117442426353	1.3683274679187698
0.5004778872234767	1.3692951123607182
0.4951932034798196	1.3712151222773254
0.4846018179039263	1.3749939266843458
0.46333318218626635	1.3823058932883758
0.42047020268050395	1.3959412698937024
0.4177775519557384	1.3967494898572532
0.41508334770314165	1.3975525159342597
0.40969031869435635	1.3991429745035864
0.3988860595410574	1.4022614349109208
0.37720698841027744	1.4082478859309804
0.3335847205158038	1.4192140270491338
0.3306172018585765	1.4199082668150897
0.32764823841483504	1.420596301627694
0.32170602907116636	1.4219537443932164
0.309804844229782	1.4245940400080253
0.2859383243519511	1.4295756345858113
0.28294924942399674	1.4301702495105342
0.2799589380169443	1.4307586146373719
0.27397465804114807	1.4319165852401678
0.26199183566821105	1.4341574175723624
0.23797207532946033	1.438338107573465
0.2349647877335042	1.438832432516023
0.2319564733490004	1.4393204698072355
0.22593681680372643	1.4402776729322808
0.21388576097859252	1.4421165353691896
0.21087062741291998	1.4425605009250422
0.2078545723494039	1.4429981625380102
0.20181975045306288	1.4438545663125806
0.1897396288717621	1.4454916442408903
0.18671749258336223	1.445885126245515
0.18369454034553884	1.4462722897787497
0.17764624086594602	1.4470276546910998
0.16554043199444715	1.4484624902667373
0.1412949381728309	1.4510282425857062
0.13846225769042744	1.4513012862703238
0.13562904962267608	1.4515688000343203
0.12996109391480315	1.452087233744273
0.11861932660325575	1.453057698679174
0.11578272781738923	1.4532864756385064
0.11294568786241516	1.4535097151130132
0.10727032768688877	1.453939578226198
0.09591478905527548	1.454732818621725
0.09307496368623809	1.4549172730672462
0.09023478367191447	1.4550961838140837
0.0845534029966816	1.4554373715060045
0.08171222398364411	1.4555996471510542
0.07887073362098147	1.4557563764973571
0.07318686215586014	1.456053193926103
0.07034450271076392	1.456193280877577
0.06750187523068499	1.4563278192683706
0.06181585949182445	1.456580248338523
0.058972492898575694	1.456698138056047
0.056128901601327344	1.4568104772892234
0.05044108823560208	1.4570185026114921
0.04759688783950756	1.4571141879079414
0.04475250608409561	1.457204321134761
0.04190795380736697	1.4572889019485142
0.03906324184797211	1.4573679300269213
0.03621838104517121	1.4574414050688602
0.033373382238791605	1.4575093267943675
0.030528256269185195	1.4575716949446396
0.02768301397718837	1.4576285092820342
0.02483766620408208	1.4576797695900707
0.021992223791549168	1.4577254756734304
0.019146697581631796	1.4577656273579591
0.016301098416691417	1.457800224490666
0.013455437139368765	1.4578292669397248
0.010609724592541246	1.4578527545944744
0.007763971619280312	1.45787068736542
0.004918189062811462	1.4578830651842312
0.0020723877664742094	1.457889888003745
-0.0007734214263205287	1.4578911557979644
-0.003619227672133041	1.457886868562058
-0.0064650201275348465	1.4578770263123626
-0.009310787949148714	1.4578616290863795
-0.012156520293691275	1.4578406769427776
-0.015002206318015633	1.4578141699613907
-0.01784783517915139	1.457782108243219
-0.020693396034344665	1.457744491910428
-0.023538878041100688	1.457701321106348
-0.026384270357226448	1.4576525959954736
-0.029229562140870646	1.4575983167634627
-0.03207474255056314	1.4575384836171366
-0.034919800745260396	1.4574730967844787
-0.04060950712785996	1.4573256630779061
-0.04339837258560237	1.4572452784591714
-0.04618707910126017	1.457159556829217
-0.05176397445353887	1.4569721038109824
-0.05455214286535246	1.4568703731092292
-0.057340111485544236	1.456763306769309
-0.06291540850923383	1.4565331687629852
-0.0657027164937787	1.4564100979394385
-0.06848978384887033	1.4562816931634353
-0.07406315584221873	1.4560088836546698
-0.08520656321580242	1.4553992792081416
-0.08799166041303541	1.4552335510262204
-0.09077643534984577	1.4550624932008254
-0.09634497764760767	1.4547043911450563
-0.10747774644783446	1.4539242601845261
-0.11025998006182365	1.453715913489081
-0.11304180985995674	1.453502242708353
-0.11860421725750438	1.453058932040735
-0.12972373808669013	1.4521084574202585
-0.13250245599269805	1.4518575410454464
-0.13528068862206438	1.45160130739145
-0.1408356573527204	1.4510728920190927
-0.15193932391836093	1.4499522965193916
-0.15471387481569085	1.4496588692772314
-0.15748785908933882	1.4493601328082966
-0.16303408712996956	1.4487467365859101
-0.17411929685562275	1.4474562828621562
-0.17688903042028026	1.447120413528743
-0.17965811614702412	1.4467792442653886
-0.18519430352321456	1.4460810109662523
-0.19625845815851845	1.4446210014865033
-0.21835161865288688	1.4414471169509797
-0.221343347162765	1.4409907504912758
-0.22433412188773152	1.4405281746954786
-0.23031275843721644	1.4395844030954443
-0.24225801935075733	1.437622437357902
-0.26609761146175226	1.4334012981398394
-0.26907253535023834	1.4328458364579288
-0.27204629978519906	1.4322842005369634
-0.2779902990429098	1.4311424156849872
-0.28986382063400823	1.428784863379397
-0.3135500927528078	1.4237744061716142
-0.316504930613425	1.4231204619539477
-0.3194584046308053	1.4224603854045874
-0.3253612102348326	1.4211218467144722
-0.337149895748035	1.4183713082728782
-0.3606567213955533	1.4125770597198715
-0.40736553774256495	1.3998216097040144
-0.4100767695182864	1.3990297578808226
-0.41278646208225367	1.3982326548383295
-0.41820118889772	1.396622707082754
-0.42901172486613587	1.3933399299029685
-0.4505548558712632	1.3865235454854172
-0.4933112753780353	1.3718932924683038
-0.49596823789546135	1.3709349828979847
-0.49862333880989507	1.369971527561321
-0.5039279159734201	1.3680291940734717
-0.5145142930400324	1.364082938311356
-0.535593715371527	1.3559449075788996
-0.5773615503657047	1.3386937142206714
-0.5801708368511125	1.3374786055866863
-0.582977566050418	1.336257601593554
-0.5885833031158698	1.3337979290836521
-0.5997635462275012	1.3288080782984573
-0.6219963525867565	1.3185475940228315
-0.6659293593579954	1.296913763008041
-0.6686507345305125	1.2955128002248502
-0.6713691624138487	1.2941061270600467
-0.6767971283967067	1.2912756744121676
-0.6876171665466696	1.2855465190357587
-0.7091110012822358	1.273816630522279
-0.7514925567235852	1.2492822569474344
-0.754065998479915	1.2477306160670723
-0.7566362365054699	1.2461736740685325
-0.7617670576981833	1.2430439131987572
-0.7719897757549109	1.2367210705993932
-0.7922770870282828	1.223823613804132
-0.8321999800033315	1.1970340068757785
-0.8346655554848196	1.1953161217108403
-0.837127584799617	1.1935931581163604
-0.8420409631034648	1.1901320249411054
-0.8518247064771032	1.183149140966524
-0.8712178176887032	1.1689425710771082
-0.9092881664131206	1.1395798571209004
-0.9114776369897527	1.1378293974063964
-0.9136637377854266	1.1360747310765211
-0.9180257977178644	1.1325528045345636
-0.9267091254358836	1.1254587585373736
-0.9439108187896728	1.1110713687726979
-0.9776401811834666	1.0815113945170365
-0.979717873037463	1.0796296168527315
-0.9817919428227441	1.0777438477407184
-0.9859291855287974	1.0739603630754484
-0.9941598696273957	1.0663458041165945
-1.0104443330984632	1.0509279090612396
-1.0422922296311465	1.0193498557341147
-1.0444151690919221	1.0171746039423706
-1.0465335688370754	1.0149949308404262
-1.0507567123684494	1.010622358622287
-1.0591481190205128	1.001824576615056
-1.0757093748315243	0.9840206101673876
-1.1079296409359414	0.9475965022467017
-1.1099028418397978	0.9452845613943811
-1.11187121837551	0.9429685117132945
-1.1157934641400715	0.9383241261509403
-1.1235796882031868	0.9289864932235862
-1.1389171783330907	0.9101180589530228
-1.168637508997017	0.8716269803648081
-1.1703318475759859	0.8693506696862928
-1.1720217522884748	0.8670710654250202
-1.1753882345216473	0.8625020107122717
-1.1820677120176133	0.8533247591275385
-1.1952113077182682	0.8348156384717612
-1.2206260000976226	0.7971946990668624
-1.2221753637051342	0.7948173379380004
-1.2237200970341573	0.7924369656000022
-1.2267956494650758	0.7876672233806542
-1.232890934661584	0.778092001991996
-1.2448569391702107	0.7588006466354659
-1.2678806259656261	0.7196707154217401
-1.2692515613726243	0.7172500918701803
-1.270617875357689	0.7148268567675244
-1.273336619179535	0.7099725872109844
-1.2787184319970348	0.7002330983363121
-1.2892582666758416	0.6806323105338379
-1.3094342678686322	0.6409595295071022
-1.3106549344449285	0.6384597584419764
-1.3118708288470982	0.6359576627061383
-1.3142882834378689	0.6309465336718848
-1.3190657329016526	0.6208967809702773
-1.3283898247156998	0.6006893489370521
-1.3461072698909764	0.5598593022191279
-1.3472634323382962	0.557071327765718
-1.3484138205119258	0.5542809657448639
-1.350697254340963	0.5486931268481595
-1.3551946154343302	0.5374893251334627
-1.3639102403072256	0.5149719183797428
-1.3802168681112148	0.46951956009935963
-1.3811859318721913	0.46666116394336205
-1.3821490759700963	0.4638007677113477
-1.3840575886902196	0.45807402406558856
-1.3878033982451532	0.4465970758455894
-1.3950092633411821	0.42355209304986274
-1.4082711972962452	0.3771199480277157
-1.4089970915040881	0.3743987399386471
-1.4097177275158697	0.3716761346415979
-1.4111432142135956	0.3662267730703875
-1.4139309722421436	0.3553117308350702
-1.419253050849448	0.33341865273130805
-1.4198945022140452	0.3306763113937184
-1.420530654714844	0.32793273601463363
-1.4217870536486734	0.3224419240912253
-1.4242361620190076	0.31144594255182345
-1.4288791156089904	0.2893988481509493
-1.4294355113625399	0.286637993277829
-1.429986572646471	0.2838760687085576
-1.4310726835994347	0.2783490517141007
-1.4331808027191333	0.2672826351485782
-1.4371401959555845	0.24510258567255222
-1.4376110045824928	0.24232585466256487
-1.438076448229893	0.23954821932363218
-1.438991233658293	0.23399027712537668
-1.4407563496762834	0.2228639970971038
-1.4440284002168111	0.20057218077765487
-1.4444575718700994	0.19745770028480478
-1.4448800262197337	0.194342301534916
-1.4457047751809635	0.18810880721961448
-1.4472735811120732	0.1756314372476126
-1.4476489610783267	0.1725100165887995
-1.4480176088996943	0.16938779368962417
-1.4487347012816485	0.16314099925217948
-1.4500880269736593	0.15063842259618404
-1.4504095035329487	0.1475109907631688
-1.450724235109729	0.1443828729452292
-1.451333457492626	0.13812463754568374
-1.4524709001711111	0.1256005752007072
-1.4527383776461449	0.12246806297428584
-1.4529990993084763	0.11933498122253963
-1.4535002703766153	0.11306716742597427
-1.4544214915178728	0.10052534678156227
-1.4546348903024717	0.09738868645454926
-1.4548415244548285	0.09425157323131145
-1.4552344950505522	0.08797604645351413
-1.4554208296664495	0.08483766208265509
-1.4556003959951727	0.08169888318284092
-1.4559392204823562	0.07542020018440507
-1.4560984770651477	0.07228032528416344
-1.4562509622094346	0.0691401142515891
-1.456535615377521	0.06285874220387111
-1.45666778207757	0.059717610399612674
-1.456793174691619	0.05657620088465419
-1.45702363536072	0.05029260715908915
-1.457128702344038	0.04715045216969951
-1.457226993097893	0.0440080779119071
-1.457318507165194	0.04086549899900453
-1.457403244120364	0.03772273004523873
-1.4574812035693423	0.03457978566573714
-1.4575523851495866	0.03143668047644364
-1.457616788530074	0.028293429094051276
-1.4576744134113033	0.025150046135931615
-1.4577252595252956	0.022006546220070058
-1.4577693266355964	0.018862943964993963
-1.4578066145372761	0.015719253989706618
-1.4578371230569307	0.012575490913621815
-1.4578608520526837	0.009431669356490075
-1.4578778014141858	0.006287803938334518
-1.4578879710626156	0.0031439092793835275
-1.4578913609506803	1.7854019886928292e-16