-1.1339007802912116	-1.3886279611343185e-16
-1.1338986749370275	-0.002185067749879231
-1.1338923588822938	-0.004370127385571245
-1.1338818321504645	-0.0065551707929197385
-1.1338670947806306	-0.008740189857826519
-1.133848146827519	-0.01092517646628681
-1.1338249883614921	-0.013110122504414845
-1.1337976194685484	-0.015295019858474517
-1.1337660402503216	-0.017479860414911508
-1.1337302508240799	-0.019664636060383923
-1.1336902513227265	-0.021849338681787896
-1.1336460418947987	-0.024033960166292754
-1.1335976227044664	-0.026218492401369108
-1.1335449939315334	-0.028402927274816994
-1.1334881557714347	-0.030587256674801007
-1.1333618521496394	-0.03495556660901727
-1.1332923871569676	-0.03713953092165355
-1.1332187137151781	-0.03932335731769675
-1.1330587425942116	-0.043690563922232806
-1.1329724455090822	-0.04587392791322888
-1.1328819411629298	-0.048057121552694516
-1.132688312047519	-0.052422965348791255
-1.132585187997297	-0.05460559929298431
-1.1324778581241215	-0.05678803046083356
-1.132250582518793	-0.06115225205070198
-1.1317455800158513	-0.06987790537503805
-1.131608821416288	-0.07205869023135139
-1.131467860619481	-0.07423920749976305
-1.1311733345435544	-0.07859940688475062
-1.1305338801020213	-0.08731623838947054
-1.130363519454831	-0.08949465587791638
-1.13018896123479	-0.09167274103049797
-1.1298272546846106	-0.0960278819762998
-1.1290535002756625	-0.10473382004058242
-1.1288495780683387	-0.10690935244379686
-1.1286414639101432	-0.10908448784216553
-1.128212662848004	-0.11343353531665455
-1.1273047923602177	-0.12212651090858402
-1.1252881719493268	-0.1394901774891712
-1.1249943035129828	-0.14184074382333617
-1.1246955250845971	-0.14419069109932411
-1.1240832434891512	-0.1488886874545143
-1.122799819205108	-0.15827680037830863
-1.119997847131654	-0.1770192135489211
-1.119625587289784	-0.17935864582178565
-1.1192484408874168	-0.18169729529110992
-1.1184794950066725	-0.18637220499483612
-1.1168830383730188	-0.19571218188879402
-1.113456262954488	-0.21435048409659443
-1.1130060275950444	-0.21667616869909237
-1.112550934565904	-0.21900090762723395
-1.1116261834646644	-0.22364750787970547
-1.1097184780395648	-0.2329289141402805
-1.1056707276626156	-0.2514422827112422
-1.0966499392405271	-0.2882531705094793
-1.096085561642287	-0.290391840629744
-1.0955170132461782	-0.2925294057581072
-1.094367412729923	-0.29680118850812015
-1.0920182583760647	-0.30533113650318233
-1.0871206422760735	-0.3223347463154965
-1.076532439635851	-0.3561023532029811
-1.0758357479324214	-0.35820165133023274
-1.0751349624852171	-0.36029958643735566
-1.0737211210414976	-0.36449133566438546
-1.0708444316021068	-0.3728581269756357
-1.0648956447178732	-0.3895230999644609
-1.0522215922974232	-0.4225644332502368
-1.0514115473168242	-0.42457595046570873
-1.0505976569511484	-0.42658591485628766
-1.0489583519853622	-0.43060115576385916
-1.0456337293479856	-0.43861268061336506
-1.0388011188710504	-0.4545582635672486
-1.0244081093805184	-0.48612653186228205
-1.0234765578131264	-0.48808474177340627
-1.0225412630288258	-0.4900411665854534
-1.020659457505996	-0.49394863229751346
-1.0168510792841512	-0.5017418281384117
-1.0090560387061938	-0.5172396836047896
-0.9927592796111775	-0.5478685903489215
-0.9916205834530943	-0.549926902430826
-0.990477619752254	-0.5519828478448652
-0.9881789094161014	-0.556087603287668
-0.9835304958886115	-0.5642683255350421
-0.974030823808466	-0.5805126474212422
-0.9542293542323665	-0.6125171989963213
-0.9529566266720205	-0.614495441176663
-0.9516797979632937	-0.616471038811689
-0.9491138590981877	-0.6204142664484465
-0.9439330105455156	-0.6282686138488044
-0.9333766846171773	-0.643846988156398
-0.911495786722274	-0.6744675013168248
-0.9101882626768637	-0.6762309561313286
-0.9088773269114961	-0.677991876183802
-0.9062452398891342	-0.681506085609882
-0.9009403422697017	-0.6885037975319898
-0.8901687705276461	-0.7023749280279851
-0.8679876324055249	-0.7296084220567014
-0.866573433265784	-0.7312875387308129
-0.8651559858904883	-0.7329639142705975
-0.8623113676978399	-0.7363084168228007
-0.8565833870761833	-0.7429642525250539
-0.8449736552823337	-0.7561418527127238
-0.8211489211981866	-0.7819497610205357
-0.8195064574017811	-0.7836709423104835
-0.81786038590557	-0.7853886736587247
-0.8145574488154745	-0.7888137562975458
-0.8079086021426214	-0.7956221905709858
-0.7944406632113571	-0.8090704618148641
-0.7668371665910874	-0.8352794379604775
-0.7650829281052588	-0.8368865470700924
-0.7633253215074327	-0.8384899719678184
-0.7598000349405126	-0.84168574090893
-0.7527093859011796	-0.8480327587548062
-0.7383695371426783	-0.8605471551081472
-0.7090698544447126	-0.8848451395938006
-0.707245660988209	-0.8863038725845498
-0.7054184665634119	-0.8877588448313782
-0.7017551058340722	-0.8906574824144401
-0.6943927147417605	-0.8964093580828941
-0.67952700765733	-0.9077301501048058
-0.6492460890172345	-0.9296292247131884
-0.6473297719173227	-0.9309646319460722
-0.6454107080828202	-0.9322960889315427
-0.6415643727933732	-0.9349471295786003
-0.6338391004648002	-0.9402015604470093
-0.6182599883043329	-0.9505185776232596
-0.5866023612357693	-0.9703755197538932
-0.5847367470553798	-0.9715008575333896
-0.5828689740348282	-0.9726226085448586
-0.5791269790643547	-0.9748553337110141
-0.5716173869872275	-0.9792775614905677
-0.5564973495222633	-0.9879482170233996
-0.5258664064163145	-1.0045872297355816
-0.5239351681485152	-1.0055958030551866
-0.5220019955191612	-1.0066006637286864
-0.5181298757318914	-1.0085992323113642
-0.510362738332815	-1.0125516554065028
-0.4947384804377555	-1.0202768327856706
-0.4631429897922035	-1.0350021983316544
-0.46098551084359807	-1.0359649310364156
-0.4588260306810619	-1.0369231664470033
-0.4545011042214782	-1.0388261287657696
-0.44582764979717837	-1.0425779041497776
-0.42838844631076156	-1.049863952430252
-0.3931578623401503	-1.0635590603371032
-0.39094103579288125	-1.0643759138942441
-0.3887225121062691	-1.0651881468204618
-0.3842804118462468	-1.0667987366960543
-0.3753762699055224	-1.069964315076365
-0.3574903873592397	-1.0760723035608524
-0.3214256563357409	-1.0873897769402454
-0.3193099640136835	-1.0880129256707378
-0.3171930636059258	-1.088631957984564
-0.31295567057439483	-1.089857664009548
-0.3044667401874442	-1.0922595770532981
-0.28743410214619675	-1.0968649034719036
-0.28530004403668924	-1.0974219172304158
-0.2831649065155054	-1.0979747789740362
-0.27889142555470287	-1.0990680380654712
-0.27033186640079393	-1.101204641087787
-0.25316417399203395	-1.1052777391008783
-0.2510138168860804	-1.1057680784311417
-0.2488625100878628	-1.1062542341694275
-0.24455707997543827	-1.1072139875285651
-0.23593518181002923	-1.109083211273747
-0.21864906158768135	-1.1126201361704025
-0.2164844880615266	-1.113043326188948
-0.21431909548227668	-1.113462305090153
-0.20998588593797038	-1.1142876232157763
-0.20130999889055873	-1.1158876573794074
-0.18392219210342853	-1.1188849837212438
-0.18178832579713383	-1.1192336593173444
-0.1796537985025143	-1.1195782653430872
-0.1753827919955199	-1.1202552636863057
-0.1668331887724821	-1.1215603713884614
-0.16469425200453636	-1.1218764561669368
-0.1625547164028788	-1.122188461765758
-0.15827387981826618	-1.1228002309014242
-0.14970536308146615	-1.1239747700948028
-0.1475618535860067	-1.1242581905021996
-0.14541780755079892	-1.1245375230698784
-0.14112813704635035	-1.1250839206382983
-0.13254270070386184	-1.1261276180056792
-0.1153491954197046	-1.1280184141498069
-0.11319803781188485	-1.1282363155742494
-0.11104646861228046	-1.1284501146943804
-0.10674212673189115	-1.1288654029271032
-0.09812884818622497	-1.1296467185357832
-0.09597461697328707	-1.129831780594726
-0.0938200367934891	-1.1300127345481938
-0.08950986087104884	-1.1303623155218259
-0.08088566620682042	-1.131012152254474
-0.07872886268194566	-1.1311643318836684
-0.07657177289633907	-1.1313123985621876
-0.07225676591694194	-1.1315961909286556
-0.07009886441265858	-1.1317319155847263
-0.0679407080266011	-1.1318635252263687
-0.06362366199857165	-1.1321143975671848
-0.061464788053520875	-1.1322336593541786
-0.059305690620481806	-1.1323488043023873
-0.05498685669341791	-1.1325667420227366
-0.052827135902815375	-1.1326695340024486
-0.05066722303101057	-1.1327682075585208
-0.04634685245852263	-1.1329531979796017
-0.04400275329783163	-1.1330466615489534
-0.0416584657845579	-1.133135275143041
-0.03931399995336008	-1.1332190383825562
-0.0369693658396598	-1.1332979509089531
-0.03462457347959931	-1.1333720123844484
-0.03227963290999897	-1.133441222492024
-0.027589347292584703	-1.1335650874391763
-0.025244022321410164	-1.1336197417485525
-0.022898589293888095	-1.13366954362961
-0.02055305824958046	-1.1337144928691738
-0.01820743922846878	-1.1337545892748395
-0.015861742270911167	-1.1337898326749758
-0.013515977417599325	-1.1338202229187242
-0.011170154709515588	-1.1338457598760001
-0.008824284187889688	-1.133866443437493
-0.006478375894156525	-1.133882273514668
-0.004132439869912678	-1.1338932500397645
-0.0017864861568729234	-1.1338993729657978
0.0005594752031719943	-1.1339006422665592
0.0029054341683985973	-1.133897057936615
0.00525138069699366	-1.1338886199913083
0.00759730474719719	-1.1338753284667573
0.00994319627734541	-1.1338571834198559
0.012289045245913753	-1.1338341849282734
0.014634841611559828	-1.1338063330904546
0.016980575333166412	-1.1337736280256183
0.019326236369884932	-1.1337360698737575
0.02167181468117668	-1.1336936587956392
0.024017300226857805	-1.1336463949728024
0.026362682967141796	-1.1335942786075592
0.028707952862681938	-1.1335373099229917
0.03105309987461455	-1.133475489162953
0.033398113964601954	-1.1334088165920653
0.03574298509487543	-1.1333372924957186
0.03808770322827845	-1.1332609171800698
0.04043225832830914	-1.1331796909720413
0.042776640359162725	-1.13309361421932
0.04746484507387104	-1.132906910574356
0.049808647689993636	-1.1328062844812932
0.052152237101561257	-1.1327008094418936
0.05683873618530547	-1.1324753143507702
0.06620873457106272	-1.1319661580681275
0.06855055072049056	-1.1318267542079645
0.07089207344115953	-1.1316825055943172
0.07557419850622457	-1.1313794765971141
0.08493448657642469	-1.1307153101178995
0.0872736747324531	-1.1305371666795003
0.08961248931590234	-1.1303541840076612
0.09428895772177816	-1.1299737041173832
0.10363697128078345	-1.1291547093860808
0.10581659601093213	-1.128952535562801
0.10799582638576538	-1.1287461543802815
0.1123530715849265	-1.128320773029749
0.12106247247499337	-1.127419556910053
0.12323871504631273	-1.1271837466264105
0.1254144983338891	-1.126943735575418
0.12976465462488002	-1.126451114764908
0.13845909913892274	-1.1254155043407996
0.14063144049723647	-1.1251461138397496
0.14280325775292182	-1.124872530165161
0.14714528758284057	-1.1243127873893375
0.15582270201464665	-1.1231430296635745
0.1731491397207214	-1.1206026748848106
0.17531212533597174	-1.1202663246992668
0.17747445760126493	-1.1199257995260914
0.18179712985028784	-1.1192322293086525
0.19043427973994326	-1.117795045902847
0.20767399940499334	-1.1147208123634156
0.24200074214990377	-1.1077755279585817
0.24431831906647286	-1.1072666971030745
0.24663482614055413	-1.1067530176510192
0.2512645901910828	-1.1057111219758649
0.26051083417774556	-1.1035692478594326
0.278947920031549	-1.0990537008968628
0.28124716495040664	-1.0984675742835457
0.28354517831950604	-1.0978766376040516
0.28813747016289715	-1.0966803444181645
0.29730683285864534	-1.0942301525184637
0.31558242771376116	-1.0890999544868722
0.31786076343208286	-1.0884371890997624
0.32013770727380936	-1.087769657568406
0.3246873794516898	-1.0864203077859935
0.3337695830008491	-1.0836645445009527
0.35186320190837583	-1.0779254457928915
0.38774957582389363	-1.0655427002206008
0.38993771630160273	-1.06474389265706
0.39212421116100904	-1.0639405916527365
0.39649222712204474	-1.0623205229010777
0.4052081060861927	-1.059026614541419
0.4225571947717218	-1.0522244991881113
0.45690833516043255	-1.0377696048766991
0.4590392750634578	-1.0368287821497981
0.46116827772522334	-1.0358835837896891
0.46542043539385264	-1.0339800761440305
0.47390110905571387	-1.030120730002451
0.4907658882642423	-1.0221936325673466
0.5240932785680557	-1.0055134086151238
0.52601875032366	-1.0045074682912782
0.5279422912939521	-1.0034978408588184
0.5317835526437943	-1.001467539505182
0.5394425957366501	-0.9973628554592975
0.554665191610203	-0.9889780102515097
0.5847159462262886	-0.9715133770431132
0.586576167060073	-0.9703913539300171
0.588434234828692	-0.969265768933676
0.5921438838977363	-0.9670039298304441
0.5995370456995462	-0.9624376916865209
0.6142173069975148	-0.9531359186022417
0.6431415547106002	-0.9338629022235814
0.6450806980641247	-0.9325244621617815
0.6470170560031584	-0.9311819955229076
0.6508813822055708	-0.928485005718016
0.6585762425600564	-0.9230429633990479
0.6738289385459162	-0.9119679496139667
0.7037715465796434	-0.8890650087422827
0.7056174707027452	-0.8876006785622006
0.7074603480176979	-0.8861325157828801
0.711136930406671	-0.8831847178007531
0.718453184246073	-0.8772434106858237
0.7329362835725837	-0.8651793939801314
0.7612909140579451	-0.8403375058378847
0.7629193331399438	-0.8388593867069272
0.7645448823182349	-0.8373781120055711
0.7677873465149436	-0.8344061181921908
0.7742375677347523	-0.8284245096888392
0.7869978263755284	-0.8163120731835418
0.8119469162087055	-0.7915005905267486
0.8134805198642724	-0.7899243149481927
0.815011063418124	-0.7883450678802253
0.8180629472021903	-0.7851776830500755
0.8241297409933936	-0.7788075176545104
0.8361141593726472	-0.7659269495464891
0.8594762845448133	-0.7396157758255713
0.8610287712228514	-0.7378078575560748
0.8625774549312702	-0.7359966805559052
0.8656633860953322	-0.732364582376143
0.8717893129489309	-0.7250616341891559
0.8838559152911513	-0.7103025415622977
0.9072362690898377	-0.6801862477240848
0.9086637525386023	-0.6782780877836789
0.9100872226247932	-0.6763669320421486
0.912922097578625	-0.6725356669334808
0.9185434116920467	-0.6648375593948898
0.9295909123919482	-0.6493009434332614
0.9508945713046026	-0.6176815472461957
0.9521670381781141	-0.6157182074229545
0.953435451292616	-0.6137522462390375
0.9559600946612887	-0.6098124932798591
0.960960499843235	-0.6019019000518759
0.9707645976696563	-0.5859582540218107
0.9895766880535706	-0.553596385470448
0.9907168426916306	-0.5515533674560834
0.9918527794486195	-0.5495080012566391
0.9941119799927991	-0.5454102591442657
0.99857955492377	-0.5371869805135486
1.0073103411037565	-0.520631209447198
1.023946230744991	-0.4870986512895969
1.0248819517464607	-0.4851267509933705
1.0258138752962203	-0.48315305317753016
1.0276663162426236	-0.47920029424587635
1.0313254777264578	-0.47127352836469827
1.038460164560707	-0.4553366514630331
1.0519891487350062	-0.42314277789986593
1.0528017088863417	-0.42111701617367236
1.0536103681360727	-0.41908969410042546
1.0552159719600216	-0.41503039896552807
1.0583802379216334	-0.40689341543205765
1.0645203514149528	-0.39054756556455933
1.076041887114702	-0.35758193007987565
1.0767858155511023	-0.35533545695999097
1.077525053988497	-0.3530874361572564
1.0789894480075393	-0.3485867906754418
1.0818618157570232	-0.3395673587845795
1.0873801763961144	-0.32145813339496243
1.0880486899455046	-0.3191880759879502
1.0887124644398292	-0.31691662833996587
1.0900257847195118	-0.31236960190074664
1.0925954307939358	-0.30325930184123284
1.0975061252030385	-0.284975937031236
1.0980984785271724	-0.2826848262665115
1.0986860490238413	-0.28039248425269825
1.0998468313188476	-0.27580414642080486
1.102110890771794	-0.26661313543638615
1.1064084439259632	-0.24817601567102932
1.1140772072034204	-0.2110993982342099
1.1144864304758393	-0.208928159495652
1.1148914221985995	-0.2067561274859892
1.1156887048604274	-0.20240971664394117
1.1172324250066796	-0.19370773876825972
1.1201161617692694	-0.17626900943812593
1.1204575047343084	-0.17408606960232595
1.1207945934783514	-0.17190246878598078
1.1214560032000929	-0.16753331737744495
1.1227277167597756	-0.15878744775453646
1.1250664553853855	-0.14126730163623427
1.1253395862857059	-0.13907478234149726
1.1256084444284473	-0.1368817349991935
1.126133338374153	-0.13249408948063965
1.1271318093460916	-0.12371282837775752
1.12737073051188	-0.12151631795824154
1.127605371208118	-0.11931934615820113
1.1280618076446065	-0.11492405178465005
1.1289232767727837	-0.10612829361494161
1.129127930147574	-0.10392832581002016
1.1293282963809717	-0.10172796340372933
1.1297161643968194	-0.0973260882063837
1.1304404223492017	-0.08851797028839432
1.130610758203403	-0.08631507967756558
1.1307768012861203	-0.08411186134040839
1.1310960066316347	-0.07970447494957321
1.1316828774177135	-0.07088613760519576
1.1318162254782498	-0.06872416815928781
1.131945443311407	-0.0665619479249263
1.13219148642449	-0.06223678665325279
1.1323083108065541	-0.060073861399333094
1.1324210031655202	-0.057910716923686836
1.132633990184288	-0.053583801883000645
1.1327342840668568	-0.05142004710775288
1.1328304443718644	-0.04925610469030525
1.1330103628606476	-0.0449276885161286
1.1330941203878637	-0.042763230554669684
1.1331737430244029	-0.04059861654149348
1.1333205824783028	-0.03626895195699524
1.1333877987598169	-0.03410391718549902
1.1334508790789615	-0.03193875796187947
1.1335098232055443	-0.029773482187242517
1.1335646309244658	-0.027608097763119423
1.1336153020357216	-0.025442612591437947
1.1336618363544027	-0.023277034574493476
1.1337042337106955	-0.021111371614920212
1.1337424939498837	-0.018945631615662335
1.133776616932348	-0.016779822479945156
1.1338066025335665	-0.014613952111246276
1.1338324506441158	-0.012448028413266754
1.1338541611696706	-0.010282059289902255
1.1338717340310052	-0.008116052645214209
1.1338851691639924	-0.0059500163834009705
1.1338944665196047	-0.003783958408768973
1.1338996260639143	-0.001617886625703885
1.1339006477780929	0.0005481910613582364
1.133897531658412	0.0027142667479597886
1.133890277716243	0.0048803325296504696
1.1338788859780569	0.007046380502016121
1.1338633564854246	0.009212402760707578
1.133843689295016	0.011378391401469503
1.1338198844786016	0.013544338520169247
1.1337919421230491	0.015710236212825673
1.1337598623303262	0.017876076575638014
1.1337236452174986	0.020041851705014716
1.1336832909167298	0.02220755369760228
1.1336387995752808	0.024373174650314067
1.1335901713555097	0.02653870666035921
1.1335374064348707	0.02870414182527138
1.1334194672762834	0.033034690011627434
1.133354293468719	0.03519978723002106
1.1332849838210535	0.03736475599723889
1.1331339580322086	0.04169427657700102
1.1330522424421534	0.043858812590245
1.132966392114242	0.04602318855377024
1.13278228851308	0.05035142873928664
1.1326840359116608	0.05251527716664996
1.1325816499160457	0.054678933955096355
1.1323644792518208	0.059005641033473624
1.1318805546430537	0.06765640816620125
1.1317379143089885	0.0700019489768593
1.1315904134304577	0.07234718914583929
1.131280832594796	0.07703672727111043
1.130603373661328	0.08641175273446544
1.1304218678776476	0.08875460646653137
1.1302355072016073	0.09109707901872711
1.129848224394792	0.09578084034374423
1.1290154366858869	0.10514334629444927
1.1287951153410063	0.10748286899456454
1.1285699460902798	0.10982193008138803
1.1281050677602988	0.11449862723434702
1.1271171801747712	0.12384604030767651
1.124909125879996	0.14251469417895832
1.1246113657364687	0.1448456267940914
1.1243087756553025	0.14717593733179757
1.1236891108990001	0.15183465214513156
1.1223918807041426	0.16114417666932943
1.1195661365335479	0.17972936730641326
1.1191912649365536	0.18204914730570879
1.1188115866799606	0.1843681454473284
1.1180378167311262	0.1890037563227645
1.1164326700481315	0.19826515779182743
1.11299234250792	0.21674645340524326
1.1125710872159118	0.2188985048743419
1.112145670780244	0.22104973763788896
1.1112823608579119	0.2253497148679898
1.1095058783400045	0.2339394910526941
1.1057538399035733	0.25107653232335575
1.1052662059466143	0.2532145207870092
1.1047744381670905	0.2553515621992698
1.1037785085128753	0.2596227719020633
1.1017371252964938	0.26815347524959676
1.0974566959702234	0.28516623224908466
1.0969031502058018	0.2872881108114405
1.0963455018976047	0.28940891488326315
1.0952179060078944	0.2936472678311536
1.0929135764996736	0.30211073110320047
1.0881088543379656	0.31898291593177586
1.0777192645678428	0.35249420750469984
1.0769780593121487	0.3547523633540108
1.0762321225258946	0.35700896065564847
1.0747260674910932	0.36151743996679975
1.0716573246404983	0.3705152602651986
1.0652940697581392	0.388432136264701
1.0516708559010228	0.42393323813240763
1.0507799696295468	0.42613663884996705
1.0498844669246203	0.4283381674044752
1.048079627971671	0.4327355693443537
1.0444147273279958	0.4415074822530267
1.036864943526431	0.4589575889240199
1.0208929832152152	0.4934658006052263
1.0198753857505298	0.49556551240499647
1.0188534697294909	0.4976631257840948
1.0167966993454103	0.5018520217606959
1.0126315275206195	0.5102042424522507
1.0040956534153342	0.5268044213343803
0.986209976439875	0.5595720346081277
0.9850564213945793	0.5616002370141269
0.983898695230217	0.5636260613822741
0.9815707491710186	0.5676705417025474
0.9768650205045596	0.5757305891297115
0.967255338714775	0.5917331233527359
0.9472522853209362	0.6232528279111794
0.9460543183638859	0.6250697611067596
0.9448528663354071	0.6268843916726462
0.9424395247806039	0.6305067181849277
0.9375712164118122	0.6377234460964198
0.9276691072074843	0.6520437156187362
0.9072111574968614	0.6802197404208609
0.9059039265023933	0.6819597169133709
0.9045933583423628	0.6836971812051766
0.9019622298493553	0.687164547594095
0.8966601401241737	0.6940688529659831
0.885897727586403	0.7077543329448898
0.8637489155724876	0.7346215286747116
0.8622179940728271	0.7364177552463335
0.860683337200762	0.7382107914477938
0.8576028439498438	0.7417872616823227
0.8513973265968339	0.7489015768502446
0.8388096793608224	0.7629739847174428
0.8129402347842318	0.7904803313264516
0.8112931581283697	0.7921706830722244
0.8096425667209068	0.7938576029103711
0.8063308682696914	0.7972211176458287
0.7996656100009206	0.8039066436638486
0.7861692700831271	0.8171100649985789
0.7585264732498083	0.8428336543614203
0.7568874411333015	0.8443058574946057
0.7552455516643349	0.8457748732589855
0.7519532254732038	0.8487033205104499
0.7453345583088719	0.8545217233842198
0.7319625676560274	0.8660033366537417
0.7046913248396808	0.8883361504749843
0.7029639843643635	0.8897036676509754
0.7012339901049286	0.8910678260752878
0.6977660663675488	0.8937860460820453
0.6907986615139162	0.8991819553325123
0.6767390985598294	0.9098105143519983
0.6481329006487379	0.9304056763808309
0.6463595764715029	0.9316384907508909
0.6445839073630987	0.9328679252249691
0.6410255601291026	0.9353166366563725
0.6338810105003784	0.9401733053389877
0.6194819449077662	0.9497226434482384
0.5902556935716005	0.9681576295992957
0.5884105680406854	0.9692801364740001
0.5865633078121013	0.9703991268924063
0.5828624100763855	0.9726265421347322
0.5754352936229407	0.9770389973783538
0.5604812882442791	0.9856935147768051
0.5301863795851557	1.002314013893552
0.5281136678052725	1.0034076606356366
0.5260387001067586	1.004497021167813
0.5218820324176116	1.006662865007288
0.5135420166526369	1.0109429146481819
0.49675726175918833	1.0192954441350808
0.46278496766021143	1.0351623318362948
0.4606445090397541	1.036116603397775
0.45850208270553905	1.0370664490280752
0.4542113635110136	1.0389528462844135
0.44560671579015154	1.0426723523656574
0.42830664409113023	1.0498973274432184
0.39335999116976367	1.063484319062553
0.39130848554679076	1.0642408790701923
0.38925552482260384	1.0649934816420699
0.38514526861214277	1.0664868032988963
0.3769076312335667	1.0694258352325887
0.36036557379229206	1.0751128465283868
0.3270281336997073	1.085718001745345
0.3249338769946862	1.0863466091106562
0.3228384120059292	1.086971176838884
0.31864388835006013	1.088208184109168
0.31024068478322825	1.0906336218227697
0.2933794039432414	1.095289689939117
0.25945141388274656	1.1038188000660534
0.2571433737838159	1.1043587573176097
0.25483420997663125	1.1048938885569983
0.25021255160625316	1.1059496636663473
0.24095619469277516	1.1080032002590046
0.22239358691748726	1.111877723512344
0.22006878104790162	1.1123401957823467
0.21774301348483752	1.1127978071615527
0.21308863393654826	1.1136984392698386
0.20376878198962123	1.1154412862322627
0.1850869887366885	1.118692891791757
0.1827480176425796	1.119077361755087
0.18040824794552499	1.1194569413864226
0.17572635364489597	1.1202014230394852
0.1663534319242119	1.1216316308093557
0.1640083584884458	1.1219769328693634
0.1616625683414406	1.122317331926344
0.15696887892090836	1.1229834151025258
0.14757335079450698	1.1242566814034505
0.14522283086733737	1.1245627189889833
0.1428716763210783	1.1248638422716872
0.13816750447189946	1.1254513406864937
0.12875199760141653	1.1265673094221504
0.10989463614140411	1.1285628686486042
0.10769146881676996	1.128775233201502
0.10548789115330418	1.128983296760872
0.10107953839674337	1.1293865177442661
0.09225827835713467	1.1301413140044017
0.09005206350270975	1.1303192493291099
0.08784550552121194	1.1304928777770966
0.08343139380902878	1.1308272114129998
0.07459942288177332	1.131444168154454
0.07239069849524393	1.1315876308604602
0.07018169827707335	1.1317267818568066
0.06576290401480603	1.131992146616114
0.06355312680772428	1.1321183593679505
0.06134310744296715	1.1322402583878826
0.056922375924828975	1.132471113390576
0.05471168061584448	1.1325800684937062
0.052500776837913536	1.1326847081056732
0.04807837757296571	1.1328810392777213
0.045866898936700026	1.132972730089718
0.04365524553292608	1.1330601039143855
0.039231448131903664	1.1332218992864955
0.03701932099073374	1.1332963202174458
0.03480705279414841	1.1333664229280853
0.03259465197159435	1.1334322071513008
0.030382126953023572	1.1334936726364329
0.028169486168862324	1.1335508191492787
0.025956738049977952	1.1336036464720918
0.023743891027645785	1.1336521544035831
0.021530953533517996	1.1336963427589224
0.019317933999592498	1.1337362113697373
0.017104840858179798	1.1337717600841162
0.014891682541869867	1.133802988766607
0.012678467483501007	1.1338298972982184
0.01046520411612874	1.1338524855764203
0.00825190087299266	1.133870753515144
0.006038566187483285	1.1338847010447834
0.0038252084931109467	1.1338943281121934
0.001611836223474653	1.133899634680692
-0.0006015421877710524	1.1339006207300597
-0.002814918306949232	1.133897286256539
-0.005028283700391681	1.1338896312728355
-0.007241629934470056	1.133877655808117
-0.009454948575629018	1.1338613599080138
-0.011668231190419369	1.1338407436346187
-0.013881469345529189	1.133815807066486
-0.016094654607814955	1.1337865502986324
-0.01830777854433467	1.1337529734425351
-0.020520832722381043	1.133715076626133
-0.02273380870951255	1.1336728599938246
-0.02494669807358412	1.133626323706469
-0.027159492382782487	1.133575467941384
-0.031584762111145866	1.1334607987695917
-0.033753851525736546	1.133398278211237
-0.03592281732031096	1.1333316066980528
-0.040260346275436704	1.1331858117991067
-0.04242889355023305	1.1331066889473036
-0.04459728543356338	1.1330234162085864
-0.048933571260371816	1.1328444223055187
-0.05110144932264828	1.132748701796715
-0.05326914023111336	1.1326488327120885
-0.05760392883154099	1.1324366502935999
-0.06627091092255898	1.131962519658011
-0.06843706950591873	1.1318336216345848
-0.0706029774455375	1.1317005783867229
-0.07493400966483771	1.1314220581819008
-0.08359271741734621	1.1308152975352792
-0.08575664879821232	1.1306532522094996
-0.08792026610415721	1.1304870659822661
-0.09224652679635582	1.1301422732731607
-0.100894930705174	1.129403024833481
-0.10305612768200288	1.1292078701869772
-0.10521694722634446	1.1290085799325826
-0.10953742236385866	1.1285975955347858
-0.11817349533891428	1.1277260325736929
-0.12033145135107458	1.1274978143485521
-0.1224889666616488	1.1272654667784248
-0.12680264357296767	1.1267883870221265
-0.1354243614144215	1.1257847138243238
-0.13757857066092935	1.12552348551237
-0.13973227604004668	1.125258135086206
-0.14403814364708645	1.1247150717936165
-0.15264348551978454	1.1235795236089834
-0.16982683168305934	1.1211109787998297
-0.17215370142289932	1.1207560317176142
-0.1744798293396622	1.1203962552144757
-0.1791298196133667	1.119662220167449
-0.18842045747119288	1.1181362666291461
-0.2069621216997635	1.1148532009760526
-0.209275921348224	1.114421180832844
-0.21158881921120706	1.1139843585660552
-0.21621186971887552	1.1130963152116202
-0.22544671105038033	1.1112626872263753
-0.2438691279444505	1.1073657155522885
-0.24616730532963166	1.1068570988758062
-0.24846442196162374	1.1063437126699345
-0.2530554333768703	1.105302640539442
-0.2622242919489598	1.1031633606392506
-0.280507141177526	1.098656781389634
-0.3168357488646026	1.088736004634009
-0.3189444573105023	1.0881201278792372
-0.3210519686072481	1.0875001668958166
-0.32526336811586265	1.086248001566375
-0.3336714535866206	1.083694763578015
-0.35042700459057224	1.0783932000892336
-0.3836815657600498	1.067014262154417
-0.38574806533087475	1.0662689199439819
-0.38781311700706067	1.065519575522799
-0.3919388456765233	1.064008891313777
-0.40017258759845975	1.060939621128258
-0.4165674809835083	1.0546101238524468
-0.4490531530709601	1.0411927032312738
-0.45123812530084445	1.0402476310090776
-0.4534211085562519	1.0392979735670795
-0.4577810696636957	1.0373849197875304
-0.4664767014012056	1.033503975122916
-0.4837686596047193	1.025523702080684
-0.5179383323202242	1.0086976075407155
-0.5200549299723087	1.0076079839682273
-0.522169235318127	1.0065139190454848
-0.5263909318232379	1.0043124844585383
-0.5348064077836848	0.9998565325778141
-0.551523617742468	0.9907334044117411
-0.5844866217577768	0.9716513616165007
-0.5864881615800812	0.9704445454900733
-0.5884872096441361	0.969233606325264
-0.5924777965354383	0.9667993794772162
-0.6004286962332469	0.9618816768629402
-0.616207511238973	0.9518504518240717
-0.6472582470540004	0.9310143614174816
-0.6491758919740602	0.929678245859664
-0.6510907788002831	0.9283381804634877
-0.6549122456405598	0.9256462229464653
-0.662521725017887	0.9202151614836293
-0.6776050601168535	0.9091657505917464
-0.7072149468895043	0.8863283807038417
-0.7089178463385064	0.8849669297142082
-0.7106181248807932	0.8836022069551003
-0.7140107941108537	0.8808629663223484
-0.7207644057575855	0.8753454466311761
-0.7341433268751869	0.8641553998845641
-0.7603769347841521	0.8411646073113607
-0.7619928963554691	0.8397010214646768
-0.7636060407988075	0.8382343311989724
-0.766823854456465	0.8352916591116833
-0.7732254145258278	0.8293693012623388
-0.7858909438862778	0.8173777608074212
-0.8106612084590061	0.7928173715584204
-0.8123123621564358	0.7911255310207413
-0.8139599850097817	0.7894302517308888
-0.8172446095529879	0.7860294063847756
-0.82377117442975	0.7791867758911523
-0.8366519839260507	0.7653394262270968
-0.8617118655163806	0.737009932343722
-0.8632465574039127	0.7352117794726303
-0.8647774970538299	0.733410430887325
-0.8678280930392742	0.7297981779073138
-0.873883966458355	0.7225356688164475
-0.8858129705610104	0.707860410484226
-0.9089284831657106	0.6779232936218513
-0.9102462849500065	0.6761528527483486
-0.9115606382162605	0.6743798502326284
-0.914178979289728	0.6708261871526852
-0.9193740609998456	0.6636884174864515
-0.9295967249239163	0.649292621670497
-0.9493634512326719	0.6200322709412863
-0.9505684961698794	0.6181832362935381
-0.9517699398261329	0.6163318596246485
-0.9541620051024996	0.6126221082884585
-0.958902720923678	0.6051748105714457
-0.9682094924793117	0.5901706178877191
-0.98611657192416	0.5597366221014678
-0.9871828411739555	0.5578539393396226
-0.9882455160311393	0.5559692253977423
-0.990360067103719	0.5521937314306778
-0.9945458671685229	0.5446186717723045
-1.0027434099255128	0.5293738125332356
-1.0184356515481967	0.49851760570778075
-1.0193850465582852	0.49657336456799706
-1.0203307299255788	0.4946273153744685
-1.0222109479721457	0.4907298211754669
-1.0259266937539533	0.4829134483404872
-1.0331786710045494	0.4671967608259839
-1.0469587272193777	0.4354404701497084
-1.0478579530027752	0.43327207372948945
-1.0487526877427258	0.43110182033648065
-1.0505286687724784	0.42675577984620505
-1.054026570872464	0.4180418249886644
-1.060805302202388	0.4005285137968565
-1.0734880702646148	0.3651771385842382
-1.074241776736959	0.36295397043983446
-1.0749908790866947	0.3607292467009489
-1.0764752585956947	0.35627517058637503
-1.0793886281998548	0.3473487712053315
-1.0849931171720182	0.32942512841974536
-1.095307820765577	0.29331170674690216
-1.0958723978189355	0.29119523904692374
-1.0964328852173464	0.28907768464373695
-1.097541582697927	0.2848393473415287
-1.0997098107898833	0.27634998027410396
-1.1038491515166564	0.25932225172741413
-1.1043480516558006	0.25718934726978016
-1.1048428305099462	0.25505548301455655
-1.1058200169928245	0.25078490696811845
-1.1077248543260596	0.24223258792600205
-1.1113359935642428	0.22508507048135284
-1.1117687401981822	0.22293776679415592
-1.1121973378540666	0.22078963113186617
-1.1130420798492762	0.21649089595134438
-1.114681706764422	0.2078837948224297
-1.1177611948528652	0.19063286921754555
-1.1181273745859497	0.18847321758422333
-1.1184893816113732	0.1863128625930761
-1.11920087215096	0.18199007478856796
-1.1205737223397414	0.17333641379316275
-1.1231186174947805	0.15599855954986114
-1.1234524133355248	0.1535762172851113
-1.123780984674596	0.1511531608297156
-1.124422447760071	0.146304950422973
-1.125642614308181	0.13660045533768134
-1.1259345727133416	0.1341727152361574
-1.1262212950737986	0.13174435117800878
-1.1267790263514628	0.1268857963661342
-1.1278315993341017	0.11716169633673323
-1.1280816334115282	0.11472928093820099
-1.1283264214595627	0.11229633200276619
-1.1288002549384082	0.107428878780351
-1.1296849210906443	0.0976880678764958
-1.1298929564256321	0.09525170111217479
-1.1300957373078533	0.09281489138946367
-1.1304855319663878	0.08793998839942811
-1.1312020279954278	0.07818536566423497
-1.1313680026728634	0.07574577264134383
-1.1315287160379794	0.07330582737040703
-1.1318343558661983	0.06842492547285918
-1.131979280907954	0.06598399154438714
-1.1321189417947024	0.06354275076404528
-1.1323824685297457	0.05865939406009646
-1.1325063331525365	0.05621730084604577
-1.1326249311693166	0.05377494619913079
-1.1328463252032281	0.048889498039562614
-1.1329491201907889	0.04644642724619184
-1.1330466465132032	0.04400314045841441
-1.1332258913729503	0.03911596434962327
-1.133307609076723	0.03667209775592763
-1.1333840564482327	0.034228060622355255
-1.133455233131969	0.03178386431465282
-1.1335211387969317	0.029339520199309244
-1.133581773136633	0.02689503964349827
-1.1336371358690995	0.024450434015028666
-1.133687226736872	0.022005714682291833
-1.1337320455070083	0.01956089301420695
-1.1337715919710831	0.017115980380170596
-1.1338058659451895	0.014670988150000858
-1.1338348672699399	0.012225927693886
-1.1338585958104668	0.00978081038233356
-1.1338770514564227	0.007335647586112967
-1.1338902341219816	0.004890450676205673
-1.1338981437458389	0.002445231023752778
-1.1339007802912116	1.3886279611343185e-16