-1.	-1.2246467991473532e-16
-0.9999981432641898	-0.0019270361109708875
-0.9999925730636541	-0.0038540650659477423
-0.9999832894190775	-0.005781079708963796
-0.9999702923649348	-0.007708072884103526
-0.9999535819494902	-0.009635037435533799
-0.9999331582347972	-0.011561966207526435
-0.9999090212966988	-0.01348885204448524
-0.9998811712248267	-0.015415687790974339
-0.9998496081226015	-0.017342466291745205
-0.9998143321072317	-0.019269180391759223
-0.999775343309714	-0.02119582293621871
-0.999732641874832	-0.023122386770591693
-0.9996862279611565	-0.02504886474063672
-0.999636101741044	-0.02697524969243385
-0.9995247131398624	-0.03082771192735213
-0.9994634511724317	-0.03275377490446322
-0.9993984777258393	-0.03467971625136162
-0.9992573973740597	-0.03853120544728091
-0.9991812909927702	-0.040456738993906866
-0.999101474180113	-0.04238212230557982
-0.9989307104600623	-0.046232409625230036
-0.9988397641867953	-0.04815729933527371
-0.9987451087504106	-0.050082010214552546
-0.9985446718080617	-0.05393086689207206
-0.9980993043546484	-0.06162611984188934
-0.9979786953896135	-0.06354937882029243
-0.9978543804590154	-0.06547240180988034
-0.9975946345614501	-0.06931771125914958
-0.9970306924135589	-0.0770051841458701
-0.9968804494203873	-0.07892635531561423
-0.9967265045399578	-0.08084723339457825
-0.9964075114177497	-0.08468808174877317
-0.9957251286004899	-0.0923659475864232
-0.9955452872855635	-0.0942845743666744
-0.9953617490414658	-0.09620285102383486
-0.9949835845057389	-0.10003832547634568
-0.9941829231925392	-0.1077047595621366
-0.9924044427064661	-0.12301797468853222
-0.9921452767887315	-0.12509096588407695
-0.9918817806931483	-0.12716341112517152
-0.9913418025874019	-0.1313066275660171
-0.9902099361081201	-0.13958611117425948
-0.9877388450548672	-0.15611525860618822
-0.9874105448646385	-0.15817843054638542
-0.9870779351611068	-0.1602409121232335
-0.9863997930395828	-0.16436376818346618
-0.984991859769404	-0.1726008000792897
-0.9819697475369292	-0.18903813086850893
-0.9815726798505238	-0.19108917858178473
-0.9811713281299405	-0.1931393922940855
-0.9803557796116635	-0.1972372819271433
-0.9786733524908272	-0.20542265971495235
-0.975103595376885	-0.2217498101083113
-0.9671480594262245	-0.2542137509028341
-0.9666503284006801	-0.2560998684163219
-0.9661489191010386	-0.2579850114248788
-0.9651350733252556	-0.2617523452377331
-0.9630633273712093	-0.26927500343087013
-0.9587440640060908	-0.28427068039649256
-0.9494062076219518	-0.3140507171284651
-0.9487917872815312	-0.31590211203332835
-0.9481737566218958	-0.31775230487523126
-0.9469268737655703	-0.32144905621352143
-0.9443898886171412	-0.3288278246707593
-0.9391435857768647	-0.343524853968636
-0.9279661947381223	-0.37266438174750405
-0.9272518068527987	-0.3744383616674714
-0.9265340276786218	-0.37621097213349713
-0.9250883059767944	-0.37975205877649276
-0.9221562834443443	-0.3868175136987906
-0.9161305265212558	-0.40088010473941793
-0.9034371676836019	-0.4287205197419775
-0.9026156217568474	-0.4304474873436942
-0.9017907746445099	-0.43217288064622345
-0.9001311889421819	-0.4356189191179992
-0.8967725368554739	-0.44249182720339336
-0.8898980018754773	-0.45615956227841264
-0.8755257046001982	-0.4831715436408964
-0.8745214755019602	-0.4849867924860165
-0.8735134828092074	-0.4867999541398176
-0.8714862240083427	-0.4904199846699568
-0.8673867352274143	-0.49763465670261303
-0.8590088663298323	-0.511960709006791
-0.8415457250036451	-0.5401858871981841
-0.8404232920867023	-0.5419305214860568
-0.8392972423203383	-0.5436728235193252
-0.8370343116391838	-0.5471504008394015
-0.8324652623513427	-0.5540772391808838
-0.8231555184021171	-0.5678159847381385
-0.8038585055812213	-0.594820563703648
-0.8027053852481755	-0.5963757745696736
-0.8015492560804798	-0.5979287500002233
-0.7992279885867878	-0.601027971278806
-0.7945495390155033	-0.6071993330449657
-0.7850499673340294	-0.6194324408592428
-0.7654881692405273	-0.6434499691139831
-0.7642409709280102	-0.6449308012143722
-0.7629909079595981	-0.646409215877209
-0.7604822068085875	-0.6493587707327443
-0.7554306355236771	-0.6552286279706446
-0.745191880955691	-0.6668501035148149
-0.7241805768819534	-0.6896103915015502
-0.7227320693714605	-0.6911283208652691
-0.7212803801894596	-0.6926432076861425
-0.7183674823879014	-0.6956638270369304
-0.7125037888545522	-0.7016682626910724
-0.7006262602688452	-0.7135284461194888
-0.6762824225186141	-0.7366424403958508
-0.6747353396377134	-0.7380597682057868
-0.6731852863805186	-0.739473846867338
-0.67007629604539	-0.7422922318589162
-0.6638229719780833	-0.747889739115456
-0.6511764961948859	-0.7589263276520006
-0.6253367726430238	-0.7803549966396109
-0.6237279956775161	-0.7816414698620515
-0.6221165721239246	-0.7829246264416376
-0.6188858126139092	-0.7854809679077026
-0.6123928361381183	-0.7905536125062687
-0.5992825999139113	-0.8005375478017398
-0.5725775132198897	-0.8198505908730731
-0.5708874913650501	-0.8210283017064149
-0.5691950471337219	-0.822202528771616
-0.5658029202772088	-0.824540511682587
-0.5589899147101882	-0.8291744540519181
-0.5452505184320886	-0.838273148889751
-0.517331296910402	-0.8557852120929652
-0.5156859905372021	-0.8567776602851318
-0.5140387802582993	-0.8577669452657639
-0.5107386723163042	-0.8597360109944091
-0.5041158776171079	-0.8636360239906237
-0.49078134453646116	-0.8712827737623322
-0.4637675672833209	-0.8859569083968534
-0.46206438628074376	-0.886846380683261
-0.4603594993427019	-0.8877325787448249
-0.4569446328441752	-0.8894951391181978
-0.45009470599512436	-0.8929808260176489
-0.4363154951800063	-0.8997937478477087
-0.40845107247678036	-0.9127802152723118
-0.40654836724356647	-0.9136292601989005
-0.40464389711701665	-0.9144743389105859
-0.40082969526200696	-0.9161525830319787
-0.39318047711606624	-0.9194613164319544
-0.37780064513293804	-0.9258869653133345
-0.34673039226516666	-0.9379648368034079
-0.3447753477094166	-0.938685229249854
-0.34281880642716933	-0.9394015467093138
-0.33890126766431433	-0.9408219442463706
-0.3310486035728075	-0.9436137038388612
-0.31527484024433605	-0.9490004083818449
-0.2834689435994492	-0.9589814169287183
-0.2816030904676487	-0.9595309788845117
-0.27973617191132316	-0.9600769105256093
-0.2759991667824946	-0.9611578746154914
-0.26851268248466165	-0.9632761490584573
-0.25349140519365115	-0.9673376388278025
-0.251609355064927	-0.9678288755993032
-0.24972635299076365	-0.9683164506616277
-0.24595752150649125	-0.9692806082937923
-0.23840874889544264	-0.9711649028100788
-0.22326836562103397	-0.9747570142927479
-0.22137194122188922	-0.9751894501273342
-0.2194746792783309	-0.9756181964045534
-0.2156776714737161	-0.9764646138123366
-0.2080739213791137	-0.9781131035017977
-0.1928290952683949	-0.9812323578123442
-0.19092013324651602	-0.9816055739048819
-0.18901044889239307	-0.9819750761651215
-0.1851889420907191	-0.9827029336108244
-0.177537578586777	-0.9841140219453963
-0.16220307393755662	-0.9867573981507347
-0.1603211929622682	-0.9870648991262708
-0.15843872905385525	-0.9873688111014035
-0.15467207981855133	-0.9879658636433769
-0.14713208745621953	-0.9891168529758126
-0.14524573478310784	-0.9893956117384568
-0.143358853991732	-0.98967077302615
-0.13958353549912705	-0.9902102991877856
-0.13202686309380474	-0.9912461386666834
-0.13013647768026887	-0.9914960903488086
-0.12824561908622403	-0.9917424369185737
-0.12446250985920077	-0.9922243111512378
-0.11689091586110546	-0.9931447597350308
-0.10172776791817738	-0.9948122743685792
-0.09983063754732845	-0.9950044441141426
-0.09793314418900144	-0.9951929959908562
-0.09413709610860074	-0.9955592434085678
-0.08654094775472616	-0.9962482945339047
-0.08464110673655115	-0.9964115028693776
-0.08274095796053159	-0.9965710882198889
-0.07893976477206469	-0.9968793876581715
-0.07133398936902322	-0.99745248606673
-0.06943187979968256	-0.9975866950132617
-0.06752951777374533	-0.9977172767017947
-0.06372406402117896	-0.997967556418857
-0.06182098613130471	-0.9980872535373614
-0.05991768345829375	-0.9982033215778194
-0.05611043144553763	-0.9984245687496855
-0.05420649594908588	-0.9985297470766316
-0.05230236335603434	-0.9986312947166103
-0.04849353457477649	-0.9988234964719467
-0.046588852235596986	-0.9989141498884525
-0.04468400049781964	-0.9990011712202899
-0.04087381653147792	-0.9991643163775171
-0.03880652880980532	-0.9992467429627848
-0.03673907497784688	-0.9993248922996826
-0.03467146388528223	-0.9993987640536942
-0.03260370438246389	-0.9994683579086138
-0.030535805320379913	-0.9995336735665467
-0.028467775550616362	-0.999594710747911
-0.024331359297150437	-0.9997039486541768
-0.022262990519264766	-0.9997521489114886
-0.020194526445256714	-0.9997960697570539
-0.018125975929130206	-0.999835711002871
-0.016057347825259187	-0.9998710724792566
-0.013988650988349713	-0.9999021540348466
-0.011919894273402046	-0.9999289555365976
-0.009851086535672758	-0.9999514768697862
-0.007782236630636598	-0.9999697179380107
-0.005713353413949261	-0.9999836786631906
-0.0036444457414090267	-0.9999933589855674
-0.001575522468918412	-0.9999987588637047
0.0004934075475530658	-0.9999998782744886
0.0025623354520070227	-0.9999967172131273
0.004631252388454117	-0.9999892756931519
0.006700149500951952	-0.9999775537464153
0.008769017933642986	-0.9999615514230932
0.01083784883079245	-0.999941268791683
0.012906633336826233	-0.9999167059390041
0.014975362596368806	-0.9998878629701969
0.017044027754281564	-0.9998547400087231
0.019112619955699177	-0.9998173371963646
0.02118113034606927	-0.999775654693223
0.023249550071189878	-0.9997296926777194
0.025317870277246905	-0.9996794513465926
0.027386082110852247	-0.9996249309148996
0.029454176719081678	-0.9995661316160133
0.031522145249512766	-0.9995030537016226
0.03358997885026295	-0.9994356974417308
0.03565766867002704	-0.9993640631246545
0.0377252058581146	-0.9992881510570226
0.04185978693980701	-0.9991234949881591
0.04392681313545056	-0.9990347516917333
0.04599365130357118	-0.9989417320543603
0.05012672816990918	-0.9987428653677483
0.05839023636094404	-0.9982938346487537
0.060455510669006875	-0.9981708927982972
0.06252052619890854	-0.9980436783046179
0.06664974556840449	-0.9977764335840303
0.07490469012166265	-0.9971906976089266
0.07696764677244443	-0.9970335908836333
0.07903027396531803	-0.9968722163833069
0.08315450466271185	-0.996536666838857
0.09139862418488424	-0.9958143860665553
0.09332086003482246	-0.9956360866714108
0.09524274809832091	-0.9954540767582801
0.09908545221749619	-0.9950789281051299
0.10676637196060644	-0.9942841353548639
0.10868562504618987	-0.9940761715826001
0.11060447308421448	-0.9938645031058123
0.11444092541461476	-0.9934300552078372
0.12210865495953119	-0.9925167385913318
0.12402446752097579	-0.9922791600432503
0.12593981787034902	-0.992037883487714
0.12976910338226447	-0.9915442399647951
0.13742181390388306	-0.9905126173165926
0.15270219646224492	-0.9882722495322865
0.15460975808742947	-0.9879756184765627
0.15651674351585282	-0.9876753054517424
0.16032895735691988	-0.9870636379853343
0.16794615812067384	-0.985796169587053
0.18315006305195233	-0.9830849680490826
0.2134232080586032	-0.9769598427069427
0.2154671055114067	-0.9765110989858417
0.21751005945794719	-0.9760580792322762
0.2215931010529443	-0.9751392195813579
0.22974746883130326	-0.9732502764271939
0.24600734462843285	-0.9692679641816639
0.24803507488386767	-0.9687510524522562
0.25006171902155777	-0.9682298986707566
0.25411171345071026	-0.9671748740983422
0.26219827874383345	-0.9650140219829819
0.2783157337917277	-0.9604896419659986
0.28032502398529874	-0.9599051416299642
0.2823330866670633	-0.9593164379770882
0.28634549432826273	-0.9581264310506745
0.2943551929782864	-0.9556960920537008
0.31031216136742523	-0.9506347156018852
0.34196076284938326	-0.9397142313871105
0.34389050883398975	-0.9390097539077534
0.3458188035290906	-0.938301313611842
0.34967100650571603	-0.9368725565461289
0.35735763933606784	-0.9339676212846744
0.37265799805094013	-0.9279687583580956
0.4029526596172622	-0.9152208225927636
0.40483195976420977	-0.9143911003249481
0.40670955143604787	-0.9135575191364191
0.4104595776663299	-0.9118787940850352
0.417938780264359	-0.9084751928099852
0.4328120209408467	-0.9014841953850883
0.46220382565876406	-0.8867737160890612
0.4639019211086232	-0.8858865658715729
0.46559831377694655	-0.8849961639510445
0.4689859658683895	-0.8832056180858984
0.47574056311885504	-0.8795856505215138
0.4891655436269762	-0.8721909601274969
0.5156676460493486	-0.8567887013832078
0.5173081959688103	-0.8557991764330548
0.5189468470756045	-0.85480651021754
0.522218428799088	-0.85281176857652
0.5287385423137035	-0.848784751201375
0.5416852317887724	-0.8405814116800013
0.5671938549556574	-0.8235843192415337
0.568904007543282	-0.8224039337218624
0.5706117036421737	-0.8212199971180537
0.574019696889537	-0.8188414911219656
0.5808058817905735	-0.8140420920796875
0.5942574079302261	-0.8042749114078152
0.6206641346510925	-0.7840765472565867
0.622292076138731	-0.7827851378091869
0.6239173306115954	-0.7814903483489103
0.6271597504536816	-0.7788906517675481
0.6336120379611678	-0.7736509454209279
0.6463848480502403	-0.7630115518201986
0.6713911193027209	-0.7411032080091406
0.6728272406197734	-0.739799637929069
0.6742608309360916	-0.7384932849155579
0.6771203970048935	-0.735872249755306
0.682808920491183	-0.730597001155675
0.6940623377765112	-0.7199149055827392
0.7160652239785734	-0.6980333767152653
0.7174177264922175	-0.6966432413472033
0.7187675302673402	-0.6952504853888188
0.7214590213017519	-0.6924571326676607
0.7268093957760029	-0.6868392113236705
0.7373785907069523	-0.675479691750262
0.7579819147175119	-0.6522755682694046
0.75935107038353	-0.6506811445765025
0.7607168721673696	-0.6490838469719409
0.7634383899736008	-0.6458806582601125
0.7688409145684119	-0.6394401051588866
0.7794825884714154	-0.6264238934379036
0.8001019885151139	-0.5998639912298124
0.8013609024109118	-0.5981811632667557
0.8026162768765907	-0.5964956932726002
0.8051163853544274	-0.5931168569799893
0.8100738862320421	-0.5863278083503429
0.8198168028010424	-0.5726258899535338
0.8386047419954956	-0.5447403846812426
0.8397269450097529	-0.5430088929516602
0.8408455729678147	-0.5412750894142713
0.8430720846807923	-0.537800576451888
0.8474819989068518	-0.530824134275041
0.8561283443339212	-0.516763251429568
0.8727189408930689	-0.4882229513311313
0.8737244562413935	-0.48642119049819504
0.8747262517924091	-0.4846173587741186
0.8767186664581785	-0.48100351337988484
0.8806586716232015	-0.4737513103885393
0.88835845129682	-0.4591505875086249
0.9030298316595374	-0.42957784292599116
0.9038550546576463	-0.42783880161787957
0.9046769286398831	-0.4260981750567677
0.9063106173881417	-0.42261219197927247
0.9095376735357655	-0.41562148695555573
0.9158298350354841	-0.40156657388143985
0.9277612001156146	-0.37317443047458987
0.9284778061586291	-0.3713878881585388
0.9291909719521327	-0.3695999697546673
0.9306069722335124	-0.3660200311873309
0.9333975743890195	-0.3588439328241384
0.93881261034282	-0.3444283418380379
0.9489735837718976	-0.31535557281126525
0.9496296627245986	-0.313374382605798
0.9502816055138124	-0.31139182748121536
0.9515730712615174	-0.30742265702111676
0.954106245062444	-0.29946831741077984
0.9589729500996114	-0.28349758548751036
0.9595625198053651	-0.2814955960308762
0.960147910084534	-0.2794923805049102
0.9613061421825358	-0.2754823061507401
0.9635723422937698	-0.26744782886854435
0.9679031395685025	-0.2513235214090317
0.9684255427050289	-0.24930296475667968
0.9689437278115937	-0.24728132225174682
0.9699674349252868	-0.24323481491032406
0.9719641347179838	-0.23512915774510168
0.9757541957434868	-0.21886925204098728
0.9825173653353515	-0.18617096125464766
0.9828782639955621	-0.18425612110611167
0.9832354308039809	-0.1823405813627622
0.9839385634551668	-0.17850743218640147
0.9852999878170547	-0.17083305888413902
0.9878431880799995	-0.1554536450648319
0.9881442223247693	-0.15352848558549953
0.9884415047236372	-0.15160274317990355
0.9890248094829579	-0.1477495388392083
0.9901463481411782	-0.14003645690565292
0.9922089083459691	-0.12458524069447559
0.9924497855947264	-0.12265163298130871
0.9926868946499582	-0.12071755957698446
0.9931498045930759	-0.11684804507023282
0.9940303675041289	-0.10910375098779387
0.994241074798754	-0.10716662345627223
0.9944480070985782	-0.10522908902801636
0.9948505435853873	-0.10135282890901172
0.9956102830115793	-0.0935957496983867
0.995790769151414	-0.09165557305933682
0.9959674744124741	-0.08971504841684938
0.9963095396289282	-0.08583298459446174
0.996948270957957	-0.07806500518119486
0.9970984920859094	-0.07612225088635877
0.9972449273698455	-0.07417920756594466
0.9975264381960682	-0.07029228335931058
0.9980440062199019	-0.06251529131763238
0.9981616073917627	-0.06060862586375316
0.9982755660691032	-0.05870173923668319
0.9984925542900829	-0.05488733029821971
0.998595583041888	-0.05297982190637946
0.9986949677155074	-0.05107212018040418
0.9988828033907885	-0.04725616457309351
0.9989712537069998	-0.0453479246169555
0.9990560585741266	-0.043439519177026376
0.9992147307365505	-0.03962223970301012
0.9992885974528206	-0.03771337959895143
0.9993588175619545	-0.035804381871107654
0.999488316947132	-0.031986001409824015
0.9995475957506061	-0.030076632610430306
0.9996032270018066	-0.028167154055292975
0.9996552104977238	-0.02625757271248725
0.9997035460486592	-0.02434789555046345
0.9997482334782267	-0.022438129538021576
0.9997892726233528	-0.020528281644285846
0.9998266633342773	-0.01861835883867928
0.9998604054745538	-0.016708368090898276
0.9998904989210504	-0.014798316370887155
0.9999169435639501	-0.012888210648812747
0.9999397393067511	-0.010978057895038943
0.9999588860662668	-0.009067865080101266
0.9999743837726269	-0.0071576391746814225
0.9999862323692774	-0.00524738714958188
0.99999443181298	-0.003337115975700419
0.9999989820738134	-0.0014268326240046989
0.9999998831351729	0.0004834559344931824
0.9999971349937701	0.002393742728762126
0.9999907376596338	0.004304020787777471
0.9999806911561089	0.006214283140546433
0.9999669955198572	0.008124522816133545
0.999949650800857	0.010034732843686087
0.9999286570624026	0.011944906252459543
0.9999040143811044	0.013855036071843012
0.9998757228468886	0.015765115331384666
0.9998437825629969	0.017675137060817185
0.9998081936459856	0.019585094290083187
0.9997689562257259	0.02149498004936065
0.9997260704454034	0.023404787369088385
0.9996795364615169	0.025314509279991414
0.9995755245756118	0.029133668999807346
0.999518047053154	0.031043092871830418
0.9994569220862517	0.032952403461299996
0.999323730724653	0.03677065692316834
0.9992516648159989	0.03867958586198438
0.9991759524349834	0.04058837365113236
0.9990135893743328	0.04440549791874669
0.9989269392871938	0.04631382046775101
0.9988366439126826	0.04822197400821398
0.99864511863287	0.05203774621119815
0.9982183400141598	0.05966695617655853
0.9980925438805435	0.0617355153057406
0.9979624611774582	0.06380380929560599
0.9976894383159851	0.06793956632724571
0.9970919795742297	0.07620750795521362
0.9969319075583751	0.07827369731921091
0.9967675539577078	0.0803395505163435
0.9964260048437583	0.08447021292210904
0.995691559887568	0.09272711344942021
0.9954972559866357	0.09479036513843873
0.9952986766623773	0.09685320972544287
0.9948886951736428	0.1009776421574921
0.9940174658714864	0.1092212321045145
0.9920701576650239	0.1256853303711082
0.9918075596064435	0.12774100636644042
0.9915407019709029	0.12979613374461163
0.9909942125715895	0.13390470734673712
0.9898501705024727	0.14211488295117314
0.9873581145662655	0.1585053740418581
0.9870275110394754	0.16055121441838538
0.9866926684648937	0.16259636526573204
0.9860102719428314	0.1666845632421419
0.9845946748192608	0.17485229857669596
0.9815606108164757	0.19115116346385955
0.9811891009812854	0.19304908214114094
0.9808139213861549	0.19494627879268092
0.9800525585426524	0.1987384776383299
0.9784858583967622	0.20631389899265534
0.9751768930078614	0.2214272506796173
0.9747468430727747	0.22331276703238348
0.9743131474725323	0.2251974481697505
0.9734348257784953	0.22896427660574167
0.9716345066925015	0.23648760095281782
0.9678595473656625	0.2514913449268881
0.9673713690576102	0.2533626537743967
0.9668795726695224	0.2552330150164782
0.9658851330242647	0.2589708667064664
0.9638529186116166	0.26643489126589326
0.9596155794676449	0.28131466304296376
0.9504528820335232	0.3108686523825932
0.9497992046848722	0.3128601457200711
0.9491413545455835	0.31485026455662235
0.9478131474740489	0.31882634375994856
0.9451067882370381	0.32676162386098884
0.9394949613532741	0.3425627206685075
0.9274804940436938	0.3738715463477606
0.9266948113041095	0.37581475051152663
0.925905057279338	0.37775630359339574
0.9243133492707363	0.38163442239912504
0.9210812316927468	0.3893704722027244
0.9144229914544555	0.4047599198283902
0.9003371379222673	0.4351931043547682
0.899439707139634	0.43704486408213244
0.8985384677730146	0.43889477318842973
0.8967245785687471	0.44258900821270164
0.8930512661438973	0.4499549266746413
0.8855233816467254	0.46459481331257657
0.8697497996135022	0.4934929442983687
0.8687324662935626	0.49528163907771117
0.867711454416258	0.49706823663841393
0.8656584122985865	0.500635109852166
0.8615083766444525	0.507743357387805
0.8530334889322166	0.5218561744006961
0.8353925685434842	0.5496537604913844
0.8343360678532363	0.5512561345501742
0.8332764936388415	0.5528564778936372
0.8311481402619407	0.5560510488607294
0.826854723718439	0.5624155633199563
0.8181219409419912	0.5750447719519838
0.800079842315541	0.5998935288201891
0.7989269804274555	0.601428033886905
0.7977711754550892	0.6029603234152353
0.7954507532993415	0.6060182332863511
0.790774780041946	0.6121072187530644
0.781283285966947	0.6241765992639341
0.7617499966360877	0.6478710848810282
0.7603998595462558	0.649455197532543
0.759046428188998	0.6510364965603114
0.7563297061402425	0.6541906263542872
0.7508569897783963	0.6604648218496768
0.7397558004549543	0.6728754384678117
0.716941242932605	0.69713359851771
0.7154886672888708	0.6986243389556333
0.7140329919457081	0.7001120527551717
0.7111123674000888	0.7030783746714454
0.7052342002935639	0.7089744161366456
0.6933316245546819	0.7206186636442091
0.6689531274993932	0.743304589793969
0.6675076464264498	0.7446029424882914
0.6660596454218601	0.7458984842057973
0.6631561054928324	0.7484811151576098
0.6573190276114397	0.7536124308555103
0.6455261169041993	0.763738196239121
0.6214752975641308	0.7834337588574896
0.6199519363447534	0.7846397878150143
0.6184262347229673	0.7858428546512167
0.6153678333199017	0.7882400838038939
0.6092231997022732	0.7929987975681452
0.5968239111591646	0.8023722447023436
0.5715957797315234	0.8205353524334656
0.5700318649622086	0.821622585453751
0.5684658821714144	0.8227068377053126
0.5653277352578174	0.8248663841788361
0.5590268756474295	0.8291495355506588
0.546328175864443	0.8375712054844234
0.5205532122660762	0.8538292295298102
0.5189259750659737	0.8548191811148299
0.5172968552517078	0.8558060314970289
0.514032991428662	0.8577704143434309
0.5074829329204233	0.8616618088290122
0.4942948254258496	0.869294326196386
0.4675774007748647	0.88395213348044
0.46574945267225304	0.884916632986123
0.4639195150493325	0.8858773524345185
0.4602537025184693	0.8877874347601684
0.45289854772015203	0.8915620592381537
0.43809588139767375	0.8989282500302209
0.40813532868489405	0.912921438832101
0.4062476338727363	0.9137630217801567
0.4043582037114264	0.9146007014491453
0.400574169632692	0.9162643366535005
0.3929856329014163	0.9195446113881987
0.3777285028246751	0.9259163991170204
0.34690865197988474	0.9378989216229536
0.34509940582834225	0.938566140502056
0.34328887640648253	0.9392298692735314
0.3396639946867562	0.9405468466341458
0.3323991285522956	0.9431388123376507
0.3178104998743735	0.9481542523079253
0.28840983213338917	0.9575070593623789
0.28656288331615376	0.958061435350329
0.28471486889974357	0.9586122487363709
0.28101567076109174	0.9597031795230719
0.2736047899213469	0.9618422006400508
0.25873463449588147	0.9659484400899888
0.22881315401874364	0.9734703593576923
0.22677766719392825	0.9739465538016344
0.22474118935801773	0.974418492130534
0.2206652962545743	0.9753495922123928
0.21250200977098907	0.977160629499209
0.19613143476307646	0.9805776156418099
0.1940811620143545	0.9809854751988726
0.19203004113721145	0.9813890478810332
0.1879252908546568	0.9821833255849911
0.17970600737860748	0.9837203621517854
0.163230321341832	0.9865879900924409
0.16116755612042682	0.9869270585277157
0.15910408660199707	0.9872618141235607
0.15497507074628297	0.9879183809643308
0.14670898443291355	0.9891796974699102
0.14464083748696666	0.9894842232855807
0.142572058465223	0.989784425087094
0.13843264035905783	0.9903718514190616
0.13014661719926393	0.9914947594574508
0.12807366693057645	0.991764657486319
0.1260001569840931	0.9920302215356062
0.1218514943048323	0.9925483430723561
0.11354785166330875	0.9935325285981568
0.09691733002704228	0.9952924349860344
0.09497433169515267	0.9954797217015819
0.09303097148077849	0.9956632153219996
0.08914319502521538	0.9960188204952236
0.08136362542535745	0.996684483905334
0.07941793944226966	0.9968414070927952
0.07747195085151208	0.996994531996671
0.0735790955074585	0.9972893846343218
0.06579007985391322	0.9978334858045282
0.0638421806859083	0.9979600071973164
0.06189403825884051	0.9980827260442959
0.057997053320588264	0.9983167542449284
0.056048225658158896	0.9984280627068592
0.054099184434120276	0.9985355668395408
0.05020049100787285	0.9987391604931533
0.04825085366092902	0.9988352492383274
0.0463010324628493	0.9989275321027418
0.042400868231714316	0.9991006787972856
0.04045054005952828	0.999181541967671
0.038500057757888145	0.9992585979378107
0.034598660494640575	0.9994012871174304
0.0326477603986006	0.999466919783219
0.030696735904184813	0.9995287441613816
0.028745594445418143	0.9995867600163477
0.026794343456771192	0.9996409671270584
0.024842990373132787	0.9996913652869672
0.022891542629780774	0.9997379543040411
0.020940007662352798	0.9997807340007611
0.018988392906818845	0.9998197042141229
0.017036705799453822	0.9998548647956377
0.015084953776808307	0.9998862156113322
0.013133144275679343	0.9999137565417501
0.011181284733082985	0.9999374874819514
0.009229382586226846	0.9999574083415138
0.007277445272480881	0.9999735190445325
0.005325480229348148	0.9999858195296205
0.003373494894437365	0.9999943097499091
0.0014214967054354587	0.9999989896730478
-0.0005305068999216692	0.9999998592812047
-0.0024825084838783662	0.9999969185710661
-0.004434500608686682	0.9999901675538373
-0.0063864758366338195	0.9999796062552416
-0.008338426730071366	0.9999652347155211
-0.010290345851444517	0.9999470529894359
-0.012242225763319532	0.999925061146264
-0.01419405902841118	0.9998992592698016
-0.01614583820961197	0.9998696474583619
-0.018097555870021383	0.9998362258247755
-0.0200492045729733	0.9997989944963893
-0.022000776882063033	0.9997579536150666
-0.023952265361178525	0.9997131033371863
-0.02785496108666067	0.9996119752898425
-0.02976790572193432	0.999556837698052
-0.03168074133530904	0.9994980393319665
-0.035506057474532234	0.999369461151688
-0.037418523990552635	0.9992996818083995
-0.039330853465071064	0.9992262426326227
-0.04315507327528654	0.9990683858728614
-0.04506694960517116	0.9989839688670109
-0.046978660881980015	0.9988958931849384
-0.05080156027121437	0.9987087670957986
-0.05844507039278965	0.998290625893473
-0.06035543029465288	0.9981769492599732
-0.062265569150949024	0.9980596169058782
-0.06608515574492589	0.9978139867681596
-0.07372136863322176	0.9972788776500005
-0.07562976433986407	0.9971359680333954
-0.07753788306025972	0.9969894065086817
-0.08135326159019382	0.9966853298953675
-0.088980387401499	0.9960333782850247
-0.090886371606108	0.9958612691817452
-0.09279202294871193	0.9956855128388108
-0.09660229913214008	0.9953230610220907
-0.104218550152655	0.9945544197297996
-0.10612167611364613	0.994353151480313
-0.10802441341489406	0.9941482415144977
-0.1118286941652883	0.9937274994490625
-0.11943228523014282	0.9928423486358274
-0.12133210687587326	0.9926119684151817
-0.1232314841552188	0.9923779528551115
-0.12702887779131272	0.9918990191582406
-0.13461802670299092	0.9908975662936068
-0.14977221520161926	0.9887205285385754
-0.15182430810100186	0.9884074966680757
-0.15387574677817206	0.9880902056763137
-0.15797662610952792	0.9874428518162711
-0.16617014534799263	0.9860970960280874
-0.18252225000375333	0.9832017230729243
-0.18456281624083298	0.9828207195929747
-0.18660258718303926	0.9824354810655996
-0.19067970802819925	0.9816523055269013
-0.1988240196752316	0.9800352081431478
-0.21507095874986465	0.9765984244828649
-0.21709774753520347	0.9761498696486831
-0.21912360083023527	0.9756971085122635
-0.22317246603523802	0.974778975154753
-0.23125858673597052	0.9728923198694096
-0.2473824394983531	0.9689179163519703
-0.2794210519753165	0.9601686704496286
-0.28128074594726893	0.959625521731966
-0.28313938413976103	0.9590787710865865
-0.2868534652849675	0.9579744722350413
-0.2942686515313325	0.9557227426016036
-0.30904556261137295	0.951047233438077
-0.3383731384870479	0.9410120186004136
-0.3401956079718067	0.9403546928243048
-0.34201680054180883	0.9396938374529996
-0.3456553275991789	0.9383615478600476
-0.35291675828610536	0.9356547235603669
-0.36737560130836516	0.9300726678939217
-0.3960250851539524	0.9182396919806967
-0.3979520370247529	0.9174062220346283
-0.39987723479633114	0.9165687083310448
-0.40372233410592334	0.9148815644355641
-0.41139111067672407	0.9114589151772949
-0.4266410853694593	0.9044210215794244
-0.4567757085299879	0.8895818973523054
-0.45864236008264037	0.8886209459256661
-0.46050699002431417	0.8876560776217026
-0.4642301522078931	0.8857146074108952
-0.471651856211206	0.8817848527461355
-0.4863949538872565	0.8737390622108031
-0.5154654021912458	0.8569103915485079
-0.517230582934653	0.8558460866750979
-0.518993566168108	0.8547781456472257
-0.5225129101536349	0.8526313732925733
-0.5295248990648398	0.8482943954019567
-0.5434404155544517	0.8394477439019089
-0.570824412774255	0.8210721586930877
-0.5725156056487914	0.8198938231799271
-0.5742043661289907	0.8187120042593756
-0.57757456121722	0.8163379362952182
-0.58428544766301	0.8115482213949063
-0.5975876125094729	0.8018036202058632
-0.6237009085643943	0.7816630838513158
-0.6252027149645669	0.7804624047325627
-0.626702209957286	0.7792588402030829
-0.6296942435540783	0.7768430727211624
-0.6356503305099382	0.7719771093255332
-0.6474493532729046	0.7621084797760077
-0.6705850705816342	0.7418326382096063
-0.6720102054782712	0.7405418851982997
-0.6734328559176898	0.7392483943645358
-0.6762706823956212	0.7366532183681551
-0.6819162910596516	0.7314302235944646
-0.693086165514802	0.72085474762395
-0.7149313436849474	0.6991946608898238
-0.7163875149180297	0.6977026074693786
-0.7178405722595396	0.6962075213742644
-0.7207373200176306	0.6932082771676948
-0.7264931718436483	0.6871736834778783
-0.7378529043001271	0.6749615482498744
-0.759953499013444	0.6499774452526976
-0.7613069612512404	0.6483916337757623
-0.7626571143479902	0.6468030039621002
-0.7653474696581444	0.6436173169577368
-0.7706882133319651	0.6372124275555079
-0.7812085377818626	0.6242701502528566
-0.8015943713631426	0.5978682662584862
-0.8027565557510548	0.5963068943075399
-0.8039156988516676	0.594743263215175
-0.8062248436366241	0.5916092473103349
-0.8108064453079655	0.5853143670260119
-0.8198219289391218	0.5726185508962643
-0.8372544297825192	0.5468135146551781
-0.8383171726240031	0.5451828299604614
-0.8393767394548373	0.543550079810652
-0.841486329039697	0.5402784078966091
-0.8456672202636724	0.5337105513024015
-0.8538749679938076	0.5204781830524446
-0.8696674251083087	0.49363809588147095
-0.8706077800920328	0.49197773653207383
-0.8715449651400146	0.4903155858618924
-0.8734098117909153	0.48698593477364216
-0.8771013164953471	0.4803054034696352
-0.8843308227268223	0.46686078864614616
-0.8981699891648715	0.4396483487556557
-0.8990072714267681	0.4379337003723251
-0.8998412803486515	0.4362174574458243
-0.9014994660376004	0.43278021296487357
-0.90477642452144	0.42588686482468424
-0.9111720257739002	0.4120261392764869
-0.9233248141433458	0.3840199051965352
-0.9241178515933832	0.3821075717208831
-0.9249069283411042	0.38019360055979845
-0.9264731862188849	0.3763607780008798
-0.9295580258810352	0.368675842062038
-0.9355362661713215	0.35323065365030587
-0.946721343633716	0.3220538736118097
-0.9473860459475733	0.32009323632938996
-0.948046687833315	0.31813122715049674
-0.9493557790120148	0.3142031267452479
-0.9519251128151118	0.3063308335638718
-0.9568677754092093	0.29052376905071137
-0.965964429872142	0.25867493156815097
-0.9664623367994248	0.25680839462173943
-0.9669566370134761	0.2549408992994036
-0.9679344099366907	0.2512030614075206
-0.9698465949617326	0.24371619199620886
-0.9734971266473269	0.22869924444431045
-0.9739371123566727	0.22681821173430014
-0.9743734634578851	0.22493633256787465
-0.9752352553358546	0.22117006296063327
-0.9769151530538419	0.21362767548655465
-0.9800998578366147	0.19850508474255205
-0.9804815020170059	0.19661135318815146
-0.9808594871664424	0.19471688790545003
-0.981604474743744	0.1909257844374572
-0.9830504803763749	0.18333508401770426
-0.9857663159609067	0.16812129644058157
-0.9860892540340161	0.16621667509199448
-0.986408512148761	0.16431143344413848
-0.9870359837511743	0.16049911769337416
-0.9882467159533593	0.15286735559759118
-0.9904910879471641	0.1375769046651482
-0.9907854662971451	0.13544061345973274
-0.9910752370996547	0.13330369240146042
-0.9916409506934935	0.1290280004793705
-0.9927170294556905	0.12046949584301303
-0.9929745108951914	0.1183284442239283
-0.9932273746072908	0.11618684233039671
-0.9937192441670957	0.11190202755971915
-0.9946475202569741	0.10332623310008081
-0.994868028154819	0.10118105828336753
-0.995083909519652	0.09903541293438914
-0.9955017886560643	0.09474275055420706
-0.9962819858017168	0.08615221858424621
-0.9964654545307305	0.08400355901308401
-0.9966442892980627	0.08185450879187744
-0.9969880536426242	0.07755527637686528
-0.9976199396431399	0.06895256359569236
-0.9977663145996798	0.06680105875038783
-0.9979080495450203	0.06464924325352384
-0.9981775967871875	0.06034472033371924
-0.9983054078305122	0.05819203292852567
-0.9984285763556389	0.056039074907176675
-0.9986609835817594	0.051732387065675525
-0.998770221201967	0.049578677273339464
-0.9988748141424091	0.047424736920385714
-0.999070064060003	0.043116204600376656
-0.9991607201291649	0.04096163266971502
-0.9992467297025855	0.03880687025112849
-0.999404807783898	0.034496814033038586
-0.9994768755566635	0.03234154027701559
-0.999544295363439	0.030186116119934856
-0.9996070668906956	0.02803055158537769
-0.9996651898465204	0.02587485669758
-0.9997186639606187	0.023719041481381653
-0.9997674889843146	0.021563115962182543
-0.9998116646905519	0.019407090165896406
-0.9998511908738965	0.01725097411890242
-0.9998860673505354	0.015094777848000793
-0.9999162939582794	0.01293851138036347
-0.9999418705565626	0.010782184743488847
-0.9999627970264435	0.008625807965156903
-0.9999790732706059	0.006469391073378577
-0.9999906992133586	0.004312944096351794
-0.9999976748006364	0.002156477062415273
-1.	1.2246467991473532e-16