-0.6307996854622248	-7.725068157044707e-17
-0.6307985142338597	-0.0012155737726747846
-0.6307950005531138	-0.0024311430313507846
-0.630789144433035	-0.0036467032620464126
-0.6307809458953698	-0.004862249950812408
-0.6307704049705635	-0.006077778583751481
-0.6307575216977591	-0.007293284647032547
-0.6307422961247986	-0.008508763626907776
-0.6307247283082216	-0.009724211009730472
-0.6307048183132657	-0.01093962228197211
-0.6306825662138661	-0.012154992930236587
-0.6306579720926553	-0.01337031844127977
-0.630631036040963	-0.014585594302025147
-0.6306017581588155	-0.015800815999579453
-0.630570138554935	-0.017015979021252247
-0.6304998746603456	-0.019446110987293798
-0.6304612306305596	-0.020661070907435908
-0.6304202454008857	-0.021875954103278115
-0.6303312519593582	-0.024305472276625162
-0.6302832440779791	-0.025520098232183774
-0.6302328956576604	-0.02673462941958129
-0.630125177956764	-0.029163389449755838
-0.6300678090761932	-0.030377609273400864
-0.6300081004566944	-0.03159171629065567
-0.6298816648965058	-0.034019573872224165
-0.6296007272469776	-0.03887373701252116
-0.6295246471497696	-0.04008692817116023
-0.6294462293306501	-0.041299970468128916
-0.6292823817001658	-0.04372559045923287
-0.6289266471706572	-0.048574845938175557
-0.6288318739378216	-0.04978672010776925
-0.6287347655556681	-0.05099840939579103
-0.6285335447945146	-0.05342121532952529
-0.6281030979280223	-0.0582644106849361
-0.6279896540831336	-0.059474679854437947
-0.6278738782164865	-0.06068472816640429
-0.627635332146297	-0.06310414424464653
-0.6271302752417689	-0.0679401284545803
-0.6260084103105533	-0.07759969973972605
-0.6258449285311638	-0.07890734193384162
-0.6256787152769493	-0.08021463974006177
-0.6253380972576881	-0.08282817936774908
-0.6246241162385718	-0.08805087502361801
-0.6230653527794314	-0.09847745602463741
-0.6228582611226979	-0.09977890423556829
-0.6226484510263284	-0.10107991696551569
-0.6222206791893724	-0.1036806132715165
-0.6213325553253918	-0.10887653040054429
-0.6194262078797153	-0.11924519349222232
-0.6191757377080235	-0.1205389937446247
-0.6189225651689197	-0.12183226790947436
-0.6184081174201115	-0.12441721540106614
-0.6173468429214748	-0.12958054913500558
-0.6150950412568235	-0.13987971046763084
-0.6100766916814635	-0.1603579541096801
-0.6097627231071053	-0.16154771644393298
-0.6094464342786036	-0.162736864060782
-0.6088069006821325	-0.16511329704496172
-0.6075000439859624	-0.16985858746703236
-0.6047754540138172	-0.17931785578024012
-0.5988851371438109	-0.19810309358382192
-0.598497560986332	-0.199270952907476
-0.5981077074406279	-0.20043805397019282
-0.5973211741270495	-0.20276996355161833
-0.5957208446933981	-0.20742448837354258
-0.5924114785119122	-0.2166953698318723
-0.5853607837603851	-0.2350765747893
-0.584910148107025	-0.23619560076483173
-0.5844573732297229	-0.2373137628892478
-0.5835454124349442	-0.23954747922984393
-0.5816958935437065	-0.2440043659724769
-0.5778948479719506	-0.25287504397768856
-0.5698878812096994	-0.2704367690044409
-0.5693696502975097	-0.27152613962440725
-0.5688493369984928	-0.27261451717694135
-0.5678024708594668	-0.2747882771610282
-0.5656838341795942	-0.27912370541950565
-0.5613473796765134	-0.2877453084058088
-0.5522813390758977	-0.304784457752975
-0.5516478716765972	-0.3059295161535125
-0.5510120302030604	-0.30707325795442236
-0.5497332359891246	-0.3093567720741978
-0.547147279755559	-0.3139077849231105
-0.5418625226901205	-0.32294465421050134
-0.5308467786343792	-0.3407490877357473
-0.5301387483034192	-0.34184960249578406
-0.529428436464982	-0.34294864607034997
-0.528000980503087	-0.34514230075002467
-0.5251188256494553	-0.34951174819707936
-0.5192462420945501	-0.3581781445732412
-0.5070736924767685	-0.3752126244907244
-0.506346304533383	-0.3761936510158408
-0.5056170186180469	-0.37717326742896207
-0.5041527638131523	-0.3791282552366699
-0.5012015992951352	-0.383021148297637
-0.4952092724664356	-0.3907377888591085
-0.4828696963819789	-0.4058880381277788
-0.48208296407873413	-0.4068221465509266
-0.4812944247514518	-0.4077547300552268
-0.47971193685447555	-0.40961530833035203
-0.47652540727686404	-0.4133180124297277
-0.4700668041158535	-0.42064883554759724
-0.45681288011498866	-0.4350060180506596
-0.4558991620329801	-0.4359635274158473
-0.454983436953585	-0.43691911754596513
-0.45314598193657846	-0.4388245232823432
-0.4494471659000949	-0.4426121194043542
-0.4419548246041624	-0.45009351938052355
-0.4265987394083732	-0.46467381969982835
-0.425622840013717	-0.4655678696365328
-0.4246450669066288	-0.46645987001145817
-0.4226839167811246	-0.46823770637765716
-0.41873932192637414	-0.471768612194455
-0.41076192898012764	-0.47873048877188334
-0.39446223949118214	-0.492247686429142
-0.39344742348736106	-0.49305919333321313
-0.3924309380166091	-0.4938686081000148
-0.3903929759338873	-0.4954811474927427
-0.3862972084152448	-0.4986809701099798
-0.37802727552867954	-0.5049788333540381
-0.3611817152418493	-0.5171614948487536
-0.36011564998739215	-0.5179043944719911
-0.359048056698608	-0.5186450965353812
-0.35690830414447156	-0.5201198954202377
-0.35261066237574257	-0.5230429848092619
-0.34394385552507645	-0.5287824386510837
-0.3263324193708464	-0.5398290426114658
-0.3252945606281429	-0.540455078618922
-0.32425550090232086	-0.5410791192735372
-0.322173793850519	-0.5423212053158211
-0.31799613703738505	-0.5447813322871318
-0.30958471776432744	-0.5496048996379339
-0.2925444355699	-0.5588613391498202
-0.2914700695291891	-0.5594224179883135
-0.29039462738492366	-0.5599814314468052
-0.2882405306717575	-0.561093253975937
-0.28391959896993696	-0.5632920241757307
-0.2752276771218428	-0.567589613123211
-0.2576508080450614	-0.5757814726899161
-0.2564505821824228	-0.5763170499625515
-0.25524924302562296	-0.5768501253480736
-0.2528432456951934	-0.5779087612119769
-0.24801812129470205	-0.5799959091999599
-0.2383165281172829	-0.5840492064932252
-0.21871742238106093	-0.5916679240302167
-0.21748418089022917	-0.5921223473588443
-0.21624999526479374	-0.5925742001869626
-0.21377881304539872	-0.5934701865065694
-0.20882535500643573	-0.5952312275793986
-0.19887527006028033	-0.5986291591107906
-0.1788121204608417	-0.6049251761627541
-0.1776351408921832	-0.6052718396716106
-0.17645748925406948	-0.6056162131790989
-0.1741001875942337	-0.6062980849869924
-0.1693777156539428	-0.6076342918393379
-0.1599022986635325	-0.610196278308349
-0.15871510203430916	-0.6105061503092991
-0.15752730491820222	-0.6108137125052526
-0.15514992720336307	-0.611421902836358
-0.15038816381468775	-0.6126105152245498
-0.14083761480741322	-0.6148764180179627
-0.13964135089292984	-0.6151491984064023
-0.13844455865569377	-0.6154196514232153
-0.13604940732684517	-0.6159535712578147
-0.1312529641588366	-0.6169934380354145
-0.12163653264326887	-0.6189610626733839
-0.12043236000030835	-0.6191964872671661
-0.11922773171039545	-0.6194295691767028
-0.11681712642190777	-0.6198887014245136
-0.11199064873026393	-0.620778815502121
-0.1023176480208167	-0.6224462563810067
-0.10113055809352743	-0.6226402278996542
-0.09994310045220654	-0.6228319354779761
-0.0975670992993303	-0.6232085560336574
-0.09281087448878382	-0.6239345997425282
-0.09162096381591414	-0.624110440682324
-0.09043072000620955	-0.6242840123360522
-0.08804925028855463	-0.6246243452691106
-0.08328250371213623	-0.6252777524865887
-0.08209004918787544	-0.625435421929054
-0.08089729618149841	-0.6255908172677765
-0.07851091207102288	-0.6258947833821734
-0.0737347529585767	-0.6264754020593142
-0.06416984400556049	-0.6275272697656602
-0.06297313476434815	-0.6276484903807169
-0.06177619655074881	-0.6277674288452412
-0.059381650615632574	-0.627998457601135
-0.05459000262328409	-0.628433110834265
-0.05339158350659105	-0.6285360626009461
-0.05219297025634649	-0.628636728989853
-0.049795178788680415	-0.6288312041785498
-0.04499745805674553	-0.6291927144744074
-0.04379760793869075	-0.6292773734356658
-0.04259759857109427	-0.6293597443237195
-0.04019711954093436	-0.6295176206905201
-0.03899665860659157	-0.6295931255952233
-0.037796055879116844	-0.6296663412786365
-0.03539444250699486	-0.6298059039250591
-0.03419344059469273	-0.629872250380614
-0.03299231435391745	-0.629936306599972
-0.03058970635672053	-0.6300575474067835
-0.029388233336260644	-0.6301147315534015
-0.028186653459218523	-0.630169624582153
-0.025783190611696954	-0.6302725364960167
-0.024479146167105958	-0.6303245311600773
-0.023174996940198905	-0.6303738277372114
-0.021870748513350916	-0.6304204260164065
-0.02056640646936158	-0.6304643257981999
-0.019261976391431377	-0.6305055268946796
-0.017957463863138012	-0.6305440291294858
-0.015348213791510874	-0.6306129363663988
-0.014043487417000707	-0.6306433410735502
-0.012738700929726515	-0.6306710463291182
-0.011433859914791192	-0.630696052014511
-0.010128969957531033	-0.6307183580226924
-0.008824036643491838	-0.6307379642581823
-0.007519065558404985	-0.6307548706370567
-0.006214062288163533	-0.6307690770869483
-0.0049090324187981696	-0.6307805835470468
-0.0036039815364537217	-0.6307893899680991
-0.0022989152273649584	-0.6307954963124095
-0.000993839077832402	-0.6307989025538401
0.0003112413258011616	-0.6307996086778104
0.0016163203971747374	-0.630797614681298
0.002921392549933034	-0.6307929205728382
0.004226452197750374	-0.6307855263725237
0.005531493754354604	-0.6307754321120055
0.006836511633551017	-0.6307626378344916
0.008141500249246252	-0.6307471435947476
0.009446454015472209	-0.6307289494590963
0.01075136734641024	-0.6307080555054171
0.01205623465641408	-0.6306844618231459
0.01336105036003488	-0.6306581685132749
0.01466580887204482	-0.630629175688352
0.015970504607460755	-0.63059748347248
0.017275131981568256	-0.6305630920013168
0.018579685409945507	-0.6305260014220739
0.019884159308487217	-0.6304862118935167
0.02118854809342865	-0.630443723585963
0.02249284618136928	-0.630398536681283
0.02379704798929637	-0.630350651372898
0.026405140435146007	-0.6302467863764495
0.027709019909200137	-0.6301908071329771
0.029012780775551944	-0.6301321303749805
0.03161992436282915	-0.6300066853316166
0.03683254273054846	-0.629723436895312
0.03813531711446771	-0.629645885214714
0.039437928261204284	-0.6295656383521149
0.04204263854068686	-0.6293970604664267
0.04724985496839021	-0.6290275783975674
0.048551167374825566	-0.6289284755246684
0.04985227195931607	-0.6288266805406209
0.05245383538600574	-0.6286150159935249
0.05765422338750507	-0.6281594015095415
0.058866769157030305	-0.6280469303071663
0.06007909554297874	-0.6279321185112124
0.0625030720926789	-0.6276954748588037
0.06734819385069343	-0.6271941198419283
0.06855885809340187	-0.6270629363597967
0.0697692668322376	-0.6269294159512168
0.07218929975554492	-0.6266553663538244
0.0770261011406876	-0.6260792465194053
0.07823459510185143	-0.6259293820460029
0.07944279749978604	-0.6257771848706611
0.08185830959624735	-0.6254657946916735
0.08668563698621781	-0.6248150474496716
0.09632449749777494	-0.6234018241560116
0.09752778677094116	-0.6232147093793627
0.09873071257937166	-0.6230252720177659
0.1011354558712315	-0.6226394323723481
0.10594038371711012	-0.6218399137053789
0.11553100216555816	-0.6201296886280026
0.13462729251370587	-0.616265961488764
0.13591658238405133	-0.6159828940906403
0.13720527709094288	-0.615697129372583
0.13978085844479626	-0.6151175129937999
0.14492463107452838	-0.6139259682462972
0.15518135561301258	-0.6114139269344046
0.15646044722034308	-0.6110878591780824
0.15773885370494187	-0.610759115536635
0.160293588916975	-0.6100936063682011
0.16539459176034688	-0.6087305415335015
0.1755614773350101	-0.6058765640418768
0.17682893695711704	-0.6055078614137537
0.17809562226516257	-0.605136507334689
0.1806266477557934	-0.6043858513398095
0.1856791631448755	-0.6028527942649519
0.19574481378567496	-0.5996600795911406
0.21570874164581338	-0.5927714415833656
0.21692602480592516	-0.5923270574109719
0.21814239249307327	-0.5918801734951422
0.2205723609190652	-0.5909789139874885
0.22542108649071477	-0.5891464817382749
0.2350725479555154	-0.585362400891058
0.2541824109427359	-0.5773210070199939
0.25536787288431956	-0.5767976184744349
0.2565522571203415	-0.5762717957229035
0.25891777248687853	-0.5752128564885131
0.2636356511332235	-0.5730658658747727
0.2730176866737559	-0.5686559468980804
0.29155802784498536	-0.559376581185148
0.29262918592064135	-0.5588169671069986
0.2936992698822401	-0.5582553018555944
0.29583619975597775	-0.5571258260870545
0.30009699757699543	-0.5548423516860572
0.30856547105885473	-0.5501777833114209
0.3252829889309749	-0.5404620433401155
0.32631784730415647	-0.5398378513128019
0.32735150790690454	-0.5392116777762862
0.3294152206290419	-0.5379533953765524
0.3335281061832394	-0.5354131540829601
0.3416948738318899	-0.5302384900931377
0.35778570530213544	-0.51951672952918
0.35886446901650143	-0.5187721427146471
0.3599416831785474	-0.5180253158773575
0.36209144424704154	-0.516524955043155
0.3663721675481038	-0.5134974956368783
0.3748573860059836	-0.5073363611412085
0.3915147409155931	-0.4945952393877621
0.39254164589394636	-0.4937806187145394
0.39356685590422524	-0.4929638659302571
0.3956121733207497	-0.49132397814443657
0.3996822742509839	-0.48801877302907415
0.40773935883763957	-0.4813074468922253
0.42351330687828737	-0.46748767050721163
0.42441921175336966	-0.46666537891072446
0.4253235200739849	-0.46584133184069904
0.42712733345074355	-0.4641879836860267
0.4307156522766395	-0.4608603585286445
0.43781430436059965	-0.4541220960011591
0.45169371805612163	-0.440319234474124
0.4525468762163152	-0.4394423375212006
0.4533983320130983	-0.438563787500726
0.4550961237110296	-0.4368017414828344
0.45847113824649227	-0.4332579584660939
0.4651381830845241	-0.42609237709218584
0.47813475338986133	-0.41145522329903433
0.4789984163533344	-0.41044946133505816
0.4798599636889842	-0.40944188650851115
0.48157669626513466	-0.4074213160766137
0.48498460708024344	-0.4033586172061576
0.4916973716310496	-0.3951479949466518
0.5047040826930345	-0.3783940169878804
0.5054982051825277	-0.37733248963809723
0.5062900950006153	-0.37626929569592793
0.5078671626420561	-0.3741379268253206
0.5109943526363342	-0.3698553970851519
0.5171401813435443	-0.3612122312702157
0.5289916074778888	-0.34362206331549916
0.529699492786307	-0.34252983887709815
0.5304051229504017	-0.3414361561510599
0.5318096058386259	-0.33924443446725405
0.5345913783453397	-0.33484369693645366
0.5400454903211327	-0.3259740964602081
0.5505108334122738	-0.3079708841351167
0.5511451121777243	-0.30683433396842236
0.5517770444962025	-0.30569647748424816
0.5530338590406801	-0.30341686494625636
0.5555192130594963	-0.2988421775804074
0.5603762316557431	-0.2896320461802363
0.569630933773842	-0.2709775681992562
0.5701514841814852	-0.2698805814890936
0.5706699220309699	-0.2687825948018371
0.5717004523795145	-0.2665836377730264
0.5737360783824046	-0.2621739032429067
0.5777051718773045	-0.2533080684965555
0.5852314732169859	-0.23539831336591616
0.5856835080835197	-0.2342713630348862
0.5861333728417443	-0.23314354466809192
0.587026585373853	-0.23088532054584202
0.5887868963357971	-0.2263586399554942
0.592202699312221	-0.21726528969570993
0.5986122381552732	-0.19892619613810583
0.5990260925522753	-0.19767646197965624
0.5994373378586508	-0.196425866830658
0.6002519940460883	-0.19392211535288187
0.601849919282934	-0.1889045204286216
0.6049198352896166	-0.1788301877548217
0.6052917356745642	-0.1775673334352782
0.6056609996785365	-0.1763037057115858
0.6063916121216483	-0.17377415207029515
0.6078211304390091	-0.1687060063278327
0.6105529959977112	-0.1585347982540759
0.6108825277319165	-0.15726023175331363
0.6112093987341488	-0.15598498029708494
0.6118551528594719	-0.15343244473889486
0.6131146704606676	-0.14831939874860797
0.6155054397634375	-0.13806265534480716
0.6197716450147135	-0.11743658380163177
0.619999299776058	-0.11622870323822483
0.6202246004864662	-0.1150203813706296
0.6206681363416725	-0.11260243207585147
0.621526922400932	-0.10776143981066462
0.623131172326865	-0.09806011041085229
0.6233210646337791	-0.09684572041682481
0.6235085902774785	-0.0956309627130936
0.6238765387361866	-0.09320036262696135
0.6245840049690257	-0.08833495296933025
0.6258850672974547	-0.07858833064331076
0.6260370125902058	-0.07736861150603777
0.6261865809076662	-0.07614859861092918
0.6264785843541822	-0.07370771007717872
0.6270340431615041	-0.06882261180584927
0.6271669572566783	-0.0676006723682652
0.6272974900863194	-0.06637847626034916
0.6275514099755856	-0.06393333259651127
0.6280306533666608	-0.05904016947034345
0.6281445039668988	-0.057816306656689624
0.6282559695899951	-0.05659222432257685
0.6284717442209419	-0.05414341968447045
0.6288746557423881	-0.04924338071390466
0.6289694151826503	-0.04801789191579167
0.6290617865136977	-0.04679222080043498
0.6292393634543332	-0.04434035023347469
0.6295658452009728	-0.039434626099741854
0.6296400279831926	-0.038231902131153156
0.6297119130810146	-0.03702903864658529
0.6298487891825577	-0.03462291068797823
0.6299137796867899	-0.03341965499438885
0.6299764715076488	-0.0322162773456879
0.6300949581925347	-0.029809173748858518
0.6301507526241797	-0.02860545658474021
0.6302042475076891	-0.027401635033498517
0.6303043378578377	-0.02499369634196766
0.630350932959227	-0.023789587988736045
0.6303952277819818	-0.02258539282246409
0.6304769159534193	-0.020176759628511266
0.6305143090040053	-0.01897233039042233
0.6305494011797644	-0.017767831918444835
0.6305821923526382	-0.016563268608038452
0.630612682402965	-0.015358644854899446
0.6306408712194802	-0.014153965054944664
0.6306667586993174	-0.012949233604295474
0.6306903447480078	-0.011744454899261722
0.630711629279481	-0.010539633336325705
0.6307306122160656	-0.009334773312126109
0.6307472934884889	-0.008129879223441976
0.6307616730358776	-0.0069249554671766585
0.6307737508057577	-0.00572000644034177
0.6307835267540551	-0.0045150365400411395
0.6307910008450954	-0.00331005016345477
0.630796173051604	-0.0021050517078227897
0.6307990433547065	-0.0009000455704294048
0.6307996117439285	0.0003049638514131454
0.6307978782171961	0.0015099721603806368
0.6307938427808351	0.0027149749591529057
0.6307875054495716	0.0039199678504298965
0.6307788662465319	0.005124946436947709
0.6307679252032421	0.00632990632149464
0.6307546823596284	0.007534843106927242
0.6307391377640166	0.00873975239618635
0.6307212914731319	0.009944629792313144
0.6307011435520995	0.011149470898465193
0.6306786940744428	0.01235427131793249
0.6306539431220847	0.013559026654153495
0.6306268907853464	0.014763732510731204
0.6305975371629475	0.015968384491449154
0.6305319264980342	0.018377509241439043
0.6304956696949466	0.01958197321932526
0.6304571120850508	0.020786365738612363
0.6303730950160481	0.023194918821373967
0.6303276358635366	0.024399070595548866
0.6302798765174064	0.025603133332557544
0.6301774579498173	0.02801097411993889
0.6301227991021047	0.029214743383611283
0.6300658408082643	0.030418406036748957
0.6299450267220005	0.03282539394218687
0.6296758149035561	0.03763789718866147
0.6295964627420386	0.038942743636709534
0.6295144066138484	0.04024742283496003
0.6293421838787071	0.04285625706966655
0.6289653070923311	0.048071672048008746
0.6288643337150788	0.04937502364892363
0.6287606595154732	0.050678163195886
0.628545210441824	0.05328378374219354
0.6280819227944698	0.0584922339977143
0.6279593559548776	0.059793732514176585
0.6278340921795961	0.06109497423081625
0.627575475985457	0.0636966649116631
0.6270259048156914	0.06889671885732439
0.6257975434115568	0.07928226686531087
0.6256318966388013	0.08057898663657867
0.6254635629262391	0.08187536034031387
0.6251188375850437	0.08446704727623304
0.6243971762076893	0.08964602346510091
0.6228251881069756	0.09998514008967638
0.6226166435062637	0.1012756555556957
0.6224054249155382	0.10256573606692478
0.6219749694040607	0.10514457006455143
0.6210820111837712	0.11029677494452682
0.6191681245651421	0.12057809378874092
0.618933776277958	0.1217753002934029
0.6186971131073578	0.1229720513444543
0.6182168456651538	0.1253641691834999
0.6172285717059126	0.1301427425910522
0.6151412773793885	0.13967624008146778
0.6148700020156028	0.1408656232037266
0.6145964269673836	0.1420544794723743
0.6140423819190504	0.14443059366498767
0.6129067412058739	0.1491763042967536
0.6105254980498711	0.1586406612763529
0.6102175553267023	0.159821082308764
0.6099073303197851	0.16100090559196975
0.6092800381043453	0.16335874126231875
0.607998117892055	0.16806704560668753
0.6053252056928409	0.1774532009634133
0.5995453790334114	0.19609584814300549
0.5991330395674886	0.19735208151388664
0.598718067906544	0.19860744785001563
0.5978802353035912	0.2011155573608467
0.5961730647481371	0.20612112955263756
0.5926331261149903	0.2160884564487785
0.5850544039151109	0.23583805383944298
0.584558795490108	0.23706382641473547
0.5840606188996896	0.23828855748808672
0.583056569988516	0.2407348736109259
0.5810177512369432	0.24561477139375648
0.5768177353888971	0.25532243011546385
0.5679323834113259	0.2745196733423169
0.5673662843559166	0.2756877627958899
0.566797782846927	0.27685468487827597
0.5656535821074117	0.2791850071696102
0.563336457785212	0.2838314262185421
0.5585878706121999	0.29306626210495434
0.5486379000270302	0.3112951940412382
0.547996166488802	0.31242350214543535
0.5473521125177451	0.3135504873247742
0.5460570541956773	0.3158004698260926
0.5434392130103924	0.32028435013576134
0.5380932565071864	0.329186710668479
0.5269653694747098	0.3467214192310943
0.5262989291716109	0.3477321962833717
0.5256305500904468	0.3487416923610598
0.5242879854497453	0.3507568267222883
0.5215796996445461	0.35477156044128844
0.5160710630159528	0.36273806127400815
0.5046901128773096	0.37841264929059937
0.5039628879609239	0.37938061460402395
0.5032338065478996	0.38034718235653175
0.5017700849819143	0.3822761109414034
0.4988204825219195	0.38611704105859024
0.49283325104484355	0.3937304024885707
0.48051165827889486	0.4086768765630229
0.47965999222729805	0.4096761343253352
0.4788062481528451	0.41067361725467316
0.47709254073900187	0.41266324133662013
0.47364035297932533	0.4166210018816404
0.46663772624584143	0.42444961494075223
0.45224631053678366	0.43975165467012034
0.4513300262776061	0.44069201326946816
0.45041178672900395	0.4416304626662748
0.448569457684274	0.44350161759803997
0.4448615117223837	0.4472208386997605
0.43735337069010666	0.45456602636497584
0.4219754224155888	0.46887630144466363
0.42106361340943443	0.46969530191586123
0.4201502148311903	0.47051252922376713
0.4183186627572326	0.4721416520158355
0.4146366358656316	0.47537848434407853
0.4071976715008202	0.4817658139631244
0.3920264222259962	0.49418976866779285
0.3910654864479676	0.4949505313548578
0.39010307434483577	0.4957094255367243
0.3881738357017648	0.49722159693221396
0.3842978027484841	0.5002233920779084
0.37647633543553577	0.5061361595818575
0.3605624380661801	0.5175934422256658
0.3595759211216066	0.518279268472886
0.3585880996697343	0.5189632144521328
0.3566085575837031	0.5203254556883724
0.35263397732332874	0.5230272662265053
0.3446236414944417	0.5283396529717908
0.3283648025637916	0.538595209425858
0.3273383418497945	0.5392196705743112
0.3263106935833753	0.5398421754850007
0.32425184931040646	0.5410813075666384
0.3201200744636504	0.5435359979841525
0.31180102040423124	0.5483505875387769
0.29494767733802923	0.5575967277631241
0.29379460824986053	0.5582051337479373
0.2926402841729068	0.5588111552738027
0.2903278907814748	0.5600160346040296
0.2856882614481703	0.5623970665374808
0.27635074418794875	0.5670436573721714
0.25745163696045287	0.5758705564670109
0.25626087966669514	0.5764014267259349
0.255069027715238	0.576929834797651
0.25268206020859396	0.5779792553612821
0.24789521362538672	0.5800484516321595
0.23827102077192214	0.5840677733273322
0.21882986855303568	0.591626344755119
0.21768859664971896	0.5920472262141911
0.21654651525988974	0.59246590611447
0.21425994101124857	0.5932966550193065
0.20967726573870568	0.5949316661698063
0.2004747633573472	0.5980954041255101
0.18192883139395494	0.6039951518736484
0.180763776660978	0.6043448520724751
0.1795980497483768	0.6046923049831388
0.17726459672605277	0.6053804637802508
0.1725898154233437	0.6067297576280382
0.1632097260581857	0.6093199721814916
0.14433526558464307	0.6140647964896312
0.14305128113578702	0.6143651797950888
0.14176667155744388	0.6146628783445162
0.1391955994698141	0.6152502159832866
0.1340462009236305	0.6163926177341705
0.12371964735780348	0.618548051518152
0.1224263359527979	0.6188053291984599
0.12113248954865106	0.619059902719428
0.11854321436151462	0.6195609328452543
0.11335849293009784	0.6205304950281321
0.10296563536032549	0.6223393938311202
0.10166444370748069	0.6225532780934417
0.10036280778429432	0.6227644418180075
0.09775822588124133	0.6231786039746502
0.0925439812347643	0.623974242029638
0.09123939479177133	0.6241663368183781
0.0899344096355646	0.6243557040203478
0.08732326599619897	0.6247262523657853
0.08209644519326825	0.6254345824032042
0.08078882881580136	0.6256048339949212
0.07948085939375686	0.6257723517136815
0.0768638842805903	0.6260991826160945
0.07162594911412651	0.6267200065362061
0.061135421296896905	0.6278301549321222
0.059909778560287306	0.6279482953333809
0.05868390754832027	0.6280640430514247
0.05623149938300362	0.6282883586828432
0.051324149326381754	0.6287082589525645
0.05009681122024171	0.6288072460498568
0.048869282229278756	0.628903837191058
0.04641367030269982	0.6290898301421459
0.041500361678383106	0.6294330489891717
0.040271627495893476	0.6295128586439467
0.0390427398656635	0.6295902696540218
0.03658452299236296	0.6297378945693699
0.03535520311588242	0.6298081079121453
0.03412574852480595	0.6298759214852266
0.031666453937815434	0.6300043482978874
0.030436623312597864	0.6300649610481198
0.029206676714141597	0.6301231730499659
0.026746454343890627	0.630232393930423
0.02551618794632756	0.6302834023928675
0.024285824323953327	0.6303320092745947
0.021824824157433576	0.6304220175642177
0.020594196990483336	0.6304634186291531
0.019363491353076762	0.630502417427452
0.01813271193459444	0.6305390138105165
0.01690186342469809	0.6305732076389026
0.01567095051331324	0.630604998782321
0.014439977890610821	0.6306343871196372
0.013208950246988722	0.6306613725388722
0.011977872273054467	0.6306859549372034
0.010746748659607931	0.6307081342209635
0.009515584097622879	0.6307279103056426
0.008284383278228547	0.6307452831158875
0.007053150892692322	0.6307602525855023
0.005821891632402429	0.6307728186574484
0.004590610188849494	0.6307829812838451
0.0033593112536081083	0.6307907404259697
0.0021279995183195112	0.6307960960542572
0.0008966796746742761	0.6307990481483011
-0.0003346435856061289	0.6307995966968529
-0.0015659655707877778	0.6307977416978224
-0.002797281589141603	0.630793483158278
-0.004028586948960712	0.6307868210944457
-0.005259876958578825	0.6307777555317104
-0.00649114692638871	0.6307662865046147
-0.007722392160859505	0.6307524140568592
-0.008953607970554023	0.6307361382413024
-0.0101847896641472	0.6307174591199602
-0.011415932550444527	0.6306963767640063
-0.012647031938399354	0.6306728912537709
-0.013878083137129947	0.6306470026787415
-0.015109081455939154	0.6306187111375617
-0.01757090069202806	0.6305549195971059
-0.01877758556626533	0.6305201388215472
-0.019984201669523048	0.6304830488307148
-0.022397209886938607	0.6304019417550378
-0.023603593163701312	0.6303579249672396
-0.02480988999472768	0.6303115995582591
-0.02722220664815001	0.6302120235638535
-0.0284282176356839	0.6301587733431154
-0.029634124507789517	0.6301032152305672
-0.03204560824007228	0.629985176152396
-0.0368671320205893	0.6297214128134903
-0.03807218644580427	0.6296497056288342
-0.039277101435545046	0.6295756924167765
-0.04168649545762139	0.6294207490031636
-0.04650341614568101	0.6290832023397408
-0.04770723155716844	0.6289930549985369
-0.048910872245818596	0.6289006040348466
-0.05131761182242035	0.6287087926028115
-0.05612880038517247	0.6282975417320708
-0.05733109462193581	0.6281889753638569
-0.058533178889451025	0.6280781083180158
-0.06093669990748171	0.6278494738260335
-0.06574102865562387	0.627364615140623
-0.06694151991321207	0.6272376551921534
-0.06814176600435651	0.6271083980501689
-0.07054150510511518	0.6268429940876318
-0.0753378479572088	0.6262846412330564
-0.07653625485376989	0.6261393174623364
-0.07773438144415515	0.6259917005206509
-0.08012977615537946	0.6256895892953075
-0.08491700890179205	0.6250578731432912
-0.09447626624016207	0.6236845984121779
-0.09577072579563188	0.6234871380067272
-0.09706477266793588	0.6232869909489236
-0.09965160606027369	0.6228786403376261
-0.10482007541872591	0.6220297380097307
-0.11513497789222515	0.6202033376603181
-0.11642216643273984	0.6199630007850058
-0.11770885330149854	0.6197199924431097
-0.12028069984821695	0.619225965559637
-0.12541812907347127	0.6182059010386036
-0.13566669313147373	0.6160379789866954
-0.13694519085976384	0.615755030738381
-0.1382230984810625	0.615469429155938
-0.14077712137885717	0.614890270922808
-0.14587784377348884	0.6137001693622377
-0.15604876502443898	0.6111931168735371
-0.1762587116975536	0.6056740953103082
-0.1774318060701172	0.6053314772700475
-0.1786042344573293	0.6049865871349158
-0.18094707567550672	0.6042899957667048
-0.1856245728273576	0.6028696054221864
-0.19494584368875034	0.599920295712458
-0.21344566932649564	0.5935900853493141
-0.21459528250424598	0.5931754444564985
-0.21574409020456947	0.5927585770961431
-0.2180392719279043	0.5919181692399643
-0.22261978012122327	0.5902107053231244
-0.23174041375181242	0.5866895463644981
-0.24981249915026396	0.5792253088803536
-0.25102801978426575	0.5786995563005315
-0.25224243393302986	0.5781712529197407
-0.25466792136809163	0.5771070030811419
-0.25950538321683286	0.5749479970055782
-0.2691250624563171	0.5705084959377249
-0.28813397326750123	0.5611479810427233
-0.28931145647978196	0.5605418131850548
-0.29048766446049323	0.5599331745624022
-0.2928362339948197	0.5587084957640907
-0.2975178425457032	0.5562296077576164
-0.3068177839224947	0.5511543256186339
-0.32515541356889704	0.5405388054581106
-0.32626888902662227	0.5398674422787277
-0.32738097829576085	0.5391937854142537
-0.3296009793748646	0.53783960208818
-0.3340241397745173	0.5351038377989225
-0.3428020431992088	0.5295233728152984
-0.3600758600321592	0.5179320594453896
-0.36114266396547273	0.5171887657743189
-0.3622079335452035	0.5164432747709617
-0.3643338515468048	0.5149457134459053
-0.3685670766059819	0.5119243627933349
-0.37695807800709735	0.5057774714283316
-0.39343033694492374	0.49307282743084263
-0.3943776759497778	0.4923154394203921
-0.39532355691953713	0.49155623129376275
-0.39721093077128616	0.4900323659260174
-0.40096802854962826	0.48696291774658385
-0.4084108483972691	0.4807377893307999
-0.42300485159855866	0.46794779484823207
-0.42390382624309847	0.46713358825469037
-0.4248012336928064	0.46631765464360386
-0.4265913337424819	0.4646806184413678
-0.4301525819119951	0.46138595498095303
-0.4371985352049565	0.45471494806513907
-0.4509784667235505	0.4410517721661678
-0.451897019079358	0.4401105853378581
-0.45281360719334096	0.4391674854993211
-0.4546408747680082	0.43727556319719263
-0.45827166428942734	0.43346894339576403
-0.4654373799499092	0.42576553233511705
-0.4793784281435976	0.4100055680229421
-0.4802321916974846	0.4090052386420889
-0.4810838678462402	0.4080031314553149
-0.4827809431296671	0.4059936010949814
-0.48614988255924757	0.40195339887463505
-0.49278609991320343	0.39378941442295773
-0.5056454773241601	0.3771351143036987
-0.5063785828705042	0.3761502013681523
-0.5071097699737765	0.37516386336690954
-0.5085663777778138	0.3731869271199028
-0.5114564506710092	0.3692161186165295
-0.5171434149098324	0.3612076017951985
-0.5281398309586675	0.34492979305098
-0.5288102088088027	0.34390115765846463
-0.5294785832324191	0.3428712193775264
-0.530809311679003	0.3408074497632126
-0.5334466165480385	0.33666444788942546
-0.5386240612345611	0.3283174741594323
-0.5485859382150641	0.3113867556142034
-0.54917911384302	0.3103394014588495
-0.5497702898765068	0.3092909173389082
-0.5509466345573303	0.30719057447974096
-0.5532752345637681	0.3029764974344528
-0.55783560482063	0.29449563863263517
-0.5665653466568107	0.2773300401090541
-0.5670935040442582	0.2762484404481709
-0.567619596609855	0.2751658349499574
-0.5686655796208819	0.2729976222125169
-0.5707326840017607	0.26864930037390383
-0.5747670272601544	0.25990595905782277
-0.5824330023410896	0.2422396354092078
-0.5829332501151331	0.24103333605426755
-0.583430999479401	0.23982600364787157
-0.5844189944560577	0.23740826038327317
-0.5863649103446436	0.23256060521025443
-0.5901359824393737	0.222817785218229
-0.5971915257845228	0.20315148217622064
-0.5976108197950301	0.20191471279516476
-0.598027552488759	0.2006770780222449
-0.5988533267925243	0.19819923352214994
-0.6004740617473654	0.19323339345947146
-0.603591891757068	0.18326230213648875
-0.6093300585310445	0.16317206547015214
-0.609644138064164	0.16199465455145212
-0.6099559424837113	0.1608166390895205
-0.6105727213361286	0.1584588121230119
-0.6117789270484707	0.15373609725325973
-0.6140816812875134	0.14426341146091948
-0.6143592241345766	0.14307685661910083
-0.6146344742719725	0.1418897678328417
-0.6151780923175295	0.1395140061492279
-0.6162377712696446	0.1347562705029449
-0.6182466820449077	0.1252169450182541
-0.618487423073857	0.12402237974938832
-0.618725855987231	0.12282735164494116
-0.6191957939166661	0.12043592476977652
-0.6201079338149063	0.1156477133325584
-0.6218210820473961	0.10605086091422031
-0.6220247912823372	0.10484942636660692
-0.6222261792006996	0.10364760053440983
-0.6226219880901384	0.10124279295794501
-0.6233857175824556	0.09642867982840259
-0.624801466730208	0.08678346818964196
-0.6249871605007828	0.08543589636921017
-0.625169947831862	0.08408792723779439
-0.6255267997889172	0.0813908221182067
-0.6262055899336437	0.07599212008556541
-0.6263680091446931	0.07464154539768837
-0.6265275154947504	0.07329062359686335
-0.6268377866583636	0.07058776378725605
-0.6274233429238811	0.06517815533952749
-0.6275624392364836	0.06382497973988327
-0.6276986171335174	0.06247150732863421
-0.6279622151613276	0.05976369724941983
-0.6284543632754036	0.05434479238481534
-0.6285700952919576	0.05298941860316083
-0.6286829042069405	0.0516337983995812
-0.628899750647363	0.04892184394446253
-0.6292983441377363	0.043495255427976796
-0.6293906774142812	0.04213808684828824
-0.6294800837732211	0.04078072230969369
-0.6296501140887973	0.03806543060581601
-0.6297307372547252	0.03670751606772142
-0.6298084319216338	0.0353494308250411
-0.6299550343267698	0.03263277348923819
-0.6300239413832375	0.03127421402965568
-0.6300899185771699	0.029915509132508067
-0.6302130821637746	0.027197688300242523
-0.6302702679836872	0.02583858500407542
-0.6303245227955477	0.02447936154818522
-0.630424238399518	0.0217605794414896
-0.6304696987279105	0.02040103343410531
-0.6305122271208184	0.019041392553781098
-0.6305518233804678	0.017681663123388914
-0.6305884873227203	0.016321851466213604
-0.6306222187770738	0.014961963905921008
-0.6306530175866639	0.013602006766530226
-0.6306808836082635	0.012241986372384488
-0.6307058167122848	0.010881909048120628
-0.6307278167827787	0.009521781118641059
-0.6307468837174361	0.008161608909082692
-0.6307630174275883	0.006801398744788363
-0.630776217838207	0.005441156951278527
-0.6307864848879052	0.004080889854219331
-0.6307938185289368	0.0027206037793948705
-0.6307982187271975	0.0013603050526780566
-0.6307996854622248	7.725068157044707e-17