-0.47048921771981794	-5.761831145139172e-17
-0.47048834414563906	-0.0009066497123685331
-0.4704857234263465	-0.0018132960579190318
-0.4704813555716721	-0.0027199356698462893
-0.47047524059783585	-0.003626565181369209
-0.47046737852754555	-0.004533181225745458
-0.47045776938999667	-0.0054397804362820825
-0.4704464132208726	-0.006346359446348227
-0.470433310062344	-0.007252914889388465
-0.4704184599630693	-0.008159443398935514
-0.4704018629781937	-0.009065941608620851
-0.47038351916934973	-0.009972406152189315
-0.47036342860465663	-0.010878833663510752
-0.4703415913587201	-0.0117852207765917
-0.47031800751263214	-0.012691564125589961
-0.47026560037679926	-0.014504106068791805
-0.47023677728166685	-0.015410297932171904
-0.470206207975607	-0.016316432569848386
-0.4701398311912626	-0.018128516708692786
-0.4701040239594662	-0.019034459480738095
-0.4700664710097182	-0.019940331568857897
-0.4699861285206567	-0.021751850237876662
-0.46994333927969273	-0.02265749009175204
-0.46989880491747515	-0.02356304580768076
-0.4698045014972673	-0.025373891375002615
-0.469594960912513	-0.028994424915518267
-0.4695382156949037	-0.029899297527739753
-0.46947972686045575	-0.030804059109768196
-0.4693575192163043	-0.0326132357444455
-0.46909219051630374	-0.03623010884916095
-0.46902150280797855	-0.03713399916991973
-0.4689490734016133	-0.03803775159462666
-0.4687989905770876	-0.03984482933217228
-0.46847793681920963	-0.04345718242388596
-0.4683933234196362	-0.044359875636822636
-0.46830697065474897	-0.04526240412062025
-0.46812904831816543	-0.047066953495366416
-0.46775234580325964	-0.05067392807109073
-0.46691558991063714	-0.05787863067668389
-0.46679365514074256	-0.0588539506826158
-0.46666968306885936	-0.05982901382286554
-0.4664156291923009	-0.06177835248496287
-0.46588309821790036	-0.06567376025092889
-0.4647204765213409	-0.07345054589575258
-0.464566014821663	-0.07442124604791743
-0.4644095255424423	-0.07539162139157021
-0.4640904669861836	-0.0773313807141205
-0.4634280495632955	-0.0812068154071197
-0.462006178343177	-0.08894040231154134
-0.46181936227801823	-0.08990539814566649
-0.4616305306209705	-0.09087000159132531
-0.4612468238365938	-0.09279801447908484
-0.46045526001664094	-0.0966491464712123
-0.4587757277846525	-0.10433089468737756
-0.45503273389868437	-0.11960482879589508
-0.4547985568178411	-0.1204922267493436
-0.4545626491486953	-0.12137916620872952
-0.45408564564275866	-0.12315165614722877
-0.45311091150952515	-0.12669098571569137
-0.4510787446677447	-0.13374629004042618
-0.44668538392239115	-0.14775747622611937
-0.44639630577707556	-0.14862853756659894
-0.4461055290154968	-0.14949903334941664
-0.44551888407583595	-0.1512383149946735
-0.44432525991798477	-0.154709945993855
-0.44185693099874185	-0.16162473981101827
-0.43659808903277536	-0.17533457344042278
-0.436261977235461	-0.1761692118652189
-0.4359242698733069	-0.1770032059767013
-0.4352440734007736	-0.1786692490612424
-0.43386458841314424	-0.18199346942046893
-0.43102953475223055	-0.18860976687828743
-0.4250574462824659	-0.20170838195383675
-0.4246709177820662	-0.2025209015897959
-0.42428283610944406	-0.20333268053496192
-0.4235020189306168	-0.2049540044797801
-0.4219218093377485	-0.2081876336283374
-0.4186874147528224	-0.21461815561178493
-0.4119254038509397	-0.22732700159208222
-0.4114529248880982	-0.2281810566011896
-0.4109786751946176	-0.229034129609286
-0.4100248717872832	-0.23073731494153307
-0.408096106517693	-0.23413174034228257
-0.40415440953391046	-0.24087199348388846
-0.395938189832422	-0.25415163549115943
-0.3954100972473866	-0.25497246711246785
-0.3948803029736965	-0.25579220143313197
-0.3938156184877659	-0.2574283640660148
-0.3916659300626062	-0.26068736681857047
-0.38728579591476325	-0.26715129846825486
-0.3782067594483307	-0.2798566617005905
-0.3776642287648992	-0.28058837164433625
-0.37712028245720697	-0.2813190298397936
-0.3760281511299814	-0.28277718003469465
-0.3738269910510461	-0.2856807392043211
-0.3693575450019561	-0.29143628453014253
-0.3601539299197513	-0.3027362726102789
-0.35956713656135364	-0.3034329881467654
-0.3589789954132449	-0.304128566304949
-0.3577986785712131	-0.30551630006155145
-0.35542196874911974	-0.3082780046015382
-0.35060474512200274	-0.31374578353906485
-0.3407191531050767	-0.32445425362902175
-0.34003764593960367	-0.32516842302791177
-0.3393546418319917	-0.3258811609431986
-0.3379841548240388	-0.32730232977858015
-0.33522535024058464	-0.3301273520123464
-0.32963710110785055	-0.3357074404355956
-0.31818358792844614	-0.34658232552106144
-0.31745570211406343	-0.3472491629736108
-0.3167264187696618	-0.3479144717368783
-0.31526367233898867	-0.3492404914867992
-0.312321550790413	-0.3518740582971096
-0.3063715202922639	-0.357066654203964
-0.2942142089722519	-0.3671486119127217
-0.29345729675626453	-0.3677538836927653
-0.29269913934911995	-0.3683575950281068
-0.291179101834612	-0.3695603261247004
-0.28812422641184393	-0.3719469507136504
-0.2819560016265948	-0.3766442846205819
-0.26939154627878464	-0.38573086314700267
-0.26859640921837175	-0.38628496339568186
-0.26780013245593975	-0.3868374245690137
-0.2662041733448125	-0.3879374203198388
-0.2629987276852642	-0.3901176402401441
-0.2565344898784385	-0.39439847805666745
-0.24339879718535393	-0.4026377149738077
-0.24262469827691766	-0.4031046511473676
-0.24184970360137664	-0.40357009906400715
-0.24029703839735642	-0.40449652325831637
-0.23718108490021256	-0.40633143732200244
-0.23090733086244006	-0.4099291506401928
-0.2181976399349527	-0.41683317276510395
-0.2173963116374149	-0.41725165988531937
-0.21659418071563488	-0.4176686065180494
-0.21498752284812542	-0.4184978721693015
-0.2117647061234775	-0.4201378502718405
-0.20528173600627617	-0.4233432565340516
-0.19217182556642107	-0.429453249433597
-0.19127662326969486	-0.42985271591691665
-0.19038059060968365	-0.43025031633888927
-0.18858604976269466	-0.4310399121027062
-0.1849871751010428	-0.4325966354917042
-0.17775112998263856	-0.43561983400724696
-0.16313291101652388	-0.4413023423163321
-0.16221308363288164	-0.44164127919491175
-0.1612925520555606	-0.44197829883605205
-0.15944939230763788	-0.44264658056211303
-0.15575479852220833	-0.4439600733488458
-0.14833341295329824	-0.44649445975536195
-0.13336908152196805	-0.45119041665863524
-0.13249121774160716	-0.45144897963330505
-0.13161285269049494	-0.45170583458405356
-0.12985463207081743	-0.4522144165330854
-0.1263323219300583	-0.4532110418186723
-0.11926497292825833	-0.4551219289630286
-0.1183794886354854	-0.45535305056736713
-0.1174935564626475	-0.4555824493770199
-0.11572036188589437	-0.4560360751471356
-0.11216874576537732	-0.456922615400057
-0.10504535868262256	-0.45861266512150034
-0.10415311145060417	-0.45881612151902884
-0.10326047016296984	-0.459017842019598
-0.10147401893130059	-0.4594160722836504
-0.09789653649755412	-0.4601916689080641
-0.09072401018644737	-0.4616592444285023
-0.08982586413811673	-0.46183483857592084
-0.08892737824025365	-0.46200868540528667
-0.08712940049462309	-0.46235113448552695
-0.0835295164651634	-0.46301503633219326
-0.07631479736863081	-0.4642587163351821
-0.07542939266072556	-0.46440339222861016
-0.07454371368907055	-0.46454637953604605
-0.07277154583692745	-0.46482728631945675
-0.06922406072876057	-0.46536881439007827
-0.06833655213524456	-0.46549996738224725
-0.0674487950677796	-0.46562942780124084
-0.06567254842355072	-0.4658832690429681
-0.062117215535005696	-0.46637062034907806
-0.06122780958060225	-0.4664882199204689
-0.060338180999871295	-0.4666041233253656
-0.0585582688991005	-0.4668308399561311
-0.05499591556204457	-0.46726390109027116
-0.047861817948206466	-0.46804844874574575
-0.046969238564113246	-0.4681388625390053
-0.04607648839832542	-0.46822757416397986
-0.04429048870655088	-0.4683998896250309
-0.04071658280985275	-0.46872408074995964
-0.03982272809541956	-0.4688008685120416
-0.03892872858423885	-0.4688759516987632
-0.037140308174595155	-0.46902100326030427
-0.03356187285506554	-0.4692906398822234
-0.032666950811769076	-0.4693537837444881
-0.031771909990365985	-0.4694152210209745
-0.029981485031252083	-0.4695329749292663
-0.02908610740358527	-0.46958929113291475
-0.028190624017876302	-0.46964389989447214
-0.026399352996732472	-0.4697479943032861
-0.025503571874417895	-0.46979747957205203
-0.02460769802027827	-0.4698452566417469
-0.022815685146555534	-0.46993568549525955
-0.02191955264279022	-0.46997833695027497
-0.021023340438811117	-0.47001927954861605
-0.019230689965118408	-0.4700960375860147
-0.018258053382146883	-0.47013481840563665
-0.01728533864607692	-0.47017158682601895
-0.016312549920587355	-0.4702063426897755
-0.015339691369673636	-0.47023908584813473
-0.0143667671576302	-0.4702698161609404
-0.013393781449032851	-0.4702985334966523
-0.011447642201776128	-0.4703499287537167
-0.010474496993512604	-0.4703726064550732
-0.009501306949451007	-0.47039327073934484
-0.008528076235304721	-0.47041192151807876
-0.0075548090169612146	-0.4704285587114408
-0.006581509460464215	-0.4704431822482159
-0.005608181731995866	-0.4704557920658084
-0.0046348299978589075	-0.4704663881102424
-0.003661458424458725	-0.47047497033616165
-0.002688071178285839	-0.47048153870683035
-0.001714672425897855	-0.4704860931941327
-0.0007412663339014198	-0.4704886337785733
0.00023214293106529579	-0.4704891604492773
0.0012055512023505402	-0.47048767320399026
0.0021789543133068157	-0.4704841720490784
0.0031523480973087124	-0.4704786569995281
0.004125728387770743	-0.4704711280789466
0.005099091018165183	-0.4704615853195611
0.006072431822039898	-0.47045002876221925
0.007045746633036181	-0.4704364584563885
0.008019031284906799	-0.47042087446015607
0.008992281611533088	-0.470403276840229
0.009965493446943627	-0.47038366567193335
0.010938662625331863	-0.4703620410392142
0.011911784981073727	-0.4703384030346352
0.012884856348745574	-0.47031275175937814
0.013857872563142012	-0.47028508732324265
0.014830829459293737	-0.4702554098446456
0.015803722872485444	-0.4702237194506206
0.01677654863827348	-0.47019001627681745
0.01774930259250343	-0.47015430046750184
0.019694578411228052	-0.47007683156246943
0.020667091949022758	-0.47003507879835615
0.021639517021895288	-0.46999131406193595
0.02358408512351453	-0.4698977494301213
0.02747197662793583	-0.4696864853184094
0.02844366592151315	-0.4696286425033631
0.02941523346275586	-0.4695687894557493
0.031357986653703526	-0.4694430536962203
0.035241849058886436	-0.46916747123550345
0.03621244791970265	-0.46909355421522164
0.03718289177412538	-0.46901762925280316
0.03912329784863825	-0.46885975681012865
0.04300206719341382	-0.46851993149459437
0.04390645843472424	-0.4684360435516529
0.04481068604626468	-0.4683504098500068
0.046618636901224184	-0.46817390645365753
0.050232426822528826	-0.4677999650343355
0.05113541470537132	-0.467702120321809
0.05203821201770473	-0.4676025325857492
0.05384322147345413	-0.4673981295340909
0.05745080554872899	-0.4669684239136607
0.05835217470206087	-0.4668566457684269
0.059253326389596864	-0.4667431277505585
0.06105496393452379	-0.4665108737956279
0.06465548172127634	-0.46602550646289304
0.07184473695761956	-0.4649714375766502
0.07274222413440498	-0.4648318758632913
0.07363944021682697	-0.4646905818231725
0.07543304572469128	-0.4644027988753975
0.07901685655324468	-0.46380646866020553
0.08617012989064839	-0.4625308775695251
0.10041331820274617	-0.45964907213886586
0.1013749499164152	-0.4594379430565683
0.10233613772056066	-0.4592248021471017
0.10425716476650833	-0.4587924885887468
0.10809370688354812	-0.457903761201827
0.11574380312756102	-0.4560301262287116
0.11669782834918736	-0.45578692483351235
0.11765134256412563	-0.4555417275985429
0.1195568212748672	-0.45504534991279244
0.12336146305366896	-0.45402869229142834
0.13094455187078707	-0.4519000202765707
0.1318899012421324	-0.4516250191707129
0.13283467308240818	-0.4513480404496025
0.1347224676240989	-0.45078815502171293
0.13849094447612	-0.4496447067282328
0.14599852605070582	-0.44726338368083257
0.16088885180387852	-0.4421254136055016
0.16179677648257398	-0.44179396454733766
0.16270401834520526	-0.4414606510267131
0.1645164383101757	-0.4407884362325541
0.1681329161774274	-0.4394216955138656
0.17533156998002025	-0.4365992951883311
0.18958488160144576	-0.43060152886255765
0.19046907205744387	-0.4302111534818484
0.1913524586943242	-0.42981896252055146
0.19311680560183841	-0.4290291404843592
0.19663568978135315	-0.42742778278303073
0.20363338915219242	-0.4241385938735097
0.21746191636129902	-0.41721747197723835
0.21826085196111683	-0.4168000773654123
0.2190589864205819	-0.41638115286236665
0.2206528402029918	-0.4155387203389826
0.22383080537937577	-0.4138355646314442
0.2301471139565455	-0.41035644253268294
0.24261606739317798	-0.4031098458649642
0.24338792844141582	-0.4026442850452524
0.24415889611876712	-0.40217724629405793
0.24569814004455534	-0.4012387418598213
0.24876578315149123	-0.3993440736052452
0.25485706095467775	-0.39548449081114406
0.2668585931135751	-0.387487542086258
0.26766320146670813	-0.38693218342650004
0.2684666540683789	-0.3863751540199442
0.2700700781453253	-0.38525609259450283
0.273262904970716	-0.38299802709357617
0.2795917029812988	-0.3784026738999388
0.2920157831787403	-0.36889956135120733
0.29278171209575293	-0.36829196713054424
0.29354637680128653	-0.3676827826502668
0.29507190037630887	-0.36645965343939285
0.29810763207820945	-0.36399442809928995
0.30411710150510096	-0.35898870812706957
0.31588228250477013	-0.3486810685858681
0.3165579620997809	-0.3480677529186522
0.31723245088623614	-0.34745312791125943
0.3185778458889649	-0.34621995912909637
0.32125423485401006	-0.3437380115421785
0.3265488463492588	-0.33871220075245956
0.3369009670660452	-0.3284171773530882
0.3375373049156537	-0.32776313365124404
0.33817237303788644	-0.3271078569899091
0.3394386905491667	-0.3257936146533159
0.34195598405006516	-0.3231504432349705
0.3469286763050558	-0.3178059117572045
0.3566223181012119	-0.30688862185282184
0.35726649107945346	-0.3061384626968344
0.3579090860922925	-0.3053869513963985
0.35918953087595673	-0.30387988564516144
0.36173136044628146	-0.3008496748548827
0.366738153276135	-0.2947256875846019
0.37643935867254674	-0.2822295399720022
0.3770316640865573	-0.2814377875601066
0.37762230423685994	-0.28064479210106613
0.37879857831881203	-0.2790550860569523
0.3811310290285663	-0.27586091187812817
0.3857149662234247	-0.2694143070103527
0.3945544890375905	-0.2562944774490705
0.3950824734558912	-0.25547982925973095
0.3956087758487992	-0.254664093389745
0.3966563256028821	-0.2530293725041159
0.3987311426973123	-0.24974703168186366
0.4027991549934295	-0.24313153791144707
0.410604851790048	-0.22970363444464473
0.41107793591968655	-0.22885592539983832
0.41154926992479907	-0.2280072420230794
0.4124866795422704	-0.226306966730586
0.41434040949017414	-0.22289488341844252
0.4179630728054298	-0.21602540073252774
0.42486579907515465	-0.2021117432680164
0.4252540575979793	-0.20129354308338054
0.42564074044494615	-0.20047459705430068
0.426409373386112	-0.19883447960318543
0.42792766850854547	-0.19554542826526694
0.4308880626503148	-0.18893274320790612
0.43650164127319496	-0.17557454586702836
0.43683879668978615	-0.17473399697032616
0.4371743335060762	-0.17389280063914178
0.4378405463707536	-0.1722084781431107
0.43915349459586533	-0.16883220123793177
0.4417012106256937	-0.1620498211119125
0.4464818390656122	-0.14837139675555727
0.44679051713883094	-0.14743926812563282
0.4470972491917262	-0.14650649731598153
0.4477048699010759	-0.1446390454112131
0.4488967008610222	-0.14089661439046794
0.45118643310683215	-0.13338255722147596
0.45146381929648355	-0.13244064276814083
0.4517392391109905	-0.1314981514624049
0.4522841748247174	-0.12961145471651309
0.4533503975422484	-0.12583131978522516
0.4553879909641405	-0.11824500698232523
0.4556337760071792	-0.11729435686360157
0.4558775765126009	-0.11634319586294657
0.4563592196716966	-0.11443935778938308
0.45729864539518394	-0.11062573349061257
0.4590818282421832	-0.10297562317568577
0.4622638266127661	-0.08759142992284571
0.4624336255410847	-0.08669051827930252
0.46260166867337316	-0.08578927748394281
0.4629324850043829	-0.08398582212655348
0.46357302048739224	-0.08037511223508216
0.46476956878960995	-0.073139263858247
0.46491120215593856	-0.07223349708083002
0.4650510703192238	-0.07132745604289129
0.4653255089191288	-0.06951456494692297
0.4658531807650774	-0.06588564306179563
0.4668235931023295	-0.05861601243377905
0.4669369232506639	-0.05770627085343416
0.46704848050457415	-0.05679631017042094
0.4672662746415863	-0.05497574531718387
0.4676805699967607	-0.05133213845254495
0.4677797055069768	-0.05042074083561581
0.467877064922842	-0.049509151778160496
0.4680664539996245	-0.04768541318709147
0.4684239032079245	-0.04403579105749385
0.46850881999066457	-0.043122958868349
0.46859195791070773	-0.04220996294733906
0.4687528959068064	-0.04038349377640549
0.4690534121101343	-0.0367287432189939
0.46912408953110957	-0.03581469827059466
0.46919298575329527	-0.034900517338777304
0.4693254335617045	-0.03307176140946181
0.4695689437363547	-0.029412770507559385
0.4696242738197065	-0.02851570496971035
0.4696778901486608	-0.027618535372259816
0.46977998076700395	-0.025823897094738653
0.4698284546838434	-0.024926434963667747
0.4698752141011879	-0.02402888187097089
0.4699635887611108	-0.02223351590243374
0.47000520368119214	-0.021335709578248666
0.47004510345678546	-0.02043782539572417
0.4701197569983582	-0.018641836562176342
0.47015451049191165	-0.017743738465081198
0.47018754829612625	-0.016845575617479073
0.4702484763605536	-0.015049068781293095
0.4702763663984275	-0.01415073134852772
0.4703025403022856	-0.01325234227686839
0.470326997976614	-0.012353904844719365
0.4703497393321617	-0.011455422330661385
0.47037076428594077	-0.010556898013439711
0.4703900727612271	-0.009658335171952146
0.4704076646875599	-0.008759737085237073
0.47042354000074277	-0.007861107032461498
0.47043769864284346	-0.006962448292909072
0.47045014056219425	-0.006063764145968137
0.470460865713392	-0.005165057871119744
0.47046987405729845	-0.004266332747925699
0.47047716556104024	-0.003367592056016586
0.4704827401980094	-0.002468839075079804
0.4704865979478628	-0.0015700770848475973
0.47048873879652275	-0.0006713093650850859
0.47048916273617686	0.00022746080442170096
0.47048786976527807	0.001126230143877795
0.47048485988854477	0.002024995373491257
0.4704801331169605	0.0029237532134851448
0.47047368946777435	0.0038225003841094837
0.47046552896450033	0.004721233605653232
0.47045565163691794	0.005619949598456252
0.47044405752107143	0.006518645082921278
0.47043074665927015	0.00741731677952588
0.47041571910008817	0.00831596140883444
0.470398974898364	0.009214575691510112
0.4703805141152007	0.010113156348326786
0.47036033681796546	0.01101170010018107
0.47033844308028927	0.011910203668104233
0.4702895066094563	0.013707077137027469
0.4702624640548786	0.01460544048087115
0.4702337054170176	0.015503750526494857
0.47017104031749196	0.01730019761082528
0.4701371340845051	0.018198328093931564
0.4701015122255893	0.019096392167640936
0.4700251221561973	0.020892307978250136
0.46998435422448387	0.021790153161488267
0.46994187122436637	0.02268791882802999
0.46985176064529377	0.024483198506809037
0.46965096590683725	0.02807265953523168
0.46959178018233994	0.02904589430172774
0.4695305776731265	0.03001900432303411
0.4694021233606124	0.03196483341352952
0.469121025464584	0.03585481080222526
0.4690457133070658	0.036826930619753354
0.46896838671005836	0.03779889227439625
0.46880769153462337	0.03974232439834954
0.4684621431017271	0.04362710706823452
0.4683707252113776	0.04459784474135994
0.4682772957804519	0.04556839087737708
0.46808440391053757	0.047508891865870165
0.4676744999177115	0.05138741205124769
0.46675831240299354	0.05913359276515958
0.46663476284783734	0.060100766156088836
0.46650920920764927	0.06106768142855919
0.46625209183767413	0.0630007210085675
0.4657138323795368	0.06686352010604094
0.46454134693159665	0.07457506943734096
0.46438580153690173	0.07553761527567289
0.4642282617159275	0.07649983669796005
0.4639072015100877	0.07842328976576486
0.46324117832681255	0.08226612117386171
0.46181368392763034	0.08993456136434433
0.4616388925558964	0.09082751163811428
0.461462374601679	0.09172012220655798
0.4611041615930386	0.09350431087488537
0.4603670460669972	0.09706846494177995
0.4588102135297113	0.10417913395410316
0.4586078796721719	0.10506624906791405
0.4584038305684853	0.10595297122188517
0.4579905896817515	0.1077252233860194
0.45714355896333625	0.11126486637272773
0.45536748130272764	0.1183239661379565
0.45513779867246434	0.11920439677373298
0.4549064137745555	0.12008438157137338
0.4544385406437886	0.12184300048894862
0.45348240567454284	0.12535474356495488
0.45148878329548203	0.1323555157481982
0.44717783294749874	0.1462603490731003
0.44687028480309077	0.1471973252155445
0.44656077340567996	0.14813365467012296
0.4459358662996237	0.15000435706408796
0.4446625534593337	0.15373782079121404
0.4420222494188125	0.16117206646729862
0.43636957209300775	0.17590253136885653
0.4359999168354848	0.17681678797573672
0.435628346082179	0.1777302677663868
0.43487946462637356	0.1795548808495189
0.4333587881555268	0.18319460886985592
0.43022615791442254	0.19043517804439553
0.4235989157051474	0.204753663224934
0.42317668419826854	0.20562489621046665
0.4227526607936895	0.20649525849874123
0.42189924548094326	0.20823335624538408
0.42017099159173515	0.21169894146033003
0.4166292031035756	0.21858685027211902
0.40920790283212505	0.2321831093131892
0.4087292584742664	0.23302467092066154
0.4082488833948307	0.2338652458093767
0.4072829492149416	0.2355434211974207
0.4053304021865187	0.2388877750198223
0.4013430588965256	0.2455277032560404
0.3930431960629733	0.2586061677903476
0.3925461238796981	0.25936006750776214
0.39204760563645136	0.2601130117955112
0.391046238321122	0.26161602299076886
0.3890262321302246	0.264610458419857
0.38491755199321653	0.27055236490956
0.37642893912443415	0.2822434370897918
0.3758865300365698	0.2829654051782181
0.37534273625928455	0.2836863308797225
0.37425100265444705	0.28512504450284143
0.3720510076544963	0.2879898465117827
0.3675853620321577	0.29366835990670465
0.35839516001538685	0.3048163599089647
0.3577599350721773	0.305561667831156
0.3571231602116636	0.30630565197371185
0.3558449717801825	0.3077896360330663
0.35327011774029504	0.3107415773635134
0.3480471278597492	0.3165806386676002
0.33731312453843526	0.32799384141279897
0.3366297033601359	0.3286952187152608
0.3359448238066773	0.32939517201699664
0.3345707014489555	0.3307907944948894
0.33180508720538027	0.33356481843149505
0.3262050536571428	0.33904331133226456
0.3147352336484151	0.34971679497971464
0.3140551503891772	0.3503276559231908
0.3133738815292703	0.3509371943323836
0.3120077972994438	0.3521522943485608
0.30926151509325767	0.3545665230571394
0.3037130777599685	0.35933058649128885
0.29239742658313894	0.36859713634015673
0.2916807015547294	0.36916455996093
0.29096287539222143	0.3697305899355596
0.2895239305086199	0.37085846040429776
0.28663294664468697	0.3730973839205929
0.28079921507775746	0.37750748973009995
0.2689296512578338	0.3860530360778764
0.26819384622143844	0.3865645674910696
0.26745706820323495	0.38707469648471776
0.26598060391676687	0.3880907398156754
0.263016117407713	0.39010591635397984
0.2570415160807569	0.3940682212530113
0.24491467362060454	0.40171744626779526
0.24414907606328373	0.4021832078146117
0.2433825927562979	0.402647510278939
0.24184698001944907	0.40357173122764495
0.2387652481158888	0.40540259037500526
0.23256038573756196	0.4089936075004139
0.21999012551403188	0.4158899477829763
0.2191300956412017	0.4163437344008962
0.21826912972051776	0.4167957425426201
0.21654440445056441	0.41769441568179555
0.21308388342329596	0.4194703357996289
0.20611938852506567	0.42293604914296357
0.19202327151677656	0.4295196935957658
0.19113513146131073	0.4299156492986429
0.1902461749427798	0.4303097685508051
0.1884658277092509	0.43109249097667335
0.1848955029989149	0.43263582487050756
0.17771718780445944	0.43563368229451765
0.16321678029025255	0.4412713299346443
0.16236554948375073	0.4415852492231211
0.16151371491240124	0.44189752645359065
0.15980824714776032	0.4425171501017408
0.15639020596331876	0.4437366420179395
0.14952641346903828	0.44609635244607465
0.13569371630314228	0.4504967473206089
0.13482474679895265	0.4507575752455022
0.13395527594184087	0.45101672700461065
0.13221484310339596	0.4515299981770321
0.12872810357448963	0.45253638454904566
0.12173185578099029	0.45446832593561726
0.1076541218382829	0.4580073078476307
0.10669644723439653	0.45823135219904354
0.10573830637047524	0.45845339409421954
0.10382064261272653	0.4588914666433521
0.09997990434104176	0.4597435401596877
0.09227772531194535	0.46135119529687946
0.09131309409028689	0.4615430888208214
0.09034806383335107	0.4617329654163443
0.08841682308397673	0.4621066645119317
0.08454973883111286	0.4628298236438495
0.07679810619627303	0.46417901167036
0.07582759740091448	0.4643385397132259
0.07485675724139977	0.4644960386116424
0.07291409980149212	0.4648049462309371
0.06902499531831044	0.4653983820469442
0.06805195447958226	0.46554165815973453
0.06707861625600692	0.4656828998704866
0.06513106466942202	0.4659592776258821
0.06123258011496229	0.4664875937504351
0.06025727936467543	0.46661457786290145
0.05928171529202021	0.46673952288470505
0.0573298142334714	0.4669832934812143
0.05342303990283606	0.46744634215933945
0.04559855878791654	0.4682743591390321
0.04468439902271489	0.46836247551931937
0.043770068995706166	0.46844880728924626
0.04194091209245875	0.4686161156890135
0.038280708477224715	0.4689293031461011
0.037365284201113326	0.4690031338138118
0.0364497175513561	0.46907517743004973
0.034618171085835925	0.4692139024168807
0.030953523204191986	0.4694698961508115
0.030037057648440266	0.46952942310192924
0.029120477641922354	0.46958716099624415
0.027286988246858143	0.4696972687412841
0.026370085844491006	0.4697496381724635
0.0254530829636894	0.46980021770775054
0.023618789743444852	0.46989600632657136
0.02270150639324391	0.46994121504512004
0.021784136543065862	0.4699846331378073
0.01994915132498035	0.470066096790674
0.019031542948951617	0.4701041420404509
0.018113862056676602	0.4701403960435626
0.016278296710277012	0.470207529764059
0.015360419250241649	0.47023840922564275
0.014442483262111762	0.47026749692896047
0.013524492243515925	0.4702947927631788
0.012606449692292401	0.470320296624292
0.011688359106476214	0.470344008415122
0.01077022398428542	0.4703659280453194
0.009852047824107361	0.47038605543136347
0.00893383412448574	0.47040439049656246
0.008015586384107714	0.47042093317105393
0.007097308101790154	0.4704356833918049
0.006179002776465879	0.4704486411026125
0.0052606739071707565	0.47045980625410355
0.004342324993030779	0.4704691788037354
0.0034239595332483173	0.47047675871579553
0.0025055810270883665	0.4704825459614022
0.0015871929738656358	0.470486540518504
0.0006687988729316274	0.47048874237188054
-0.0002495977763391119	0.470489151513142
-0.001167993474562744	0.4704877679407294
-0.0020863847223590534	0.4704845916599146
-0.0030047680203643657	0.4704796226828002
-0.003923139869245296	0.47047286102831964
-0.0048414967697125045	0.47046430672223705
-0.0057598352225336075	0.4704539597971469
-0.006678151728546095	0.4704418202924744
-0.007596442788671082	0.47042788825447485
-0.00851470490392706	0.47041216373623385
-0.009432934575442803	0.4703946467976668
-0.010351128304470093	0.4703753375055187
-0.011269282592398377	0.4703542359333643
-0.013105458851278949	0.47030665627748
-0.01400547867627017	0.47028071463505156
-0.014905447207633453	0.4702530506377887
-0.016705217205507564	0.47019255599033366
-0.017605012080545348	0.47015972556169683
-0.018504742479034077	0.4701251732213357
-0.020303996665930985	0.47005090331792376
-0.021203513864755438	0.4700111860268789
-0.02210295340788739	0.4699697473681205
-0.023901586350949834	0.4698817065608261
-0.027497775448683294	0.46968497563364753
-0.028396579184474236	0.4696314920032792
-0.029295278920709236	0.4695762883957878
-0.031092353229322515	0.46946072206444417
-0.03468510905747883	0.46920895899404674
-0.03558298866059683	0.46914172156032563
-0.03648073794467232	0.46907276594321523
-0.038275832404526006	0.46892970117529015
-0.04186431286093761	0.4686229649721488
-0.042761057878350425	0.46854198949478437
-0.04365764628777887	0.46845929803048786
-0.04545034014861643	0.4682887683587781
-0.04903370413321627	0.4679271309184609
-0.04992910437782526	0.4678324363772081
-0.05082432176221571	0.46773602844768863
-0.05261419483645526	0.4675380738424602
-0.056191602448420065	0.4671216199287772
-0.05708544804832695	0.46701322851898747
-0.05797908457864103	0.4669031267211958
-0.05976571733986108	0.46667779358081535
-0.06333633007447576	0.4662066208059505
-0.07046621236637407	0.4651823480156393
-0.07143169994929298	0.4650350698957665
-0.07239687972771497	0.46488578790526286
-0.07432629923628796	0.4645812148940635
-0.0781812616931655	0.463948051306039
-0.08587475062072694	0.46258580954935724
-0.08683481503331603	0.4624065515201272
-0.08779450526824227	0.46222530094674696
-0.08971274666523076	0.4618568253002075
-0.09354455748090941	0.46109599841714854
-0.10118856713647505	0.45947902876134983
-0.10214214940657242	0.4592679885483112
-0.10309529153856704	0.4590549693154232
-0.10500023896152177	0.45862299747028556
-0.10880467156439744	0.4577353465009774
-0.11639077043720034	0.4558654324991545
-0.13146459215831527	0.4517490066389234
-0.1323395581203774	0.45149346102364485
-0.1332140273495872	0.4512362207402124
-0.13496146248214333	0.45071666003742
-0.13845022765844234	0.4496572455236674
-0.14540260499280588	0.4474574688748779
-0.1592009132241708	0.4427360084962554
-0.1600583654663732	0.4424267438060669
-0.16091521693395064	0.4421158184793956
-0.16262710468282507	0.44148899059103125
-0.1660435295262438	0.44021545894376957
-0.17284625926892044	0.43758916193999525
-0.18632553251150735	0.4320218743592846
-0.18723214258978402	0.43162973573636587
-0.1881379273832898	0.43123569456913724
-0.18994700514951485	0.4304419115575718
-0.19355508183917894	0.4288315919855194
-0.20073003050261098	0.425520338932262
-0.21490804577968958	0.41853869098299756
-0.21578628520845253	0.4180865736980113
-0.2166635734910476	0.41763261356447684
-0.21841528115424363	0.41671917276376774
-0.22190711286491036	0.41487026556571416
-0.22884358135728225	0.4110848078708081
-0.24252091383859056	0.40316709977564036
-0.2433514123456903	0.4026663558083343
-0.2441808769480517	0.4021639010695598
-0.2458366903466892	0.4011538678237969
-0.24913575552418202	0.39911336648877255
-0.2556828559915467	0.3949511123450752
-0.2685667314215337	0.386305597635033
-0.2693624194340877	0.38575120348123465
-0.2701569630313328	0.3851951704218179
-0.2717426034819569	0.3840781970425478
-0.27490000319604324	0.3818246878259991
-0.2811585283286356	0.3772399580355746
-0.29344455256160157	0.367764052841666
-0.2941511362799854	0.36719914626235134
-0.29485663250608457	0.36663288212840106
-0.29626435205243085	0.36549628957563934
-0.2990666267449646	0.3632069062641765
-0.30461793973457096	0.35856382246745355
-0.31550304527254197	0.3490242576302664
-0.3161735558752059	0.3484169722557072
-0.3168428975675367	0.3478083987652019
-0.3181780643271633	0.34658739644081954
-0.32083426233105516	0.3441300337155912
-0.3260895678254874	0.339154386299209
-0.3363674886137092	0.3289635490359266
-0.3370526014780282	0.32826155398934515
-0.33773624928993723	0.3275581321020311
-0.3390991378765731	0.32614702004153145
-0.3418072040995073	0.32330780877715276
-0.34715183573646247	0.31756213082704055
-0.3575499272542737	0.3058073797524675
-0.35818671664374785	0.30506127255123305
-0.35882194911803966	0.30431383935295686
-0.36008773228330243	0.30281500796637373
-0.36260049459644045	0.29980157656193707
-0.36755019381703136	0.2937123746382997
-0.3771415087112542	0.281290572891459
-0.37768830393476915	0.2805559642236886
-0.37823366826540183	0.27982029265423947
-0.3793200959888778	0.27834577196284976
-0.38147569017513105	0.27538409866223873
-0.38571737801611955	0.26941085406303916
-0.3939191817008297	0.257269862748739
-0.39441919074895676	0.25650264318237403
-0.39491770551831784	0.2557344518416583
-0.39591024467180835	0.2541951654821843
-0.39787730891314815	0.25110505977107966
-0.4017389657219411	0.2448793731845769
-0.40916914651561653	0.23225140156797375
-0.4096115733962878	0.2314702203965421
-0.41005250885637146	0.23068819642799598
-0.4109298990983211	0.22912163149220519
-0.41266671225891827	0.22597851354503018
-0.41606811699026564	0.21965296723418257
-0.42257929558159774	0.20684980767785816
-0.4229732278580081	0.20604308410132038
-0.4233656200632364	0.20523561030941384
-0.4241457785508642	0.20361842384245957
-0.4256875521844262	0.20037517786851153
-0.4286966136145441	0.1938538559483111
-0.43441436950759904	0.1806772247847565
-0.4347874850770897	0.17977749250377753
-0.43515873717884584	0.1788769897094605
-0.43589564462251035	0.177073688022056
-0.4373470284219465	0.17345800852396343
-0.4401597260194644	0.16619121391059236
-0.44542218436488196	0.15152287505925746
-0.4457349196365452	0.1506004163580195
-0.44604574452056084	0.14967731219428293
-0.4466616578051512	0.1478291833074925
-0.4478705016562314	0.1441253542469258
-0.45019597111358134	0.13668830082968225
-0.454475848955714	0.12170376619722678
-0.4547101087964286	0.12082558068946449
-0.45494267171745634	0.11994694427616329
-0.45540270333520716	0.11818833185044775
-0.45630236577177474	0.11466584051794926
-0.45801990156879135	0.10760052861171704
-0.45822691010098937	0.1067155230034789
-0.45843220858925	0.10583011914662416
-0.4588376723757532	0.10405812990539123
-0.4596280461389383	0.10050951792297222
-0.46112641540085364	0.09339450203392947
-0.4613059748727332	0.09250352175632821
-0.46148381281000134	0.09161219626747266
-0.4618343214324569	0.08982852296252183
-0.46251465149137183	0.08625718026008677
-0.46379242285099387	0.07909925724437084
-0.46394436173238307	0.07820315343602163
-0.4640945692330401	0.07730675778355464
-0.46438978785640095	0.0755131043282766
-0.4649594243030752	0.0719224425500079
-0.46601537712671265	0.06472845025221954
-0.4661538789663089	0.0637233482741619
-0.46629021300449963	0.06271794995712636
-0.4665563751507183	0.06070628300949132
-0.4670626586057493	0.05667959885828006
-0.46718380084679745	0.05567225715691913
-0.46730277049689284	0.054664656557364175
-0.4675341898213056	0.05264869740783377
-0.4679709337126605	0.04861387858119258
-0.4680746803010186	0.047604596959804894
-0.46817625015547915	0.046595093958059886
-0.4683728577834712	0.04457544259287272
-0.4687399321281965	0.04053368992652876
-0.4688262521869862	0.03952276876574646
-0.46891039201676943	0.038511663808330376
-0.46907212943432214	0.036488921312595624
-0.4693694249843929	0.0324414377059133
-0.4694382928231891	0.03142917787432557
-0.4695049775867459	0.030416771884528647
-0.4696317966578517	0.028391540263332755
-0.4696919303756415	0.02737872405006793
-0.46974987983867605	0.026365780514819834
-0.4698592249326859	0.024339530321308506
-0.469910620055163	0.0233262330859168
-0.4699598299058906	0.02231282737424044
-0.4700516928868792	0.02028570937347883
-0.47009434558994073	0.019272006511300756
-0.4701348121668558	0.01825821402660792
-0.47020918619967117	0.016230379048230364
-0.47024309330970243	0.01521634598478705
-0.4702748136018511	0.014202242159267736
-0.47030434692860507	0.013188072287659353
-0.4703316931526227	0.012173841086256805
-0.47035685214673306	0.011159553271639165
-0.47037982379393684	0.010145213560648984
-0.4704006079874067	0.009130826670370571
-0.4704192046304879	0.008116397318107225
-0.4704356136366986	0.0071019302213603305
-0.4704498349297304	0.006087430097806171
-0.47046186844344856	0.005072901665274624
-0.4704717141218925	0.004058349641728046
-0.47047937191927586	0.0030437787452374603
-0.47048484179998684	0.0020291936939618627
-0.47048812373858834	0.0010145992061264928
-0.47048921771981794	5.761831145139172e-17