-1.2329867897791864	-1.509973325494051e-16
-1.2329845004484603	-0.0023760100682545626
-1.2329776324647834	-0.004752011313263015
-1.2329661858536596	-0.007127994911812864
-1.2329501606575954	-0.009503952040754802
-1.2329295569361005	-0.011879873877041104
-1.2329043747656858	-0.014255751597753453
-1.2328746142398648	-0.016631576380136272
-1.232840275469152	-0.019007339401631646
-1.232801358581064	-0.02138303183991267
-1.2327578637201169	-0.02375864487291125
-1.2327097910478282	-0.026134169678856355
-1.2326571407427143	-0.02850959743630458
-1.2325999130002903	-0.030884919324170722
-1.23253810803307	-0.033260126521766
-1.2324007673592812	-0.03801016156554344
-1.2323252321627232	-0.04038497177260418
-1.2322451207613885	-0.04275963201121944
-1.2320711705513467	-0.04750846731076519
-1.2319773323885987	-0.04988262473703166
-1.2318789193129902	-0.052256596925585715
-1.2316683699019941	-0.05700395032756874
-1.2315562343484763	-0.059377313911834484
-1.2314395254458332	-0.061750457000129565
-1.2311923893437333	-0.06649604643926454
-1.2306432571570771	-0.07598419167039856
-1.23049454789646	-0.07835554458409379
-1.2303412692292603	-0.08072660652669736
-1.230021005968863	-0.08546782228025941
-1.2293256727503135	-0.09494637479637147
-1.229140425124476	-0.09731515346957062
-1.2289506131205523	-0.09968357076570968
-1.2285572988148392	-0.10441928604797714
-1.2277159298155855	-0.11388599319949654
-1.2274941878500247	-0.11625163467406283
-1.227267887619633	-0.11861684445148346
-1.2268016157427188	-0.12334593378396486
-1.2258144109204563	-0.13279854573645794
-1.2236215679752482	-0.15167953769635056
-1.2233020198223206	-0.15423550845578576
-1.2229771326173078	-0.15679080606059612
-1.2223113467461526	-0.16189933719935465
-1.2209157703294042	-0.1721078311145108
-1.217868947704402	-0.19248805154439153
-1.217464157906768	-0.19503191529169775
-1.217054054536161	-0.19757492783011438
-1.216217914258729	-0.20265835488854234
-1.214481951135708	-0.21281450640308255
-1.2107557266758364	-0.23308151812542055
-1.2102661474638503	-0.23561043286109642
-1.209771286094316	-0.23813831928458742
-1.2087657255448565	-0.24319096306812074
-1.206691315130099	-0.2532834257498413
-1.2022898517658882	-0.27341458649959094
-1.1924807810331104	-0.31344219664341116
-1.191867085253751	-0.31576775462151274
-1.1912488542110204	-0.318092111047908
-1.1899987957626066	-0.32273718387184586
-1.1874443603694889	-0.33201252204800796
-1.1821187656987207	-0.35050199365041645
-1.1706053121322222	-0.38722038554007754
-1.1698477399691118	-0.38950313100043843
-1.169085716330103	-0.39178439433304874
-1.1675483262398514	-0.396342439898259
-1.1644202570659723	-0.4054403639308727
-1.1579516349687304	-0.42356160690415234
-1.1441700594737647	-0.45949025971590024
-1.1432892286483824	-0.4616775535225535
-1.1424042164086436	-0.4638631588105876
-1.1406216606485935	-0.4682292718628647
-1.1370065155987477	-0.47694088444583826
-1.129576836914159	-0.49427987342899893
-1.1139260931494048	-0.5286067373491251
-1.1129131378745196	-0.5307360655884185
-1.11189611228142	-0.5328634527376105
-1.1098498650339432	-0.5371123726503809
-1.105708691379568	-0.5455865775270384
-1.097232480563357	-0.5624387143207389
-1.0795116278841586	-0.5957441305064429
-1.0782734266721195	-0.5979823083526379
-1.077030584997761	-0.6002179127195089
-1.0745310016768315	-0.6046813625417679
-1.0694763861650987	-0.6135769578506224
-1.0591465844878782	-0.6312407910913594
-1.0376147619246423	-0.6660420629405107
-1.0362308169656387	-0.6681931739704536
-1.0348424124790778	-0.670341409361279
-1.0320522488430284	-0.6746292162573687
-1.0264186714292702	-0.6831699164273524
-1.0149398801236484	-0.7001096082075849
-0.9911469182332843	-0.733405897335607
-0.989725136095613	-0.7353234517887376
-0.9882996441045657	-0.737238249979457
-0.9854375519492997	-0.741059548874552
-0.9796690854312579	-0.7486687564071752
-0.9679562390394401	-0.7637520167401235
-0.9438368004058243	-0.7933653118013667
-0.9422990213622559	-0.7951911582190274
-0.9407577102358116	-0.797014023968121
-0.9376645148571116	-0.800650786140725
-0.9314359941951892	-0.807888242572946
-0.918811745069071	-0.8222173683966497
-0.892905084710119	-0.8502805028158643
-0.8911190940847853	-0.8521520896691477
-0.8893291805005129	-0.8540199251072952
-0.8857376159912147	-0.8577443088637681
-0.8785077593252816	-0.8651476987054042
-0.8638629234838802	-0.8797711481969998
-0.8338472931253175	-0.9082703977987857
-0.8319397603704732	-0.9100179442652234
-0.8300285651808978	-0.9117614845746247
-0.8261952211681332	-0.9152365160377527
-0.8184849552009357	-0.9221381685407593
-0.802892017622991	-0.9357461364105473
-0.7710319798319989	-0.9621674021948217
-0.7690483790858269	-0.9637536066834956
-0.7670615151315094	-0.9653357217953435
-0.763078031334707	-0.9684876570531664
-0.7550722771137098	-0.974742160832443
-0.7389075290383781	-0.9870522211617692
-0.7059805099247415	-1.0108649481391596
-0.7038967353032861	-1.0123170500388499
-0.7018099739236205	-1.013764856498444
-0.6976275263202846	-1.0166475585424006
-0.6892271804574562	-1.022361148268384
-0.672286686347018	-1.033579718807664
-0.6378626550298597	-1.0551718613990053
-0.6358340140065647	-1.056395536909487
-0.6338030254926891	-1.0576153122219334
-0.6297340359953637	-1.0600431442535598
-0.621568217619835	-1.0648518087578596
-0.6051269144835241	-1.0742801502111232
-0.5718192839883647	-1.092373164366929
-0.5697192843115841	-1.0934698719459444
-0.5676171812389115	-1.0945625424489804
-0.5634066959573686	-1.0967357561055375
-0.5549608266415351	-1.101033562005867
-0.537971241732912	-1.109433804622129
-0.5036147766350112	-1.1254459474025624
-0.5012687662176147	-1.1264928085809753
-0.4989205797100497	-1.127534779468807
-0.49421771920927154	-1.129604032300509
-0.4847863342831874	-1.1336836568735802
-0.46582320461896687	-1.1416063970600812
-0.4275139932779059	-1.1564982530559924
-0.42510344916723636	-1.1573864874259172
-0.4226910596125678	-1.1582696973907192
-0.4178607860695197	-1.1600210287901451
-0.40817855498011846	-1.1634632314879254
-0.38872971317100974	-1.1701049670298678
-0.3495134627707821	-1.182411418716836
-0.34721289050760396	-1.1830890213484944
-0.34491100459006097	-1.1837621478500902
-0.34030332663287827	-1.1850949622931406
-0.33107259039176096	-1.1877067666984442
-0.31255155392633494	-1.1927145299308703
-0.3102310109799158	-1.1933202183807845
-0.3079092942973456	-1.1939213919916563
-0.30326237486433383	-1.1951101856153798
-0.29395483795586397	-1.1974334958620148
-0.27528694538632437	-1.2018625218675596
-0.27294867915436394	-1.2023957095390319
-0.27060938024120573	-1.20292434803501
-0.26592771977742724	-1.203967969517446
-0.25655239635800026	-1.2060005355276386
-0.23775572715100313	-1.2098465348865042
-0.23540200219583632	-1.2103067053983363
-0.2330473866145547	-1.2107622968040053
-0.2283355192110394	-1.2116597354193994
-0.21890148908688017	-1.213399588695138
-0.19999424742658395	-1.2166588366367368
-0.19767391304411658	-1.217037981277417
-0.1953528599128073	-1.2174127007280113
-0.19070863116394568	-1.2181488586250686
-0.18141192018615462	-1.2195680132671387
-0.17908607225934325	-1.219911719139014
-0.17675957316968877	-1.2202509893717985
-0.17210465534109778	-1.2209162180018354
-0.16278737809064645	-1.2221933943956482
-0.16045655784816545	-1.2225015815177918
-0.15812515418036774	-1.2228053235840195
-0.15346063047915628	-1.2233994681472293
-0.1441249551019334	-1.224534369091717
-0.12542899399683563	-1.2265903926066457
-0.12308985731109001	-1.2268273353643206
-0.12075027306657907	-1.2270598173374965
-0.11606979593007836	-1.2275113955653256
-0.1067038453565481	-1.2283609865003486
-0.10436136647845767	-1.2285622202219686
-0.10201850813901046	-1.2287589868509912
-0.09733168715223214	-1.22913911598569
-0.08795386655425455	-1.229845738752686
-0.08560859058254494	-1.23001121661083
-0.08326300333518677	-1.230172222107778
-0.0785709291291568	-1.2304808136926657
-0.076224459231021	-1.2306283986585562
-0.07387771217824707	-1.2307715090191564
-0.06918342074115856	-1.2310443038593435
-0.06683589342544187	-1.2311739873470389
-0.06448812309222134	-1.231299194245666
-0.05979188752039965	-1.231536176470968
-0.0574434393574656	-1.2316479509359681
-0.05509478232829821	-1.2317552470885524
-0.0503968758311704	-1.2319564029122303
-0.047847937379675375	-1.2320580338029918
-0.04529879411639226	-1.2321543909030168
-0.04274945695285913	-1.232245473799851
-0.04019993680144374	-1.2323312821036165
-0.03765024457529743	-1.2324118154470136
-0.03510039118830888	-1.232487073485321
-0.030000244590757476	-1.23262176238069
-0.027449973211232728	-1.2326811926612193
-0.02489958433284796	-1.2327353464835975
-0.02234908887247306	-1.2327842236160202
-0.019798497747434127	-1.2328278238492707
-0.017247821875466755	-1.232866146996719
-0.014697072174669297	-1.2328991928943243
-0.012146259563456122	-1.2329269614006342
-0.00959539496051061	-1.2329494523967863
-0.007044489284739255	-1.2329666657865088
-0.0044935534552243426	-1.2329786014961204
-0.0019425983911766907	-1.23298525947453
0.0006083649881102758	-1.2329866396932387
0.0031593257633075397	-1.2329827421463389
0.005710273015097231	-1.232973566850513
0.008261195824219365	-1.2329591138450364
0.01081208327151858	-1.2329393831917745
0.013362924437990892	-1.2329143749751839
0.015913708404830404	-1.2328840893023114
0.018464424253476077	-1.2328485263027942
0.02101506106565898	-1.2328076861288586
0.023565607923447144	-1.23276156895532
0.026116053909294456	-1.2327101749795815
0.028666388106086862	-1.2326535044216338
0.031216599597188543	-1.2325915575240536
0.03376667746648892	-1.232524334552003
0.03631661079844937	-1.232451835793228
0.038866388678149975	-1.2323740615580574
0.04141600019133648	-1.232291012179402
0.04396543442446651	-1.232202688012752
0.046514680464755674	-1.232109089436177
0.05161256431975336	-1.2319060706784113
0.05416118031310939	-1.2317966513662368
0.05670956447101352	-1.231681959382166
0.061805593648350234	-1.231436759384646
0.07199439008512831	-1.2308831104399207
0.07454084602424015	-1.230731524762397
0.07708698289329775	-1.2305746709722218
0.0821782558279866	-1.230245161762099
0.09235649341251356	-1.229522957042498
0.09490009171081461	-1.2293292465256258
0.09744328379186709	-1.2291302738985161
0.10252840575975547	-1.2287165457428928
0.11269329622395473	-1.2278259830921334
0.11506338763376851	-1.2276061422932947
0.11743305022749641	-1.2273817264747957
0.1221710536434696	-1.2269191731412579
0.1316415262200787	-1.2259392041795678
0.13400793992084598	-1.2256827875956138
0.13637385420332404	-1.2254218031599218
0.14110414924632517	-1.224886134640871
0.1505583584828067	-1.2237600273178342
0.1529205300627609	-1.2234670961065148
0.15528213174133706	-1.2231696053008552
0.16000359019182162	-1.2225609493582361
0.16943928117098153	-1.2212889722609652
0.18827979100821401	-1.218526628378669
0.19063178929275626	-1.2181608862055233
0.19298307713430365	-1.2177906042131212
0.1976834864401527	-1.2170364263073024
0.2070753943569573	-1.215473654515759
0.22582160829028228	-1.2121307788350124
0.26314799616855256	-1.2045785802024123
0.26566809472752256	-1.2040252851222983
0.2681870299557343	-1.203466717750643
0.2732213663044846	-1.2023337759393995
0.2832755940542023	-1.2000047339836715
0.3033238061155134	-1.1950945955921572
0.3058239707337001	-1.1944572502583157
0.3083227961830554	-1.1938146745302831
0.31331638581287974	-1.1925138431696038
0.3232870139939875	-1.189849541056698
0.34315962315290094	-1.1842710402638168
0.34563705141840695	-1.183550359070865
0.3481129661780712	-1.182824495243774
0.3530602118195389	-1.1813572324237602
0.36293606444513027	-1.1783606565458062
0.3826107956738625	-1.1721200462426182
0.42163310321610276	-1.158655233467809
0.424012454522752	-1.1577866220420647
0.4263900164086126	-1.1569131245158586
0.4311397317903398	-1.1551514859280307
0.4406172485280466	-1.1515697391254935
0.45948238870236696	-1.1441732203833257
0.4968353062144733	-1.128455183987718
0.49915245846968975	-1.1274321473923157
0.5014675041976655	-1.1264043527986511
0.5060912370009287	-1.1243345069866233
0.5153129950023808	-1.120137911576811
0.5336515042776966	-1.1115181041045328
0.5698912112226583	-1.0933802774612111
0.5719849404801187	-1.0922864329624984
0.5740765702304397	-1.091188579156893
0.5782535005075566	-1.0889808597586739
0.5865818296876595	-1.0845174875723587
0.6031346533072159	-1.0753999320020287
0.635811395495376	-1.0564091504375595
0.6378341718740457	-1.0551890792458638
0.6398546070417799	-1.053965134915474
0.6438884240885181	-1.0515056448230737
0.6519276379198998	-1.0465403855973088
0.667890735014033	-1.0364257763353815
0.6993425304042575	-1.0154685858940953
0.7014511259533053	-1.0140131861414938
0.7035566926841963	-1.0125534079490617
0.7077587033378518	-1.0096207414764744
0.7161259796738288	-1.0037031458584666
0.7327115337063899	-0.9916603411166616
0.7652706789145273	-0.9667560249430474
0.7672779092633191	-0.9651637341542074
0.7692818265583903	-0.963567275854141
0.7732796873906005	-0.9603618843118873
0.7812352726511883	-0.9539013956041825
0.796983978759373	-0.940783163843222
0.8278163808753166	-0.9137704653382469
0.8295870994877627	-0.9121631806499673
0.8313546974097383	-0.9105524646415197
0.8348805045970719	-0.9073207629133824
0.8418943789090155	-0.9008164510772363
0.8557696937616979	-0.8876455683486477
0.8828989617858554	-0.8606659323148805
0.8845665795183216	-0.8589519137700552
0.886230869741842	-0.8572346640719809
0.8895494426320807	-0.8537904970675992
0.896146383679204	-0.8468636742644408
0.9091780614076658	-0.83285753669219
0.934581687738226	-0.8042471589718877
0.9362698385875777	-0.8022812556212285
0.9379538541445088	-0.800311808775458
0.9413094496477407	-0.7963623194086039
0.9479706911045999	-0.788421202515921
0.9610917344481411	-0.77237238541098
0.9865151823151939	-0.7396243768505764
0.988067406518182	-0.7375494722026565
0.9896152666505902	-0.7354713099652935
0.9926978673767778	-0.7313052494516779
0.9988104004691954	-0.7229344421761553
1.0108232878926935	-0.7060401577982574
1.033988568726629	-0.6716576981712045
1.0353722302186585	-0.6695227917420175
1.0367514837136265	-0.6673850348843444
1.0394967432430164	-0.6631010063008093
1.0449341092278073	-0.6544991452570986
1.0555949389192514	-0.6371622624559976
1.0760509253112365	-0.6019724494582915
1.077290712452641	-0.5997509021529396
1.0785259131331029	-0.5975268014661688
1.0809825340957588	-0.5930709778347741
1.085840508415894	-0.584129107349648
1.0953342350376758	-0.5661266089174869
1.113423853212732	-0.5296638055095855
1.1144413422680224	-0.5275195905498035
1.1154547020309835	-0.5253734209940139
1.1174690186761973	-0.5210752499100684
1.1214479362760932	-0.5124558029645827
1.1292060882844035	-0.495126280812703
1.143917303812237	-0.46011914305854074
1.1448008695967498	-0.45791635998346825
1.1456801935990621	-0.45571188021029163
1.147426103240327	-0.4512978632485448
1.1508668788335965	-0.44244982876457245
1.157543546630812	-0.4246755955118506
1.1700718926401619	-0.38882925535953844
1.1708808293218944	-0.38638647400815734
1.1716846661686866	-0.38394200972953796
1.1732770263750594	-0.37904807498585463
1.1764003962078167	-0.36924047932489185
1.1824009792283958	-0.34954877784039584
1.1831279108872441	-0.34708035128708875
1.1838496893683246	-0.3446104130064921
1.185277774244659	-0.33966604430176806
1.1880719690448065	-0.3297596399500397
1.1934117848737638	-0.3098785818581226
1.19405590104004	-0.3073872621977721
1.1946948164310947	-0.3048946036955338
1.1959570337788812	-0.29990531359881506
1.1984189382464316	-0.28991114539161683
1.2030920334233337	-0.2698628964553886
1.211430932187139	-0.2295463358674733
1.2118759154676277	-0.2271853632597896
1.2123162974241557	-0.22482352806094272
1.2131832506945304	-0.22009730576323697
1.2148618689480217	-0.2106349048617133
1.2179976012759957	-0.19167229078796014
1.2183687725230679	-0.18929859458172515
1.218735317793706	-0.1869241796351077
1.2194545248563637	-0.18217322958471066
1.220837367206176	-0.17266310145215238
1.2233804766918075	-0.1536119559777487
1.2236774751574835	-0.15122784321079882
1.2239698274903215	-0.14884315625280375
1.224540589335043	-0.14407209598312004
1.2256263117719408	-0.13452348368330772
1.2258861110827237	-0.13213503102682395
1.2261412558747855	-0.1297460766720421
1.2266375780454253	-0.12496669915156149
1.2275743267215944	-0.11540232295759008
1.2277968637477488	-0.11301011079180338
1.2280147390003204	-0.11061746954237539
1.2284365008934512	-0.10583093613229175
1.229224048184362	-0.096253120132457
1.229409268850673	-0.09385772975113732
1.2295898216213237	-0.09146198300509804
1.229936920751236	-0.08666945680544527
1.2305750752874351	-0.07708052835383819
1.2307200759788022	-0.07472963503667678
1.2308605855225436	-0.07237846901589291
1.2311281291325493	-0.06767535318395179
1.2312551622224925	-0.06532342053541983
1.2313777022121717	-0.06297124950845336
1.2316093011184426	-0.05826622665425549
1.2317183591898828	-0.055913391996608504
1.231822922470759	-0.05356035329963316
1.2320185631509335	-0.04885369813527587
1.232109639836299	-0.046500098843434985
1.232196220303238	-0.04414632986328513
1.2323558913344463	-0.03943831719617144
1.2324289813160438	-0.037084090689702455
1.2324975739138728	-0.034729728855851474
1.2325616688776253	-0.03237524028616322
1.2326212659734053	-0.030020633572644867
1.2326763649837313	-0.027665917307734763
1.2327269657075357	-0.025311100084271003
1.2327730679601658	-0.02295619049546011
1.2328146715733856	-0.02060119713484566
1.232851776395375	-0.018246128596276934
1.2328843822907307	-0.015890993473877554
1.2329124891404675	-0.013535800362014119
1.2329360968420175	-0.011180557855264844
1.2329552053092314	-0.008825274548388192
1.2329698144723789	-0.0064699590362915175
1.2329799242781476	-0.004114619913999697
1.2329855346896454	-0.0017592657766237667
1.2329866456863983	0.0005960947806704456
1.2329832572643522	0.0029514531626936838
1.2329753694358725	0.005306800774264629
1.2329629822297428	0.007662129020241267
1.2329460956911669	0.010017429305552255
1.232924709881767	0.012372693035228276
1.232898824879585	0.014727911614433424
1.2328684407790793	0.017083076448496545
1.2328335576911287	0.019438178942942613
1.2327941757430283	0.021793210503524105
1.232750295078491	0.024148162536252342
1.2327019158576458	0.026503026447428846
1.2326490382570388	0.028857793643676737
1.2325916624696307	0.031212455531972036
1.23246341718833	0.03592142901456186
1.23239254816243	0.03827572342485533
1.232317181885714	0.04062987815925683
1.23215295869635	0.04533773423776915
1.2320641023829861	0.04769141840195653
1.231970750017371	0.050044928530467804
1.2317705585084409	0.054751392327381826
1.2316637200956653	0.057104328820941894
1.2315523870917149	0.05945705692920312
1.231316238951797	0.06416185364828923
1.2307900265527671	0.0735685687520303
1.230634921581813	0.07611907483218892
1.2304745313273302	0.07866925399907264
1.2301378977458262	0.0837685877848208
1.2294012390098035	0.09396285059077066
1.2292038723288417	0.09651043478176156
1.229001226510366	0.09905760448344916
1.2285801009648056	0.10415065666279558
1.227674540036003	0.11433130593749105
1.2274349658929509	0.11687526801404048
1.2271901202094169	0.11941872813918408
1.2266846184497533	0.12450409884323761
1.225610404229326	0.13466833634827274
1.2232093989351291	0.1549683520166092
1.2228856189978778	0.15750297336292
1.2225565870585047	0.1600369182715186
1.2218827728483967	0.16510273524777486
1.2204721840902242	0.1752257733098118
1.21739951204149	0.1954350323026198
1.2169918822603032	0.1979575264608748
1.2165790257891884	0.20047917043875896
1.2157376398920943	0.20551986453767432
1.2139922273390822	0.21559057430759215
1.2102512665043037	0.23568685940186068
1.2097931997852411	0.23802696805902385
1.2093306083006503	0.24036618646798594
1.2083918579723831	0.24504191754888702
1.2064601373889554	0.25438231200578143
1.2023802267766042	0.27301687498509253
1.2018499808876968	0.27534169173996587
1.2013152399418126	0.2776654786852854
1.2002322808958885	0.2823099283862271
1.198012511245471	0.2915860879213961
1.1933580362635245	0.31008550603865387
1.1927561188586395	0.3123928051272289
1.192149740408866	0.31469893583083036
1.1909236094630307	0.3193076575867396
1.1884179159382366	0.3285107012671003
1.1831933327499051	0.3468572633031574
1.1718958478548895	0.38329694174419543
1.171089872319225	0.38575242672123894
1.1702787517878275	0.38820621695679736
1.168641090014534	0.3931086700896143
1.165304184826903	0.4028927656273946
1.1583848764126943	0.4223753092550872
1.1435711969337479	0.4609786777211056
1.1426024604948828	0.46337462278487307
1.1416287042151647	0.46576853208647273
1.139666149267373	0.4705502013431312
1.1356809909906989	0.4800886485560431
1.1274714687337095	0.4990636341804877
1.110103797405757	0.5365873486724241
1.1089972771060288	0.5388705439541094
1.1078860608725583	0.5411514574444661
1.1056495594455733	0.545706400427733
1.1011204137510018	0.5547884805858952
1.0918386316110054	0.5728392674143342
1.0723900133365427	0.6084702811691245
1.071135654792255	0.6106757182030007
1.0698767606353308	0.612878569393999
1.0673453868253815	0.6172764769473724
1.0622284476867216	0.6260408522572958
1.051779023092673	0.6434417692007615
1.0300280012938194	0.6777158256383298
1.0287253498993514	0.6796915316851025
1.0274189088902117	0.6816647338867035
1.0247946772925112	0.6856035976881403
1.0195009514113542	0.6934509599397257
1.0087335456099829	0.7090226073483809
0.9864878763436765	0.7396607963093128
0.9850664128652272	0.7415528207854227
0.9836413206027386	0.743442113531971
0.9807802707379906	0.747212476007392
0.9750148574822612	0.7547201146510071
0.9633119706725201	0.7696015013817278
0.9392276829666357	0.7988164891382177
0.9375629817704821	0.8007696791110576
0.9358942187861105	0.8027193999229867
0.932544536388493	0.8066084002922077
0.9257967494101282	0.8143444004545153
0.9121091296234864	0.8296465267976897
0.8839790815837725	0.8595565176835633
0.8821880750038933	0.8613945809505125
0.8803932465355663	0.8632289124123156
0.8767921550529129	0.8668863481493135
0.8695444526624531	0.8741560893878957
0.8548687340120653	0.8885132927416407
0.8248103691882236	0.9164847399982008
0.8230281101204086	0.9180855917187746
0.8212427440101625	0.9196829775420672
0.8176627176340749	0.922867327388527
0.8104656777154055	0.9291941718582247
0.7959251746003324	0.9416791068126201
0.7662708320706623	0.9659634753383373
0.7643925478111081	0.9674504931110565
0.7625113778663011	0.9689338586273155
0.7587404093384791	0.97188961050464
0.75116415725991	0.9777570417123023
0.7358759982835966	0.9893143782034625
0.704770045502502	1.0117092500972722
0.7028417592515963	1.0130497940486958
0.7009109231575255	1.0143866627516596
0.6970416294686741	1.0170493550254283
0.6892727528048125	1.0223304240855102
0.6736154237250184	1.0327142318617226
0.6418352341011927	1.0527601607375967
0.639828872129629	1.0539807579644471
0.6378201889196716	1.055197531449187
0.633795887942218	1.0576195895488696
0.625719752329279	1.0624176275434107
0.6094589900062817	1.071828420630143
0.5765167583546965	1.0899013033785105
0.5742629224917744	1.0910905185277664
0.5720066335765934	1.092275072916322
0.5674867351522321	1.094630179191239
0.5584179264491259	1.0992842413089718
0.5401664344200009	1.108366657246584
0.5032254687106607	1.1256200741861881
0.5008979659441354	1.1266577348436442
0.49856832351502994	1.1276905828095738
0.4939026594838761	1.1297418230395553
0.4845460939404591	1.1337863584542847
0.46573425410589453	1.141642688551199
0.4277337851513031	1.1564169805092464
0.42550300854699236	1.1572396525730708
0.4232706496873328	1.1580580213802962
0.41880121841239815	1.1596818370683721
0.40984373443909405	1.1628776965403544
0.39185614799822227	1.1690616677686336
0.35560551306290156	1.1805935553141285
0.353328249569852	1.1812770935838417
0.35104967220709676	1.1819562392124647
0.3464886097693633	1.1833013424610308
0.3373510915933302	1.1859387272413242
0.31901638639176805	1.1910016662387681
0.28212359623282124	1.2002760933296321
0.27961386786705433	1.200863234788379
0.27710291759769856	1.2014451285135026
0.2720773952446007	1.2025931626143969
0.2620121708491571	1.2048261476648388
0.24182746812331157	1.209039246439524
0.23929950890869311	1.2095421318854676
0.23677050396293545	1.2100397316712874
0.2317094010892032	1.2110190655876836
0.221575133141784	1.2129142113699485
0.20126082990589045	1.2164499587387785
0.19871746763748194	1.2168680256403033
0.19617323698014602	1.217280774867785
0.19108221497526173	1.2180903131090615
0.1808902397477027	1.2196454996981714
0.17834024188402803	1.2200209760060399
0.17578946467924578	1.2203911208615736
0.17068561683697137	1.2211154097688581
0.1604690597411411	1.2224999405463288
0.1579131394439802	1.2228327212505108
0.15535652907149047	1.2231601582151221
0.15024128279271198	1.223798995225435
0.14000300110866631	1.2250124829774391
0.11949778762401281	1.22718242430494
0.11710209634822992	1.2274133463511114
0.11470595887612411	1.2276395915610951
0.10991238186480025	1.2280780480420574
0.10032027531800768	1.228898802233163
0.0979212702038019	1.2290922864503127
0.09552189197833678	1.2292810874339777
0.09072205276459741	1.2296446368411327
0.08111829935839278	1.2303155063963007
0.07871656541642086	1.2304715056022328
0.07631453153923791	1.2306228163194155
0.07150960059040443	1.2309113699992311
0.06910672182707277	1.2310486118623827
0.0667035797450981	1.2311811630378255
0.06189654225313606	1.2314321913232127
0.05949266515949418	1.231550667476659
0.057088561379830455	1.2316644510294048
0.05227971040487172	1.231877938616471
0.04987498153283215	1.231977641837336
0.04747006262121176	1.232072650830592
0.04265969133394684	1.2322485847041074
0.04025425728735061	1.2323295089140027
0.03784866985920032	1.2324057375555637
0.03544293821555053	1.2324772703383347
0.03303707152300526	1.232544106989753
0.030631078948684227	1.2326062472551498
0.02822496966018679	1.2326636908977506
0.02581875282555594	1.232716437698677
0.023412437613244443	1.232764487456947
0.021006033192081015	1.2328078399894757
0.01859954873123429	1.2328464951310758
0.016192993400176773	1.2328804527344595
0.013786376368651017	1.2329097126702366
0.011379706806635763	1.232934274826918
0.008972993884309919	1.2329541391109142
0.006566246772016498	1.2329693054465356
0.004159474640228802	1.2329797737759938
0.001752686659516556	1.232985544059401
-0.0006541079994901271	1.2329866162747707
-0.003060900166136782	1.2329829904180172
-0.00546768066977844	1.2329746665029566
-0.007874440339813478	1.2329616445613052
-0.010281170005719651	1.232943924642681
-0.012687860497090144	1.2329215068146024
-0.0150945026436674	1.2328943911624888
-0.017501087275376977	1.2328625777896591
-0.019907605222363588	1.2328260668173325
-0.022314047315027136	1.2327848583846277
-0.02472040438405653	1.2327389526485615
-0.027126667260463037	1.2326883497840497
-0.029532826775618713	1.2326330499839053
-0.0343447990496659	1.2325083604374543
-0.03670343451453727	1.2324403765151564
-0.03906193555684747	1.2323678789065122
-0.04377849982323879	1.232209343708775
-0.04613654577338697	1.2321233067003008
-0.04849442275317356	1.232032757166716
-0.05320963526038111	1.231838121867253
-0.05556695351882036	1.2317340368142065
-0.05792406826899758	1.2316254406617104
-0.06263765271457847	1.231394716665778
-0.07206199972202429	1.230879154087048
-0.07441744824474551	1.2307389922996363
-0.07677262422120258	1.2305943230570233
-0.08148212403399373	1.2302914643420446
-0.09089747364920411	1.229631681868264
-0.09325050034516538	1.2294554761988576
-0.09560318552074358	1.2292747677749958
-0.10030749684615947	1.2288998453276985
-0.1097116422154826	1.2280959976045707
-0.1120616955612933	1.2278837893538264
-0.11441133849264892	1.2276670841047683
-0.11910935869222608	1.2272201858028209
-0.12850009558816322	1.226272461243347
-0.13084662475735112	1.2260243001505282
-0.13319267471420992	1.2257716488695838
-0.13788330262405726	1.2252528794609978
-0.14725842996190594	1.2241615002013166
-0.14960088495402812	1.2238774444326341
-0.1519427920482679	1.2235889063384648
-0.15662492823716326	1.222998387417043
-0.16598224859092955	1.221763609264363
-0.184667162819562	1.2190793504715585
-0.18719736625590042	1.2186933863104525
-0.18972676304489336	1.218302170709094
-0.19478309308693365	1.217503991951349
-0.20488559406976223	1.2158446928422495
-0.2250475230954019	1.2122747362370496
-0.22756351430939054	1.2118049639794117
-0.23007852493530634	1.2113299699642444
-0.23510556107772196	1.210364324870951
-0.24514738975035763	1.2083704651589966
-0.2651796510037274	1.2041329563065388
-0.2676786548017228	1.203579894121501
-0.27017650515252767	1.2030216456213703
-0.27516870246389263	1.2018895993203043
-0.2851387824684558	1.1995633782766086
-0.3050192799248182	1.194662991242354
-0.3445224658717687	1.1838752866242372
-0.34681544397221803	1.1832055914304738
-0.34910712031053986	1.1825314551074175
-0.3536865332987474	1.1811698692114938
-0.36282935998426774	1.1783935163193109
-0.3810490961396993	1.172628675285191
-0.4172096097706533	1.160255387957756
-0.4194566905701365	1.1594449139592327
-0.4217021969505932	1.1586300880164586
-0.42618845274658457	1.1569873925481884
-0.43514170085846215	1.153649913944429
-0.45296926330039944	1.14676731304789
-0.48829369841600073	1.1321774100631081
-0.490669604617238	1.131149752629928
-0.4930433480373063	1.1301171092971503
-0.49778430469142254	1.1280368831615661
-0.507239804896988	1.1238168018400727
-0.5260428222375975	1.1151391720060269
-0.5631984145095031	1.0968427278620967
-0.5654999712150444	1.095657887447431
-0.567799035300955	1.0944682175747675
-0.5723896450895132	1.092074410452092
-0.5815405080832493	1.0872290748633702
-0.5997185527582438	1.077308721419975
-0.6355620314900213	1.0565591928038205
-0.637738476028215	1.0552469189546083
-0.6399122110656672	1.0539301617749786
-0.6442515157085107	1.0512832198210291
-0.6528972054061045	1.0459357833743343
-0.6700548534107504	1.0350279789409953
-0.7038189602341178	1.0123711251240568
-0.70590417870739	1.0109182530024021
-0.7079863980705768	1.0094610858854511
-0.7121418040933422	1.0065338914476072
-0.7204162384287096	1.000628236248714
-0.7368176319598634	0.9886132717109573
-0.7690149810331744	0.9637802564467328
-0.7708666884853931	0.9622998349545465
-0.7727155460027557	0.9608158557890512
-0.7764046839021762	0.957837246396665
-0.7837484604375275	0.9518375778103052
-0.7982964996365691	0.9396696879425157
-0.8268225334502983	0.9146698431394871
-0.828579705951505	0.9130783617276783
-0.8303338151497817	0.911483504616947
-0.8338328177087567	0.9082836868962576
-0.8407937786117691	0.9018438033372115
-0.8545660862584615	0.8888043811699397
-0.8815009023626235	0.8620977803612908
-0.8832963422566704	0.8602580982042369
-0.8850879427635437	0.8584146767993787
-0.8886595944825925	0.8547166483133566
-0.8957564837479987	0.8472760740121279
-0.9097628838022629	0.8322186726010021
-0.9370126251300465	0.8014136036510006
-0.9386814261897144	0.799458319048859
-0.9403461471221863	0.7974995594747644
-0.9436633196794187	0.7935716494820131
-0.9502483860768365	0.785674505459068
-0.963219807147751	0.76971684851524
-0.9883552706521062	0.7371636743248988
-0.9897882286496895	0.7352385233354503
-0.9912174367802088	0.7333105868544764
-0.9940645817957476	0.7294463866448506
-0.9997136361325419	0.7216848824110389
-1.010829608353228	0.7060311088375947
-1.0323236516059515	0.6742138400425622
-1.0336339994904336	0.6722032273556814
-1.0349404313957404	0.6701900679899563
-1.0375415274857283	0.6661561397394499
-1.0426965111343935	0.6580580593216279
-1.0528165556594904	0.6417427240719374
-1.0722884466598246	0.6086492511536051
-1.0734478919324593	0.6066020500095121
-1.0746034287161994	0.6045526401905558
-1.076902760001724	0.6004472243841693
-1.0814543365366962	0.5922102175376224
-1.0903682222167315	0.575633185066591
-1.1074317316164015	0.5420806061639561
-1.1084640895846365	0.5399664673581932
-1.1094924115678768	0.5378503625017658
-1.1115369326173516	0.5336122854635121
-1.1155773791385808	0.5251128782693097
-1.1234630709955593	0.5080227867716275
-1.138447298514068	0.4734914701195835
-1.1394251032137641	0.4711335882064519
-1.1403980244198262	0.46877368704881617
-1.1423291996925171	0.4640478674661018
-1.1461327662445355	0.4545724429732106
-1.153503857548584	0.4355287296958943
-1.1672949103023735	0.3970881717605771
-1.168114479474495	0.39467073189180496
-1.1689290421923895	0.3922516004928041
-1.170543134322343	0.38740830458420605
-1.1737110889600946	0.37770187108630054
-1.1798053266449524	0.3582119693563864
-1.1910213814289345	0.3189427734705652
-1.1916352940928137	0.316641358073005
-1.192244759726924	0.3143387610105905
-1.1934503408246513	0.3097300562675626
-1.1958080397001416	0.3004988451866134
-1.2003090970441497	0.28198314723231577
-1.2008515936114645	0.27966385874973054
-1.2013896087549651	0.2773435265975672
-1.2024521867560405	0.27269976592509176
-1.204523478450499	0.2634001018061568
-1.2084501773770044	0.2447541471915646
-1.208920739609823	0.24241920120160068
-1.2093867903058109	0.24008335053433452
-1.2103053501471734	0.2354089700396133
-1.2120882559901536	0.2260497366968866
-1.2154368453890936	0.20729133759178764
-1.2158350237671542	0.20494296462944833
-1.2162286648051643	0.20259382684630475
-1.2170023290019016	0.19789329188714522
-1.218495145813156	0.1884834300403073
-1.2212624268328678	0.16963050603083824
-1.2216253914495914	0.16699648719543952
-1.2219826750211493	0.16436169175978882
-1.222680192409151	0.15908982010268635
-1.2240069833077019	0.14853729694579368
-1.2243244545212197	0.14589740858322686
-1.224636232137853	0.14325684173953632
-1.2252427008073867	0.13797372173064015
-1.2263872529634747	0.12739988045004455
-1.2266591362885595	0.12475490823927009
-1.226925315159558	0.12210935586842858
-1.2274405546144789	0.116816559860682
-1.2284025273884918	0.1062245474245445
-1.2286287419077033	0.1035752785575689
-1.228849242813377	0.10092552802424916
-1.2292730997090184	0.09562463125034869
-1.2300522068003008	0.08501760003489793
-1.230232685188069	0.08236482298249152
-1.230407442503324	0.07971166290081608
-1.2307397906921376	0.07440424300439527
-1.2308973800201448	0.07175000787126758
-1.2310492451845425	0.06909543907199513
-1.2313358002241983	0.06378534985572157
-1.2314704887668613	0.06112985413275313
-1.2315994504807304	0.05847407413158884
-1.2318401910498291	0.053161710697681004
-1.2319519687855192	0.050505151969546164
-1.2320580174533413	0.04784835837231633
-1.2322529256393533	0.042534115992205836
-1.232341784251142	0.039876691922671716
-1.2324249119822657	0.037219082410620226
-1.2325023084461473	0.03456129981499472
-1.2325739732828622	0.03190335649554565
-1.2326399061591404	0.029245264812768124
-1.232700106768368	0.026587037127847785
-1.232754574830588	0.02392868580260383
-1.2328033100925022	0.021270223199429325
-1.232846312327472	0.018611661681236475
-1.2328835813355201	0.015953013611395825
-1.2329151169433308	0.013294291353680434
-1.2329409190042508	0.010635507272210546
-1.23296098739829	0.007976673731391177
-1.232975322032123	0.005317803095857892
-1.2329839228390875	0.0026589077304198577
-1.2329867897791864	1.509973325494051e-16