-0.3979082431792417	-4.8729705636380504e-17
-0.39790750436875744	-0.0007667835534593842
-0.3979052879400481	-0.0015335642594897546
-0.3979015939013444	-0.002300339270672946
-0.39789642226636396	-0.003067105739611185
-0.3978897730543116	-0.0038338608189394806
-0.3978816462898789	-0.004600601661334604
-0.39787204200324444	-0.005367325419525845
-0.3978609602300734	-0.006134029246306285
-0.39784840101151764	-0.006900710294543554
-0.3978343643942155	-0.0076673657171888055
-0.3978188504302915	-0.008433992667289064
-0.39780185917735644	-0.009200588297997081
-0.3977833906985067	-0.00996714976258121
-0.3977634450623246	-0.010733674214437734
-0.3977191226197182	-0.012266600694248442
-0.3976947459778842	-0.013032997029723296
-0.3976688925078973	-0.0137993449675339
-0.39761275547297353	-0.015331884267105977
-0.3975824721164999	-0.016098069937826604
-0.3975507123487993	-0.01686419582882102
-0.3974827640569552	-0.018396256891918348
-0.3974465757851358	-0.019162186374755627
-0.3974089116067366	-0.019928044699357442
-0.39732915609513836	-0.021459536498157926
-0.3971519407141815	-0.024521541080239597
-0.3971039494127927	-0.025286821681514676
-0.3970544834771575	-0.026052008380894894
-0.3969511284433843	-0.027582088708334153
-0.39672673121406216	-0.030640997539177168
-0.3966669482885993	-0.031405447384176666
-0.39660569235168114	-0.03216978060593875
-0.39647876235883706	-0.033698085826874336
-0.39620723661084545	-0.03675317193369958
-0.39613567626917207	-0.037516609345145974
-0.39606264488890697	-0.03827990743972844
-0.39591217010286317	-0.03980607434088589
-0.3955935803663463	-0.04285661165941241
-0.3948859083206044	-0.048949866187782284
-0.3947827840655867	-0.04977472647252752
-0.39467793679710855	-0.05059936951749664
-0.39446307505769573	-0.052247989492584856
-0.3940126960554113	-0.05554246426957191
-0.39302942855567546	-0.06211954828546135
-0.39289879520374615	-0.06294050140756192
-0.3927664470609495	-0.06376117982839509
-0.39249660872074804	-0.06540169824020317
-0.39193638046669754	-0.06867928113088169
-0.390733857097583	-0.07521983054777598
-0.3905758605920622	-0.07603595934004234
-0.3904161594340279	-0.07685175627644594
-0.3900916459558929	-0.0784823403410784
-0.3894221943359638	-0.08173936963638388
-0.38800175855417846	-0.0882360773655286
-0.3848361852205019	-0.1011537470137521
-0.3846381339425517	-0.10190424871997361
-0.3844386190490176	-0.10265436266265013
-0.3840352014575211	-0.10415341584159274
-0.3832108366646328	-0.10714674354726182
-0.38149216616719006	-0.11311364702393606
-0.3777765561383173	-0.12496336912176854
-0.3775320732200869	-0.12570005441579368
-0.3772861537260805	-0.1264362613990581
-0.37679000875926966	-0.12790722922954764
-0.3757805214558864	-0.13084330202319355
-0.37369297430952575	-0.13669137113106553
-0.3692453982779723	-0.14828622943662761
-0.3689611374495747	-0.14899211067001708
-0.36867552719938734	-0.1496974469863945
-0.36810026261688705	-0.15110647455145437
-0.3669335866820379	-0.15391787730684803
-0.36453588833094663	-0.1595134982023722
-0.35948509621581204	-0.1705914288254217
-0.3591581963194061	-0.17127860346984825
-0.3588299828540444	-0.1719651516876509
-0.3581696200228257	-0.17333635880188328
-0.3568331846715534	-0.17607114558367484
-0.3540977505349887	-0.1815096500356151
-0.3483788949757326	-0.1922579400843514
-0.34797930393950327	-0.1929802425632463
-0.3475782153379925	-0.19370171453151025
-0.3467715523500708	-0.19514215452001316
-0.3451403319713185	-0.1980129319936418
-0.3418067088766957	-0.2037133862976912
-0.3348579809912017	-0.21494441736524947
-0.33441135568113445	-0.21563862172972717
-0.33396329119686813	-0.21633189807087264
-0.3330628524250936	-0.21771565475282414
-0.3312447900499693	-0.22047190082807
-0.3275403661906844	-0.22593866093624385
-0.3198619257205145	-0.23668400551020483
-0.31940308963461794	-0.23730283673367833
-0.31894305630861186	-0.23792077845894888
-0.3180194048382478	-0.23915398415313346
-0.3161578111885353	-0.24160961987152957
-0.3123778533098048	-0.24647727431053085
-0.3045940525969923	-0.25603404678388236
-0.3040977821075625	-0.25662328208339164
-0.3036003717479382	-0.2572115554645714
-0.3026021388802778	-0.25838520765529827
-0.3005920770250044	-0.26072087223654417
-0.2965179921825136	-0.26534515315347545
-0.28815742109162784	-0.27440165936053096
-0.2875810480128957	-0.2750056559669185
-0.2870034089208434	-0.2756084419204276
-0.2858443428740647	-0.2768103712596129
-0.2835111308816683	-0.2791995857020353
-0.2787849643488184	-0.28391885045382004
-0.2690983506373834	-0.2931160993091823
-0.2684827536061915	-0.293680065728043
-0.2678659746377869	-0.2942427392839781
-0.2666288817554746	-0.29536419790457974
-0.26414063256182213	-0.2975914921832125
-0.25910849560052124	-0.3019830417384812
-0.2488266565977625	-0.31050968576901067
-0.24818651098175012	-0.31102158406884917
-0.24754531226652285	-0.3115321626491561
-0.246259766425758	-0.3125493519908843
-0.24367615756327193	-0.3145677990913724
-0.23845948649963286	-0.31854048924480854
-0.22783331236926538	-0.3262253082837678
-0.22716083874207163	-0.326693929132436
-0.22648740123130498	-0.3271611637610437
-0.22513764599318872	-0.3280914664337312
-0.22242669491724518	-0.32993535030090565
-0.21695967588188314	-0.3335557959790518
-0.20585038749525675	-0.34052399028268654
-0.20519570652680516	-0.34091889359927796
-0.20454026797858016	-0.3413125382479249
-0.20322712782507904	-0.34209604573271457
-0.200591863221385	-0.3436478930524145
-0.1952859425896494	-0.34669059782010636
-0.184536937941217	-0.3525295569527043
-0.18385922818066527	-0.35288348530754543
-0.18318083961432982	-0.35323611082133116
-0.1818220360852094	-0.35393744812299727
-0.17909639372679725	-0.3553244316734308
-0.17361353215895722	-0.3580353494297474
-0.16252604867391282	-0.36320277186777566
-0.16176894657727672	-0.3635406138428948
-0.16101114221503393	-0.36387687762840976
-0.15949343985577602	-0.364544664798379
-0.15644975290162996	-0.36586123709271184
-0.15032999097683153	-0.36841805575038844
-0.13796688124308182	-0.3732239403763482
-0.13718895289856617	-0.37351059046911317
-0.1364104289942395	-0.3737956190909654
-0.13485160802752527	-0.3743608069795518
-0.1317269682545971	-0.37547167113437857
-0.12545045780023986	-0.37761508527560284
-0.11279462934353239	-0.38158661085164625
-0.11205219100182717	-0.3818052860839941
-0.11130932871892095	-0.38202251678419924
-0.10982234357335695	-0.3824526413061441
-0.10684340975881727	-0.38329552016831614
-0.10086631970164305	-0.3849116204271268
-0.10011743644134714	-0.3851070875878596
-0.09936817439411394	-0.3853010977243272
-0.0978685252793685	-0.38568474399388963
-0.09486480643154657	-0.3864345203144975
-0.08884032312176623	-0.38786385108387034
-0.0880857202207803	-0.3880359208670983
-0.08733078405396817	-0.38820652254503624
-0.08581992334909604	-0.3885433190087636
-0.0827943285073788	-0.38919926664499616
-0.07672828653208964	-0.390440443647735
-0.07596869480766794	-0.3905889494074429
-0.07520881566129198	-0.3907359774026656
-0.07368820660354036	-0.39102559788017016
-0.070643665993761	-0.3915870815603504
-0.0645419401887658	-0.3926389027422784
-0.06379312423601635	-0.39276125991522987
-0.06304407632937142	-0.39288218899533606
-0.061545295549479205	-0.3931197611233984
-0.05854507043499886	-0.39357774926658595
-0.057794475156824524	-0.3936886696761005
-0.05704366973603951	-0.39379815862067746
-0.05554143938720497	-0.3940128405278031
-0.052534577146122106	-0.39442500959506704
-0.05178237720729039	-0.39452446742978114
-0.051029988986033635	-0.3946224907605696
-0.04952465863975363	-0.3948142324899223
-0.046511858973905036	-0.39518048656883625
-0.04047831741486759	-0.3958440043871472
-0.039723433601921106	-0.3959204703129965
-0.03896840535326493	-0.39599549665900774
-0.03745792653056875	-0.3961412295255583
-0.03443535648414963	-0.3964154086483018
-0.03367939408228775	-0.39648035059034203
-0.03292330922104262	-0.3965438509168011
-0.03141078311743485	-0.3966665258046613
-0.028384382388794732	-0.39689456638557963
-0.02762751731172397	-0.396947969231713
-0.026870551780092383	-0.39699992876198853
-0.025356330362908845	-0.3970995171245082
-0.024599079983115727	-0.39714714559464587
-0.02384174016025958	-0.3971933300247138
-0.02232680320052316	-0.39728136609817943
-0.021569211572003446	-0.39732321742147503
-0.020811541517121973	-0.397363624064498
-0.01929597714820113	-0.39744010272729985
-0.018538088344803687	-0.39747617446899985
-0.017780132136307775	-0.3975108009742704
-0.016264028528071024	-0.3975757177771659
-0.015441437702594265	-0.39760851599490105
-0.014618780780465492	-0.39763961226025163
-0.013796061283045178	-0.397669006440111
-0.012973282731961551	-0.39769669840865807
-0.012150448649095714	-0.3977226880473583
-0.011327562556566728	-0.39774697524496355
-0.00968164843209204	-0.39779044190833435
-0.008858627445436758	-0.3978096211880421
-0.008035568539668837	-0.39782709765453994
-0.007212475237869424	-0.3978428712330205
-0.006389351063266901	-0.39785694185596526
-0.005566199539221797	-0.39786930946314536
-0.0047430241892117125	-0.3978799740016217
-0.00391982853681623	-0.3978889354257448
-0.0030966161057017503	-0.39789619369715573
-0.0022733904196066733	-0.39790174878478557
-0.001450155002326135	-0.3979056006648559
-0.0006269133776967468	-0.3979077493208789
0.00019633093041821858	-0.3979081947436573
0.0010195743981440027	-0.3979069369312845
0.0018428135016094447	-0.3979039758891445
0.002666044716962064	-0.3978993116299119
0.003489264520383145	-0.397892944173552
0.004312469388102823	-0.3978848735473205
0.005135655796415161	-0.3978750997857636
0.005958820221693239	-0.3978636229307175
0.0067819591404044135	-0.3978504430313085
0.007605069029124776	-0.39783556014395294
0.008428146364554948	-0.3978189743323566
0.009251187623534978	-0.3978006856675146
0.010074189283059257	-0.39778069422771095
0.010897147820291678	-0.39775900009851856
0.011720059712580713	-0.39773560337279856
0.012542921437474505	-0.3977105041507
0.013365729472736017	-0.3976837025396593
0.014188480296357947	-0.39765519865440013
0.015011170386577618	-0.39762499261693257
0.016656354281075977	-0.3975594746098423
0.01747884104318997	-0.39752416292066756
0.01830125298760265	-0.39748714964017934
0.019945838342411967	-0.39740801894628264
0.02323395636920392	-0.397229345921754
0.02405574604080843	-0.3971804263460257
0.02487743274244945	-0.3971298066503388
0.02652048316746728	-0.3970234677730709
0.029805193652196287	-0.3967903986002505
0.030626061108863796	-0.3967278845391974
0.03144679747151386	-0.39666367229527855
0.03308786286277974	-0.3965301543655469
0.03636826597840705	-0.39624275289235816
0.037133139468432115	-0.3961718060932763
0.03789787457136594	-0.39609938284850127
0.03942691821648461	-0.3959501081069952
0.04248321949746636	-0.3956338535200453
0.0432469061209672	-0.39555110302077884
0.04401043157270551	-0.3954668783890438
0.045536987579536	-0.3952940079892076
0.04858804037192726	-0.3949305917788676
0.0493503579825124	-0.3948360573161834
0.05011249167510425	-0.3947400513858496
0.05163619594578225	-0.39454362655888814
0.0546812725449988	-0.3941331354033179
0.0607614627239033	-0.39324167459418935
0.06152049721893662	-0.39312364265193384
0.06227930244052897	-0.3930041456238238
0.06379621375265156	-0.3927607580968554
0.06682716072650047	-0.3922564219732101
0.0728769198271697	-0.39117761253233146
0.08492285377227658	-0.3887403746681879
0.08573613741696015	-0.3885618158424869
0.08654904563272417	-0.3883815555482201
0.08817372154061724	-0.38801593371879495
0.09141841169754147	-0.3872643076668561
0.09788835031028999	-0.3856797127974461
0.09869520089387145	-0.38547402935931874
0.09950161930224923	-0.38526665797369597
0.10111314547043901	-0.38484685499957566
0.10433085645957989	-0.3839870341305825
0.11074412468220789	-0.3821867460265494
0.11154363781316902	-0.38195416852470027
0.11234266250706376	-0.3817199184884312
0.11393923259045055	-0.3812464049229708
0.1171263577086766	-0.38027935300235494
0.12347576696686553	-0.3782653895903442
0.1360690063816314	-0.3739200389017766
0.13683686821614838	-0.37363972150560626
0.13760415257060782	-0.3733578272720628
0.13913697588940668	-0.37278931305811497
0.14219555045489585	-0.37163341537168015
0.14828368931114289	-0.3692464183634921
0.1603381848727078	-0.364173909638947
0.1610859738925862	-0.36384375630903387
0.16183308309613526	-0.36351206748275905
0.16332524944530286	-0.3628440889467819
0.16630128581146622	-0.36148976794294413
0.1722194708794295	-0.3587079924395328
0.18391471225860334	-0.35285457146652605
0.18459039843580746	-0.35250156708204916
0.18526540706220215	-0.3521472688181283
0.18661338175441067	-0.35143479585859616
0.18930109167972678	-0.34999438092468604
0.1946430020884288	-0.34705197266114834
0.20518840710387135	-0.34092328694321616
0.2058411954401722	-0.3405295468087188
0.20649322822326038	-0.34013455673883985
0.20779501755926902	-0.33934083259686515
0.21038942447319894	-0.3377384491878689
0.21554101893721075	-0.3344742727707163
0.2256911103674673	-0.32771098957937045
0.2263715941791774	-0.32724130445096383
0.22705110053377148	-0.32677020631690673
0.22840716913959652	-0.32582377917461197
0.23110744805145744	-0.32391405873338297
0.23645992118576625	-0.320027617031424
0.24696737542338054	-0.31199052143691414
0.2476151467607254	-0.3114766589724742
0.24826184891274206	-0.3109614515730485
0.24955203449575608	-0.3099270108735596
0.25211945288234733	-0.3078420885264009
0.2572018593053522	-0.3036085861102422
0.26715206076789033	-0.2948910755134173
0.267723505278151	-0.29437237423299495
0.2682939426823559	-0.29385256560041684
0.26943178759304787	-0.29280963410449
0.27169529797976116	-0.2907105692018771
0.276173125481529	-0.28646007531897744
0.2849282552750644	-0.27775323460924506
0.285466427174164	-0.2772000882871582
0.2860035252229598	-0.27664589921057997
0.2870744916919952	-0.275534401136724
0.2892034497993955	-0.2732989839244177
0.29340901958618854	-0.2687789374476025
0.301607252046883	-0.2595458254388203
0.30215205037258713	-0.2589113911082943
0.3026955141609258	-0.2582758132246288
0.3037784285299843	-0.2570012380317336
0.30592813760023824	-0.25443848886212217
0.31016254736746873	-0.24925923092337676
0.31836717661426683	-0.2386908268967427
0.3188681088308577	-0.23802121577838994
0.31936763267902807	-0.2373505533740842
0.3203624464512016	-0.2360060865609011
0.3223350769159728	-0.23330466814782008
0.32621186373138567	-0.22785256187036043
0.33368773960920894	-0.2167566894572976
0.3341342734391025	-0.21606771462510005
0.3345793847246661	-0.21537781990551966
0.335465332088795	-0.2139952825567542
0.33722007331105747	-0.2112192987065235
0.34066052542986347	-0.2056243575159322
0.3472620605600095	-0.19426793684395488
0.3476621634057512	-0.19355100135629205
0.34806078611348057	-0.19283324184397382
0.34885358433282143	-0.19139526297203288
0.3504213448661529	-0.18850955162056732
0.35348515066894964	-0.18269980363027363
0.35932301385409293	-0.1709325647874094
0.35965137688750154	-0.17024058591568259
0.3599784073198881	-0.16954797625871945
0.36062846553960937	-0.16816087485660075
0.36191253778195115	-0.16537921570202932
0.36441624071010426	-0.15978664993267092
0.3691638292278691	-0.14848918202955813
0.3694489726794966	-0.1477783021152129
0.3697327472274852	-0.14706687464418056
0.3702961854117903	-0.1456423875781621
0.37140658901290036	-0.14278695888558274
0.37356127645602955	-0.137050876401913
0.3776044115421847	-0.125482581954114
0.37786547076564087	-0.12469425004005259
0.3781248841755503	-0.12390537501342393
0.3786387690423458	-0.12232600936876716
0.37964673977914015	-0.11916091206876693
0.381583241830551	-0.11280602618689214
0.38181783647639916	-0.11200941807933948
0.3820507680939575	-0.11121232210869297
0.3825116381932672	-0.10961668046740701
0.3834133778982209	-0.10641969572718497
0.38513663783337526	-0.10000370087348835
0.38534450634766176	-0.09919970472570683
0.3855506964730566	-0.09839527650823252
0.38595803797219636	-0.09678513788099508
0.38675254127886477	-0.0935598300785682
0.38826063780306475	-0.08708987956558392
0.3909517587336869	-0.07407896012382753
0.39109536328553707	-0.0733170294443545
0.3912374829027969	-0.0725548203903383
0.3915172651807523	-0.07102957873572864
0.39205898715681253	-0.0679758823375237
0.3930709475054939	-0.06185628680355666
0.393190731512967	-0.06109024997729565
0.39330902263002865	-0.06032398119986919
0.393541124402048	-0.05879075943005252
0.39398739387919807	-0.05572166054837394
0.39480810358673785	-0.04957349425080176
0.3949039506296127	-0.04880409580265769
0.3949982982772219	-0.04803451205216334
0.39518249395943805	-0.0464948003328252
0.39553287720038394	-0.04341328187981852
0.3956167193698133	-0.0426424828669366
0.39569905943769335	-0.04187152194649001
0.3958592320239751	-0.04032912609243112
0.3961615386043252	-0.0372425203315291
0.396233355527145	-0.03647050805362735
0.39630366800713396	-0.03569835730228915
0.39643977857646595	-0.03415365210681319
0.3966939350374633	-0.03106270906542765
0.39675370926257525	-0.030289671117040493
0.3968119770691457	-0.029516518162993357
0.396923992547444	-0.02796987898056072
0.39712993713053335	-0.024875349740037602
0.39717673160622435	-0.02411667183895397
0.3972220767033199	-0.02335790593123457
0.3973084181051205	-0.02184012117176337
0.3973494140947482	-0.021081107858716558
0.3973889600756271	-0.020322017616423726
0.3974637014391846	-0.01880361742466876
0.39749889654911685	-0.01804431301615745
0.39753264110480835	-0.017284942760281547
0.3975957780661999	-0.015766015791051555
0.39762517024150035	-0.015006464620570618
0.3976531114017617	-0.01424685868845114
0.39770464027461044	-0.012727493627311823
0.3977282277991586	-0.011967740042763814
0.3977503639325896	-0.011207942785500682
0.3977710485941243	-0.010448104628176998
0.3977902817082802	-0.009688228343596589
0.39780806320487155	-0.008928316704702417
0.3978243930190103	-0.008168372484566457
0.39783927109110545	-0.00740839845637958
0.39785269736686396	-0.006648397393441434
0.3978646717972907	-0.00588837206915032
0.3978751943386884	-0.005128325256993076
0.3978842649526583	-0.0043682597305349504
0.3978918836060998	-0.0036081782634094887
0.39789805027121083	-0.0028480836293084026
0.39790276492548815	-0.0020879786019714548
0.3979060275517269	-0.0013278659551763349
0.39790783813802116	-0.0005677484627285373
0.39790819667776367	0.0001923711015487608
0.39790710316964606	0.0009524899638248218
0.39790455761765886	0.0017126053502714697
0.3979005600310912	0.002472714487073212
0.3978951104245311	0.0032328146004373644
0.39788820881786524	0.003992902916604167
0.3978798552362791	0.004752976661856916
0.3978700497102565	0.0055130330625320755
0.39785879227557985	0.006273069345029402
0.39784608297332985	0.007033082735822072
0.39783192184988525	0.0077930704614668
0.3978163089569228	0.008553029748613947
0.39779924435141734	0.009312957824017667
0.3977807280956409	0.010072851914545995
0.39773934090885066	0.011592527049078878
0.3977164701288672	0.012352302547480083
0.3976921480006727	0.013112032969819446
0.3976391500599723	0.014631347496844535
0.39761047444086667	0.015390926057242842
0.39758034786034985	0.016150448453024702
0.39751574226012915	0.01766931366434797
0.39748126347618434	0.018428650937241612
0.39744533420234535	0.019187920960243483
0.39736912471473074	0.0207062481739051
0.3971993059843333	0.023741973708067212
0.3971492506658073	0.024565070437072428
0.39709748968595465	0.02538806166495795
0.3969888516387981	0.02703371347963391
0.3967511178804941	0.03032359560752714
0.39668742390588324	0.031145749387430935
0.39662202625338155	0.031967769403768186
0.39648612104549047	0.03361139402481289
0.39619387934326095	0.03689688280774103
0.3961165642193981	0.037717867662555
0.3960375478693507	0.03853869052812162
0.39587441285543234	0.040179836191269816
0.39552774353440506	0.043460028584579556
0.394752893547043	0.05001122900137026
0.394648403614891	0.050829199425218644
0.3945422187619541	0.051646951549776304
0.3943247661251572	0.05328178685377067
0.3938695423553118	0.056548683404724874
0.3928779327558312	0.06307059491946435
0.3927463828872973	0.06388465166951347
0.39261314626670385	0.06469843405021772
0.39234161506545845	0.0663251617247799
0.39177833730096884	0.06957517094250532
0.3905710582239273	0.07606062363557241
0.3904232313980829	0.07681582112214652
0.3902739443445078	0.07757073130872634
0.38997099179302774	0.07907967848918487
0.38934758889038795	0.08209400109162701
0.3880309242857495	0.08810772830993607
0.3878598038715998	0.088857990809351
0.3876872328172328	0.08960792096967377
0.3873377413750123	0.09110677305499662
0.3866213795703425	0.0941003658288093
0.38511929213652685	0.10007047923464277
0.38492504196361155	0.10081508845060067
0.38472935212682563	0.10155932060654788
0.38433365639463335	0.10304664260577563
0.383525021527933	0.10601663950526388
0.38183894935340057	0.11193742335198607
0.3781930365146063	0.12369719932905605
0.37793293290919855	0.12448963094427505
0.3776711689159989	0.12528151563424508
0.37714266437358634	0.12686363032478212
0.3760657817241755	0.13002114368892226
0.37383278954783095	0.13630853035990714
0.3690521339679414	0.14876657018194386
0.3687395043293371	0.1495397871368866
0.3684252546927966	0.15031234711273236
0.3677919009554395	0.1518554825535605
0.366505814728233	0.15493372054005786
0.3638564460523492	0.1610573086082855
0.35825156881967607	0.17316692359752622
0.3578944737135834	0.1739037540574318
0.35753586314052793	0.17463984813995984
0.35681410167393607	0.1761098147083591
0.3553524603803156	0.17904077438295105
0.35235705308518966	0.18486610595539513
0.3460806147697062	0.1963649104871153
0.3456758094556413	0.19707664688434734
0.3452695404132779	0.1977875487809949
0.34445261803106225	0.19920683703512204
0.3428012846347946	0.20203526732411134
0.3394290569540775	0.20765087354802098
0.33240958931413206	0.21871176219399047
0.3319891989805579	0.2193493600406395
0.33156758566639	0.21998614984892048
0.33072069631332285	0.22125729597014754
0.3290123104792614	0.22378978873730743
0.32553746422661906	0.22881505495682156
0.31835836445890164	0.23870258014743725
0.3178996312103852	0.23931317236268385
0.31743972688437316	0.2399228829969437
0.31651641178094536	0.24113965054155984
0.31465580347694205	0.24356250805136367
0.310879059744413	0.2483650140467056
0.3031066029032589	0.2577932451916393
0.3025693722257928	0.2584235766738016
0.3020308307321627	0.25905278859188197
0.30094982463453607	0.2603078428369622
0.29877218568157554	0.2628043969438958
0.29435493094068454	0.26774268359918896
0.2852768304380548	0.2773952054474048
0.2846988386155716	0.2779883833560951
0.2841196133971344	0.278580356940423
0.2829574728152008	0.2797606808828315
0.2806185016687295	0.2821067643839613
0.2758823686671631	0.28674010645284015
0.2661819637325428	0.29576702347198514
0.26560679489825906	0.29628364871161
0.265030623362401	0.2967991554403882
0.26387528089024087	0.29782680558520425
0.26155265948515544	0.2998685983997539
0.2568601631036677	0.30389772391439157
0.24729014383303977	0.3117347506342934
0.24668398584650994	0.3122146394980053
0.2460768965945693	0.31269334970922585
0.24485993346533855	0.3136472269498657
0.2424149330975679	0.3155407583835918
0.23748115397670702	0.3192705302652942
0.2274426725216393	0.3264977805532603
0.22682037794329918	0.3269303995342885
0.22619726048216532	0.3273618324428705
0.2249485659569376	0.32822113378621415
0.2224414019788491	0.3299254350238469
0.21738848465754035	0.3332764869118266
0.2071324141741053	0.3397456886972923
0.2064849230785766	0.34013959859332
0.20583668287535353	0.3405322744951816
0.20453796455554912	0.34131391862252486
0.20193164228181462	0.3428623365657999
0.19668398559778982	0.34589937814248667
0.18605290209264264	0.3517318404877445
0.1853255464745096	0.352115622791598
0.1845973992098457	0.35249790097949724
0.18313874218586546	0.3532579384820243
0.18021206546175567	0.35475989267672076
0.17432196251100981	0.35769096071371537
0.16240041161638857	0.3632589658863469
0.16164928229002432	0.3635938386786973
0.1608974624539276	0.3639271583241316
0.15939176410152803	0.36458913248558766
0.15637222278248497	0.36589438084241666
0.15030128495769174	0.36842976770350316
0.1380378122529949	0.3731977121826948
0.13731789829535584	0.37346320407469447
0.1365974737138793	0.37372730722409975
0.13515510339705045	0.37425134337196864
0.13226435327655486	0.37528270789143114
0.12645941766892857	0.37727839279877406
0.1147606496198169	0.3809999518226061
0.11402573346070878	0.38122054259803206
0.1132903932909051	0.38143971578479163
0.11181845185838223	0.381873806137558
0.10886960128302865	0.38272494027233833
0.10295264386187943	0.38435884679793647
0.09104664013189953	0.3873518804790845
0.09023670314542274	0.3875413621736852
0.08942637182746213	0.3877291503250266
0.08780454036328457	0.38809964272282305
0.08455630138003233	0.38882026938795217
0.0780423146387998	0.3901799163409223
0.07722649421131758	0.390342207020737
0.07641033630654533	0.39050279191769066
0.07477702233292452	0.390818841563469
0.07150650168477755	0.39143044108346436
0.06495069039871146	0.3925714938794223
0.06412989911337089	0.39270641200482004
0.06330882758243858	0.39283961401585715
0.06166585813723215	0.39310086737399774
0.05837671425431135	0.3936027556088258
0.057553781536413114	0.393723928941142
0.05673059731034502	0.3938433817125814
0.0550834887239365	0.3940771234923318
0.051786411805480395	0.39452393785713913
0.050961567805869024	0.3946313325076436
0.05013650110584914	0.394737002631947
0.0484857140276012	0.3949431674623885
0.045181626172124324	0.3953347829959223
0.03856420452468316	0.3960350642548826
0.037791069471940775	0.39610958718283695
0.03701779042317471	0.39618260080697193
0.035470812123867976	0.39632409903671495
0.03237525725169787	0.3965889719947807
0.03160105276038893	0.3966514130246175
0.030826727858993732	0.39671234268610567
0.02927772862809045	0.3968296669811501
0.026178415093292634	0.3970461693218987
0.02540332995746149	0.3970965132270276
0.024628148026844	0.3971453440678342
0.023077505596368085	0.39723846581800226
0.022302051004951706	0.3972827563725402
0.02152651143561058	0.39732553315311
0.019975189183678008	0.39740654474614134
0.019199412412118953	0.39744477924992294
0.018423562484677403	0.3974814993623776
0.016871654987355964	0.3975503958594158
0.016095603330738437	0.3975825719814817
0.015319490344740607	0.3976132331871865
0.013767092213777466	0.3976700103879697
0.012990812983943986	0.3976961261667088
0.012214484254971332	0.3977207265964091
0.011438108984919303	0.3977438115833352
0.010661690132025036	0.39776538103952597
0.009885230654692082	0.3977854348827947
0.009108733511478787	0.39780397303673004
0.008332201661086662	0.3978209954306956
0.0075556380623494615	0.3978365019998308
0.006779045674222269	0.39785049268505046
0.0060024274557698605	0.39786296743304567
0.0052257863661550824	0.3978739261962838
0.004449125364627927	0.3978833689330083
0.0036724474105146107	0.3978912956072394
0.0028957554632059457	0.39789770618877396
0.0021190524821457068	0.39790260065318556
0.0013423414268197136	0.3979059789818248
0.0005656252567449035	0.39790784116181915
-0.00021109306854229722	0.3979081871860731
-0.0009878105894976037	0.39790701705326814
-0.0017645243465797956	0.39790433076786297
-0.0025412313802616413	0.3979001283400931
-0.0033179287310415263	0.3978944097859711
-0.004094613439455086	0.39788717512728655
-0.004871282546086126	0.39787842439160576
-0.005647933091577548	0.3978681576122719
-0.006424562116642972	0.3978563748284046
-0.007201166662078382	0.3978430760849
-0.007977743768773025	0.39782826143243066
-0.008754290477720177	0.397811930927445
-0.009530803830029553	0.39779408463216753
-0.01108371862981929	0.3977538449485128
-0.011844895068940183	0.39773190524623037
-0.012606028127348805	0.3977085088916794
-0.014128152951912306	0.39765734657385365
-0.014889139143441109	0.3976295807979555
-0.01565007080502662	0.39760035874454164
-0.01717175939124071	0.39753754623859106
-0.017932510742841076	0.3975039560160986
-0.018693196418462035	0.39746890997617834
-0.020214359598283275	0.3973944509627957
-0.023255775282482044	0.3972280691315775
-0.024015923234872512	0.3971828362620511
-0.024775983231409716	0.39713614875116504
-0.026295828222690037	0.39703841049459354
-0.02933434027761453	0.39682548616547764
-0.030093706660535378	0.39676862125100093
-0.03085296282834543	0.3967103032121844
-0.03237113339625531	0.3965893086211887
-0.035406029628338796	0.39632989170127925
-0.03616443645472216	0.3962614080703582
-0.036922710832569844	0.3961914731727135
-0.03843885113474545	0.3960472506070853
-0.04146942019793065	0.39574140190083473
-0.04222668970561743	0.3956613156052738
-0.04298380456238861	0.3955797802407663
-0.04449755923233859	0.39541236350467734
-0.04752309079480823	0.3950601546996343
-0.048279045488214725	0.39496848451077393
-0.049034823364573675	0.3948753677903898
-0.05054583759497184	0.39468479612446855
-0.05356562250564337	0.3942863097744753
-0.05959559902793964	0.39342004850603585
-0.06041214370837357	0.39329549054438623
-0.06122842806839631	0.3931692378432776
-0.06286020175862618	0.39291165040611276
-0.06612047060425899	0.39237616308468826
-0.07262710784011583	0.39122407031875067
-0.07343906596660307	0.3910724658933987
-0.07425070763870445	0.39091917630776596
-0.07587302763143151	0.39060754430506156
-0.0791137163708064	0.3899640879260424
-0.0855785073550338	0.3885965633775922
-0.08638498331990337	0.3884180797115533
-0.08719108704546835	0.3882379223231808
-0.08880216388606056	0.38787258949188946
-0.09201969796822432	0.3871218738018137
-0.09843551189418473	0.385540425880504
-0.11118393989879378	0.38205902881436005
-0.1119239274600244	0.38184290546232985
-0.11266349491790477	0.38162534887356975
-0.11414135842141904	0.3811859392576066
-0.117091922153557	0.38028995747505073
-0.12297177688103177	0.3784295338378234
-0.1346414610744275	0.37443643913184255
-0.13536663670535565	0.37417488378707464
-0.13609130424137628	0.373911923987283
-0.13753910415053452	0.3733817949759455
-0.14042848727813728	0.37230472727426467
-0.1461817801035291	0.37008358131070074
-0.1575816458885188	0.3653751426534871
-0.15834839592212	0.3650434980915043
-0.15911444798518126	0.36471024448507283
-0.1606444446963108	0.3640389160216316
-0.16369591410893228	0.36267701566825494
-0.16976400474744646	0.3598765797910438
-0.18175481970812085	0.3539719699395124
-0.1824975757480646	0.35358959944555773
-0.18323952737233545	0.35320567039382833
-0.18472100429587474	0.35243314339306114
-0.1876741614972293	0.35086946161828114
-0.19354056159252653	0.3476679752413789
-0.20510793260559987	0.34097170846310293
-0.20581031257410284	0.34054821278071723
-0.20651181813528138	0.34012327024249756
-0.20791219411770584	0.3392690518263521
-0.2107023223065557	0.33754333257318964
-0.21623942102586893	0.3340231770167866
-0.2271357392508261	0.32671138018895407
-0.22780867883641018	0.32624251077503663
-0.2284806505522368	0.325772255284604
-0.22982167895896538	0.324827594071798
-0.23249199599478512	0.3229217270304855
-0.23778503703932183	0.319044269890871
-0.248175732796155	0.31103018445334535
-0.24877331394244304	0.3105524243345803
-0.24936997536065195	0.31007351608710215
-0.25056053019268487	0.30911226229244165
-0.25293050628951386	0.30717605534631237
-0.25762543470835775	0.3032492462996739
-0.26683132733736586	0.2951813218030065
-0.26739840026038014	0.29466772053989915
-0.26796448459738736	0.2941530298746677
-0.26909367914566856	0.29312038795320694
-0.2713401133708504	0.2910421152786734
-0.275784698491832	0.2868340462144616
-0.28447707495945207	0.2782153191549755
-0.285056497496576	0.27762161879971653
-0.28563468099057493	0.277026711718208
-0.2867873208019303	0.27583328772510635
-0.28907762169002105	0.2734320731516909
-0.29359775287476475	0.26857276387764856
-0.3023917616903571	0.25863138334663266
-0.30293031547160815	0.25800037588783187
-0.30346755251835883	0.2573682469896154
-0.30453806707335024	0.2561006358703902
-0.3066631930058709	0.253552077580592
-0.31084931682540523	0.24840223875635542
-0.31896100805147676	0.23789671147953337
-0.3194234507995212	0.237275428709583
-0.3198846833942794	0.23665324700863963
-0.3208035111389079	0.2354061962458489
-0.3226265682108985	0.2329014114908903
-0.3262139034639831	0.22784964159897575
-0.3331504392488	0.2175816049631085
-0.3335733133858062	0.21693274208105448
-0.3339949237619944	0.21628305733739314
-0.33483434684753516	0.21498123211381748
-0.33649795792939075	0.21236782783496316
-0.33976388840914723	0.20710255943152203
-0.3460478372750619	0.19642266749854218
-0.3464220122746004	0.19576199682677736
-0.34679492593057665	0.19510061337370627
-0.34753696378523524	0.19377571775878075
-0.3490058439368636	0.19111747928409942
-0.3518825240604833	0.18576775621946331
-0.3573892424649126	0.17493970207001755
-0.357722403978789	0.17425742934413632
-0.3580542630036915	0.17357452213638358
-0.35871406875804607	0.17220681422359094
-0.360017997551322	0.1694638941755053
-0.3625628600097634	0.16394859722343247
-0.3673985546795786	0.15280468582261228
-0.36771411081809835	0.1520437525689427
-0.3680280909605176	0.15128216766673977
-0.36865131788103095	0.1497570559759027
-0.36987880101148685	0.14669915661753313
-0.372257592102698	0.14055338883104843
-0.3767082266255831	0.12814789105794475
-0.37697271715552727	0.1273677373213854
-0.3772355920076534	0.12658703769591045
-0.37775649017873125	0.12502401416462622
-0.3787788492784626	0.12189156381503292
-0.3807455754679077	0.11560180254478032
-0.38436520926406187	0.10292888757479353
-0.38456333053476377	0.10218617713761777
-0.38476001666454	0.10144308535476167
-0.38514908057064456	0.09995576884591369
-0.38590995475459267	0.09697668179154624
-0.3873625314042776	0.09100131457325553
-0.3875376053449074	0.09025283615225264
-0.38771123304500016	0.08950402091926465
-0.38805414713714914	0.08800539119650787
-0.38872259228683426	0.08500421304732013
-0.38998981257199195	0.07898680953205539
-0.39014167193733096	0.07823327813619076
-0.3902920753440911	0.07747945478378696
-0.39058851204216555	0.0759709434631272
-0.39116388960307297	0.07295054119460338
-0.3922445429692777	0.06689684970768832
-0.39237304269060436	0.06613898517295035
-0.3925000781261632	0.06538087381602005
-0.39274975424912434	0.06386392195318887
-0.3932315145726563	0.06082718090529393
-0.3941245686897519	0.05474298443734714
-0.3942417042618228	0.053892936556881016
-0.39435700645277405	0.05304263805277115
-0.39458210855504106	0.05134130499167667
-0.3950102891648294	0.04793580544758228
-0.39511274315207245	0.0470838633592762
-0.3952133597075177	0.04623170231223171
-0.39540907865993297	0.04452673919448294
-0.3957784473680418	0.04111435988718197
-0.39586618927828043	0.04026077714455124
-0.39595209025289624	0.03940700717325354
-0.39611836780592735	0.03769892142699366
-0.3964288146814874	0.03428067794285143
-0.3965018184011276	0.03342570858770002
-0.39657297822921606	0.03257058378967575
-0.3967097648956282	0.03085988377239901
-0.39696119754398296	0.027436793443066886
-0.3970194413457852	0.026580691929880135
-0.39707583884888276	0.025724466805877116
-0.3971830939184673	0.024011661653132888
-0.39723395098617553	0.023155089589618236
-0.39728296075762365	0.0222984098457046
-0.39737543750867144	0.020584743252771476
-0.39741890405821734	0.019727764372985103
-0.3974605224513976	0.018870693751228403
-0.39753821400308825	0.017156293225092614
-0.39757428680030205	0.016298971293359735
-0.39760851071855846	0.015441573564911317
-0.3976714112901786	0.013726566667167397
-0.3977000876510296	0.012868965473337962
-0.3977269145478991	0.012011304433687867
-0.39775189185603144	0.011153587536682746
-0.3977750194592721	0.010295818771048694
-0.3977962972500685	0.009438002125752134
-0.3978157251294705	0.00858014158998232
-0.39783330300713066	0.007722241153132978
-0.39784903080130485	0.00686430480478303
-0.3978629084388525	0.006006336534678931
-0.3978749358552372	0.005148340332715054
-0.39788511299452656	0.004290320188915671
-0.39789343980939285	0.0034322800934170933
-0.39789991626111304	0.0025742240364475385
-0.39790454231956907	0.0017161560083096244
-0.3979073179632479	0.0008580799993619933
-0.3979082431792417	4.8729705636380504e-17