0.40551934874301804	-0.7023801154751493
0.40597043594633164	-0.7021194869517517
0.40642135564296666	-0.7018585687281866
0.40732269177205754	-0.7013358636113021
0.4091233457683999	-0.7002869817204342
0.41271653913112855	-0.6981753555858795
0.4198701356166137	-0.6938968497097621
0.43404352911989574	-0.6851204154373097
0.46413692833455183	-0.6651020076469569
0.491405087150787	-0.6452168698524342
0.5173126366264686	-0.6246370184406435
0.5444412019163565	-0.6011385418318466
0.5687985473642574	-0.5781452943129057
0.594098443724825	-0.5521148503559621
0.6177794922337828	-0.5254828901070092
0.6387946019287895	-0.49972514982386573
0.6603686342890508	-0.4708471468184336
0.6793326283641771	-0.44304734381289834
0.6967884791278284	-0.4150537123970506
0.7144232418663926	-0.38390519702259773
0.7296236421278888	-0.3541653705091452
0.7447020287980757	-0.32125170369023043
0.758061454781653	-0.2883168389015277
0.7692091520501044	-0.25710124313624977
0.7798470124342018	-0.22276087182738225
0.7799908658885436	-0.2222566488325727
0.7801343933291984	-0.22175233294089397
0.7804204699296223	-0.2207434233101252
0.7809887083357849	-0.21872449856348453
0.7821095127148086	-0.2146822743983545
0.7842883275383321	-0.20658070603754727
0.7883939772635525	-0.1903121263461754
0.7885271045907641	-0.18975978010514152
0.7886598449460567	-0.18920734073895593
0.7889241644805037	-0.18810218371561976
0.7894481570328172	-0.1858907640990644
0.7904775417345609	-0.18146356337604297
0.7924617973911917	-0.17259220288114838
0.7925825102494374	-0.17203701132763832
0.7927028341455623	-0.17148173534647573
0.7929423148154429	-0.17037093119124716
0.7934166060243765	-0.16814832174186248
0.7943464949485932	-0.16369915938308927
0.7961313976295393	-0.15478555012752956
0.7962376681335568	-0.15423794820043976
0.7963435619813657	-0.15369027331186733
0.7965542195081656	-0.15259470568660832
0.7969710124951314	-0.1504027062998892
0.7977864992213868	-0.14601530906014568
0.799344990232314	-0.13722738578850616
0.7994391837764516	-0.13667757776126443
0.7995329991499197	-0.1361277050793847
0.7997194952075115	-0.1350277667921995
0.8000879473339795	-0.13282712580924436
0.8008066819317243	-0.12842284451509287
0.8021713973112523	-0.11960275145479903
0.8022479734876462	-0.11908802565669808
0.8023242193822323	-0.11857325083060369
0.8024757202005561	-0.11754355494217619
0.8027747570834571	-0.11548358415568014
0.8033569649857123	-0.11136137404320445
0.8044578643769965	-0.10310825991087018
0.8045238566410092	-0.10259207043101588
0.8045895176862433	-0.10207583871447715
0.8047198460123829	-0.1010432494214846
0.8049765268590335	-0.09897757334777048
0.805473979457902	-0.09484427887910216
0.8064052031369078	-0.08657030191450256
0.8064652319840294	-0.0860092926420807
0.806524870541798	-0.08544824174540791
0.8066429766740153	-0.08432601616541316
0.8068745042089341	-0.08208107746266675
0.8073188141495223	-0.07758931073320938
0.8073725950093432	-0.07702766806625198
0.8074259851406917	-0.07646598812170648
0.8075315931148087	-0.07534251748717047
0.8077381191971668	-0.07309514084854928
0.808132406364832	-0.06859870700553765
0.8081799325744364	-0.06803650052600305
0.8082270676648573	-0.06747426112016149
0.8083201643970929	-0.06634968461795766
0.8085016634403559	-0.06410014847114674
0.8088458789868271	-0.05959960457815633
0.8094591436233233	-0.050593118350638955
0.8094918340136796	-0.05006734949061131
0.8095241829008643	-0.04954155950849458
0.8095878561112739	-0.04848991706527008
0.8097111039032123	-0.046386388474279686
0.8099412021082675	-0.04217840617259092
0.8099684268909132	-0.041652325981929555
0.8099953099693252	-0.04112622821925469
0.8100480509682276	-0.04007398086565867
0.8101494320258728	-0.037969285060445356
0.8103357880338523	-0.033759138783463365
0.8103575442685474	-0.033232804078120556
0.8103789586348507	-0.03270645535273762
0.8104207617262889	-0.03165371673006755
0.8105002651006228	-0.029548081014944622
0.8105192861433033	-0.02902164036707275
0.8105379652493571	-0.028495187475739217
0.8105742976202087	-0.027442245851078392
0.8106428587853288	-0.02533622545279895
0.8106591441224292	-0.024809693076214258
0.8106750874639009	-0.02428315023307694
0.8107059481331973	-0.023230034035686718
0.8107635652379628	-0.02112368581647647
0.8107771144297818	-0.02059707592747185
0.8107903215762035	-0.020070457349106247
0.8108157097107114	-0.019017195012961417
0.8108623811994693	-0.01691057584389719
0.8108729848390727	-0.016394245271394436
0.8108832596963337	-0.015877908051564096
0.8109028230472972	-0.014845214507354347
0.8109121115330675	-0.01432885860169822
0.8109210712206308	-0.01381249688616092
0.8109380041867382	-0.012779756862915851
0.8109459774584167	-0.012263378973950221
0.8109536219181566	-0.011746996112587508
0.8109679243895558	-0.01071421631017787
0.810974582395416	-0.010197819787889207
0.8109809115777392	-0.009681419130719817
0.8109925834616434	-0.008648606249274417
0.8109979261584916	-0.008132194443770084
0.811002940022338	-0.007615779340928203
0.8110076250511493	-0.007099361150138127
0.811011981243026	-0.006582940080790454
0.8110160085962018	-0.006066516342276958
0.8110197071090438	-0.0055500901439904885
0.8110230767800523	-0.005033661695324894
0.811026117607861	-0.004517231205674935
0.8110288295912371	-0.0040007988844362
0.8110312127290807	-0.0034843649410050224
0.8110332670204259	-0.0029679295847783913
0.8110349924644393	-0.0024514930251538667
0.8110363890604216	-0.0019350554715294992
0.8110374568078066	-0.0014186171333037429
0.811038195706161	-0.0009021782198753677
0.8110386057551855	-0.0003857389406433787
0.8110386869547138	0.00013070049499307176
0.8110384393047128	0.0006471398776347675
0.8110378628052831	0.0011635789978825142
0.8110369574566585	0.0016800176463372231
0.8110357232592058	0.0021964556135999976
0.8110341602134257	0.0027128926902722176
0.8110322683199518	0.0032293286669556227
0.8110300475795513	0.0037457633342523997
0.8110274979931247	0.0042621964827652655
0.8110246195617057	0.004778627903097553
0.8110214122864613	0.005295057385853297
0.811017876168692	0.005811484721637318
0.8110140112098315	0.006327909701055304
0.8110098174114473	0.006844332114713899
0.8110004433030419	0.007877168407184795
0.8109952629968217	0.008393581867215923
0.8109897538586792	0.008909991923925498
0.8109777490956963	0.009942800989832235
0.8109712534757233	0.010459199580259268
0.8109644290335632	0.010975593929824659
0.8109497936938833	0.012008369068848578
0.8109419828022977	0.01252474943955073
0.8109338431003932	0.013041124731878672
0.8109165772789627	0.014073859243921214
0.8108781000664249	0.01613925811524295
0.8108667576960917	0.016699403680172697
0.8108550283834838	0.017259541276215838
0.8108304089540174	0.018379791492464825
0.8107765270464365	0.020620184537598504
0.8107620893049673	0.021180258867394563
0.8107472646711708	0.021740323090058394
0.8107164547550776	0.02286042014495296
0.8106501925386005	0.025100481210039233
0.8106326598669307	0.025660467199774117
0.8106147403646967	0.02622044094443982
0.8105777409029258	0.02734035062970101
0.8104991004012309	0.0295800113022452
0.8103232552487512	0.034058638007308156
0.8102995344175519	0.034618396013452284
0.8102754269147546	0.03517813749984053
0.8102260519405666	0.036297569844932036
0.810122662451553	0.03853622454590971
0.8098973281358326	0.043012634170498644
0.8098674220428621	0.043572095812506824
0.8098371294844959	0.044131536662090465
0.8097753850295826	0.04525035491614275
0.8096472591834036	0.04748773016946725
0.8093724632314867	0.0519613758713265
0.8093387983665852	0.052483123748282255
0.8093047971660273	0.05300484981490848
0.8092357858146013	0.05404823564993005
0.8090937277149484	0.05613473605687049
0.80879347328134	0.06030660326491561
0.808754428819772	0.0608279761643432
0.8087150482653931	0.06134932378558403
0.8086352789438037	0.06239194232689356
0.808471707916325	0.06447686653913949
0.8081284401776787	0.0686454149658785
0.8080840202731728	0.06916635742174128
0.8080392645544567	0.06968727113424927
0.8079487457489295	0.07072901146331176
0.8077636791950601	0.07281213767707764
0.8073774346697696	0.07697692385323927
0.8065405366530182	0.08530024358292877
0.8064807425144893	0.08586373374786177
0.8064205546931726	0.08642718199849692
0.8062989981198914	0.08755395165670739
0.806051162085499	0.08980697590088602
0.8055366053048624	0.0943109025180231
0.804432010192479	0.10330977590495906
0.8043596337301203	0.1038717884961659
0.8042868646203912	0.10443375038246061
0.804140148601102	0.10555752094305364
0.8038420063698937	0.10780444153683752
0.8032268893514354	0.11229573920083817
0.801921393379481	0.12126766947606973
0.8018380246087831	0.12181769621582221
0.8017542785824331	0.12236766564173696
0.8015856549205611	0.12346743151706314
0.8012438822745525	0.1256662641182935
0.800542244757876	0.13006107479898196
0.7990666757236985	0.13883881506165052
0.795826998902496	0.1563430735200392
0.795726811798389	0.15685219094745506
0.7956262989946918	0.15736124417357278
0.7954242964532245	0.15837915718849604
0.7950163847943413	0.1604142036366522
0.7941849445674414	0.1644811315691124
0.7924596734234789	0.17260195484813823
0.7887602125235464	0.1887884953053426
0.7886290403485189	0.1893356953636048
0.7884974885551219	0.18988280428230173
0.7882332463667006	0.19097674764760741
0.78770020936794	0.19316352911859183
0.7866159393128507	0.19753261208926273
0.7843747328644287	0.20625238729212733
0.779602636884298	0.22361461799912571
0.7696668296742002	0.2557278633999652
0.7586431995782437	0.2867826085269656
0.745265253330967	0.31994291834228034
0.7314765376270345	0.35032248532032784
0.7151313942691471	0.38258444525426183
0.6985841565692483	0.4120242043985736
0.6811852290449262	0.44019365346499156
0.6610300574222913	0.4699181120196665
0.6410489034658942	0.4968300234335888
0.6181609870216732	0.5250340588421254
0.5944837765148768	0.5516999259384177
0.5713598021316492	0.5756142330831719
0.5452015434739031	0.6004490368162141
0.5198059141712256	0.6225637159459761
0.49403937640585627	0.6432020393160754
0.46515964549109995	0.6643871409249579
0.4373918097089997	0.6829876818942869
0.43690074727817674	0.6833019141255323
0.4364094590958672	0.6836157932870613
0.43542620649232144	0.6842424917524136
0.43345700344477	0.6854916447226226
0.4295078630072185	0.6879729387372864
0.4215671024650497	0.6928671928581032
0.421068942471475	0.693170047323021
0.42057056490688377	0.6934725436192484
0.41957315809483275	0.6940764610806032
0.4175757449568074	0.6952799911140927
0.4135705784593101	0.6976697968614358
0.41306896829417916	0.6979669019747484
0.41256714469170747	0.698263646440782
0.4115628582120436	0.6988560528178739
0.4095517354211059	0.7000365310706335
0.40904842502374833	0.700330746722887
0.4085449032665096	0.7006246005064366
0.4075372267131989	0.7012112218602611
0.40703307243780495	0.701503989127422
0.40652870784388456	0.7017963939196518
0.4060241331920493	0.7020884360858614
0.40551934874301804	0.7023801154751493