0.17545990358920552	-0.3039054677076407
0.17565507976871228	-0.3037926990919638
0.17585018347151538	-0.30367980512896725
0.1762401731250349	-0.3034536413473908
0.17701927917157761	-0.30299981166942697
0.1785739802307403	-0.3020861543577996
0.1816691946848716	-0.3002349326322361
0.18780173130815786	-0.29643754955773
0.20082252782808208	-0.2877759951539953
0.212620900783114	-0.27917210394362535
0.22383056598731696	-0.2702676244020554
0.235568539687047	-0.26010031560889213
0.24610746340850417	-0.25015160907890427
0.2570542095748757	-0.23888876995365235
0.267300513484054	-0.2273656670680387
0.27639332035611064	-0.21622082122833952
0.2857279615999756	-0.20372590171614413
0.2939332928188234	-0.19169749722627302
0.3014860813640594	-0.17958522715935438
0.3091162814507335	-0.16610790352118732
0.3156931828308193	-0.15324009065606833
0.3222172914328686	-0.13899902219727645
0.3279976410076827	-0.12474878181180139
0.3328210209377083	-0.1112424338645764
0.3374238049064013	-0.09638405963965194
0.3374860473451604	-0.09616589269316474
0.3375481487244849	-0.09594768555210786
0.3376719282010625	-0.09551115105111889
0.3379177933028635	-0.09463760372841415
0.338402742366072	-0.09288861625223548
0.3393454708451425	-0.08938323381385171
0.3411219012600935	-0.08234415310653302
0.34117950272367364	-0.08210516421857966
0.34123693675244243	-0.08186613503728347
0.3413513023928849	-0.08138795626389927
0.3415780232213617	-0.08043112035972157
0.34202341686554666	-0.0785155614241511
0.3428819635841877	-0.07467710572046111
0.3429341935617102	-0.07443688572416657
0.3429862552433019	-0.07419662919775867
0.343089873616578	-0.07371600702624694
0.3432950896933217	-0.07275432951094635
0.3436974335555751	-0.0708292682260956
0.34446972433106005	-0.06697253235033482
0.34451570539817084	-0.06673559622970267
0.3445615234938667	-0.06649862854013369
0.3446526706843947	-0.0660245989025856
0.3448330084599814	-0.06507616573348159
0.3451858528379637	-0.06317782894861762
0.3458601799283222	-0.05937547481984251
0.3459009355426334	-0.05913758416492944
0.3459415275302536	-0.05889966553528078
0.3460222205486909	-0.05842374480197467
0.3461816422255793	-0.05747157259144852
0.34649262394227776	-0.0555659304225929
0.3470831082919418	-0.0517496570861813
0.34711624123262375	-0.051526945792158926
0.3471492312671427	-0.05130421328472952
0.34721478256342286	-0.05085868499645003
0.34734416968836784	-0.049967377894296866
0.3475960791045652	-0.04818378213949163
0.3480724156878993	-0.04461282895449884
0.34810096918680683	-0.044389484355406995
0.3481293793741433	-0.04416612148136821
0.3481857697673767	-0.04371934127628721
0.34829683030430575	-0.04282556561339007
0.3485120678393536	-0.04103717388503896
0.34891498922262376	-0.0374571937804942
0.3489409624733729	-0.03721445657656816
0.3489667668539252	-0.0369717013626826
0.34901786895456816	-0.03648613737496767
0.34911804616949277	-0.03551479844978811
0.3493102899664435	-0.03357130312770611
0.34933355984125547	-0.03332829186695767
0.3493566606558728	-0.03308526447696154
0.3494023550598864	-0.03259916177968701
0.34949171465915463	-0.03162676800966497
0.3496623146284026	-0.029681253323286777
0.34968287824437067	-0.02943799811240193
0.34970327263109113	-0.029194728654979497
0.34974355367739174	-0.0287081474714503
0.3498220845902352	-0.02773481932653358
0.3499710195961356	-0.025787526305840986
0.3502363666241573	-0.021890604469543738
0.35025051108547095	-0.021663115069157277
0.35026450778536755	-0.021435616529676158
0.3502920578773529	-0.020980592417336158
0.3503453846686839	-0.02007043874670032
0.35044494344189697	-0.01824973112510843
0.3504567230468728	-0.01802210701834323
0.3504683548034363	-0.017794475308528252
0.3504911747517601	-0.01733918946387931
0.3505350402557251	-0.01642853076359284
0.35061567267756816	-0.014606886834282223
0.3506250861540247	-0.014379152604235347
0.350634351711041	-0.014151412308004705
0.35065243905117954	-0.013695913901305059
0.3506868385303632	-0.012784848521281516
0.35069506854534327	-0.012557068452075564
0.35070315061135937	-0.012329283085374907
0.3507188708829236	-0.011873696843878135
0.3507485358926432	-0.010962465019343962
0.35075558222393766	-0.010734645261005643
0.3507624805807391	-0.010506820974004714
0.350775833359284	-0.010051159198469026
0.3508007630985889	-0.009139785532542837
0.35080662555594794	-0.008911932236170468
0.35081234001728	-0.008684075180089852
0.3508233249422827	-0.00822835017331286
0.35084351873807373	-0.007316859272942978
0.3508481067154126	-0.007093453625956443
0.3508525524353764	-0.00687004510280762
0.35086101709602596	-0.006423219790363494
0.3508650360332796	-0.006199803182241166
0.35086891270629395	-0.005976384060302434
0.35087623925337463	-0.005529538637333172
0.3508796891244703	-0.0053061125174837746
0.35088299672538537	-0.005082684246180161
0.35088918511136635	-0.0046358216115823985
0.3508920658939232	-0.004412387429476359
0.35089480440128096	-0.00418895145829225
0.35089985458601536	-0.00374207451107428
0.3509021662613443	-0.0035186337162343324
0.35090433565737883	-0.003295191494704068
0.3509063627732392	-0.0030717479370819638
0.35090824760810363	-0.0028483031339670366
0.35090999016120783	-0.0026248571759588117
0.35091159043184517	-0.0024014101536572797
0.3509130484193669	-0.0021779621576628635
0.3509143641231818	-0.0019545132785763805
0.3509155375427564	-0.0017310636069990065
0.3509165686776149	-0.001507613233532239
0.35091745752733927	-0.00128416224877786
0.35091820409156904	-0.0010607107433378987
0.35091880837000156	-0.0008372588078145958
0.3509192703623918	-0.0006138065328103667
0.3509195900685524	-0.000390354008927764
0.35091976748835374	-0.00016690132676944137
0.35091980262172395	0.00005655142306188331
0.3509196954686487	0.00028000414996346475
0.35091944602917147	0.000503456763332567
0.35091905430339343	0.0007269091725665
0.35091852029147336	0.0009503612870626566
0.3509178439936278	0.0011738130162185492
0.350917025410131	0.0013972642694318462
0.3509160645413148	0.0016207149561004094
0.3509149613875689	0.0018441649856223298
0.35091371594934045	0.002067614267395965
0.3509123282271346	0.002291062710819976
0.3509107982215139	0.0025145102252933644
0.35090912593309875	0.002737956720215507
0.35090731136256725	0.0029614021049861935
0.3509032553781558	0.0034082891816746546
0.3509010139659204	0.0036317306923944067
0.35089863027485774	0.0038551707305667362
0.3508934360601745	0.0043020460268793975
0.3508906255386599	0.004525481103826484
0.35088767274253024	0.004748914345839733
0.3508813403312725	0.005195774962686157
0.3508779607187119	0.005419202156332039
0.35087443883667147	0.005642627152669573
0.35086696826992053	0.006089470191054556
0.35085031996935684	0.006983125914162899
0.35084541235838507	0.007225489409574747
0.35084033732542863	0.007467849457012832
0.3508296850033286	0.007952558745356544
0.35080637140722365	0.008921930857734326
0.3508001244926582	0.009164263531165109
0.35079371017771926	0.00940659183144711
0.3507803793590442	0.009891234850014636
0.35075170905724307	0.01086046332143597
0.35074412302986757	0.011102757771934443
0.35073636962884225	0.011345046924242671
0.3507203607207216	0.011829608871813438
0.35068633458882836	0.012798664101595258
0.3506102499985459	0.014736474004669375
0.35059998648148266	0.014978669811344866
0.350589555659551	0.015220858470260864
0.3505681921210723	0.015705213882532116
0.350523457610054	0.016673833849053077
0.3504259600740321	0.018610684466886115
0.35041302032108174	0.01885275204287944
0.3503999133524824	0.01909481062241719
0.35037319779343484	0.019578900330092915
0.35031776036809986	0.02054696670586027
0.3501988617967259	0.02248262143102584
0.35018429570026643	0.022708371034521436
0.35016958407826787	0.022934111201134855
0.35013972428216866	0.02338556284847719
0.3500782586565544	0.024288348773181877
0.34994834472239456	0.026093430134600314
0.34993145098481176	0.026319017493011566
0.3499144118267641	0.026544593914069953
0.3498798972776585	0.026995713569162954
0.349809123449479	0.027897817506756562
0.3496605985405816	0.02970146289958359
0.34964137895910863	0.029926864013894244
0.3496220140777156	0.03015225269154491
0.34958284844741944	0.030602992362213796
0.34950277394591867	0.03150431834274829
0.34933565386304377	0.03330633588692732
0.34897354525888374	0.036907665593734804
0.34894767356172796	0.03715147622895868
0.3489216315261058	0.037395268728725686
0.34886903649039497	0.03788279884586971
0.3487618029222922	0.03885763621896443
0.3485391647586595	0.04080639287500385
0.34806122911261783	0.044700020791347356
0.34802991330204813	0.044943192110730106
0.3479984276010158	0.04518634149113751
0.3479349465891251	0.045672573960264376
0.34780594656161506	0.04664477040904039
0.3475397980459171	0.04858806277612142
0.3469749367191142	0.05247003296072733
0.3469388647622166	0.052708018248057265
0.34690262957453716	0.052945978736865316
0.3468296695751028	0.0534218248710968
0.34668179156212026	0.05437321463194683
0.3463782074016795	0.0562747590606322
0.3457397589496426	0.06007270721031449
0.3443380172461447	0.0676464407720532
0.3442946683413835	0.06786672543912732
0.3442511785130909	0.06808698232761672
0.3441637761571725	0.06852741240823863
0.3439872811500602	0.06940793526047698
0.3436275340196107	0.07116761155001924
0.34288104458692836	0.07468132519653087
0.34128036374433424	0.08168490921013524
0.3412236082349972	0.0819216714503694
0.3411666884725791	0.08215839425638324
0.34105235629817526	0.08263172110996878
0.3408217221232539	0.08357789659397197
0.34035258071256574	0.08546830917029755
0.33938285665727086	0.08924117702766758
0.3373180686189502	0.09675345809486274
0.33301904865709514	0.11064820062547993
0.3282493500475589	0.12408495180112811
0.3224609871345571	0.13843273762495678
0.31649489270397013	0.1515773530658046
0.3094226844687372	0.1655364413242396
0.3022630341573736	0.17827442119415654
0.2947348751301018	0.19046276395184553
0.2860141458216405	0.20332392741645172
0.2773687103876527	0.21496815942837577
0.26746557845298957	0.2271714669868134
0.2572209351686157	0.2387092406697234
0.24721566580611343	0.2490564708056652
0.23589752388174826	0.25980198093277335
0.2249093560351413	0.2693705489432562
0.21376070370535	0.27830032810172306
0.20126503656223543	0.28746668698778854
0.18925046363418577	0.2955147595034449
0.1890379909937666	0.2956507213439091
0.18882542067531016	0.2957865304183497
0.18839998744368575	0.2960576899885429
0.187547953680212	0.2965981728542814
0.1858392416234856	0.29767177787445837
0.1824034374294992	0.29978942123436564
0.18218789381927308	0.29992046014873747
0.18197225607053122	0.30005134409086415
0.18154069860323863	0.30031264678794534
0.18067645891230383	0.3008333895448504
0.1789435055287282	0.30186740946850016
0.17872646910004472	0.30199596075637153
0.17850934032140223	0.30212435599956344
0.17807480616305943	0.30238067808661645
0.17720463458654212	0.3028914468108719
0.17698686250225187	0.30301874788821587
0.17676899896687673	0.3031458923923949
0.17633299799320915	0.30339971141855104
0.17611486078020339	0.3035263858093769
0.1758966325666856	0.3036529033647357
0.1756783134654171	0.30377926401925426
0.17545990358920552	0.3039054677076407