0.5213887894838185	-0.903071873882807
0.5219687662755951	-0.9027367757161215
0.5225485276988459	-0.9024013050729561
0.5237074034830012	-0.901729246911011
0.5260225601095402	-0.9003806669700384
0.5306424401314959	-0.8976656838316245
0.5398400407480485	-0.8921646762805348
0.5580632118605003	-0.8808805428465022
0.5967552275105993	-0.8551422557892803
0.6318147440557865	-0.8295753180943409
0.6651248830207657	-0.8031151655797683
0.7000049198445842	-0.7729024462317241
0.7313219134664302	-0.7433393155762752
0.7638507739964904	-0.7098711673695225
0.7942982316925656	-0.6756296310314323
0.8213180092659726	-0.64251210638632
0.8490564110252673	-0.6053827632948418
0.8734390057035654	-0.5696396953453764
0.8958825338047064	-0.5336474162040562
0.9185560945746045	-0.49359880502028786
0.9380997200922945	-0.45536138874564763
0.9574864689557124	-0.41304326766614596
0.9746630968117364	-0.3706978917001845
0.9889960365403737	-0.3305630331798124
1.0026734631922825	-0.2864105539389225
1.0028584200350443	-0.2857622588138969
1.003042957711909	-0.2851138442484887
1.0034107752595969	-0.28381665788064797
1.0041413769821674	-0.28122086378852196
1.005582429894288	-0.2760236509531488
1.008383799611584	-0.26560721352875716
1.0136625606544605	-0.2446901966263634
1.0138337265832804	-0.2439800279528309
1.014004394970316	-0.24326973954540587
1.0143442387842532	-0.24184880492324082
1.0150179522418137	-0.23900551421346203
1.016341464042715	-0.23331332509120925
1.0188926830117828	-0.22190714207221146
1.019047887273259	-0.22119331509228188
1.019202591434086	-0.22047937956110386
1.0195104991503539	-0.21905118424651915
1.0201203100510057	-0.21619350642201576
1.0213158970484069	-0.21047308054431543
1.0236108017207721	-0.19901257698488317
1.0237474369999993	-0.19830850822276522
1.0238835880006705	-0.19760434565180876
1.0241544369089515	-0.19619574041582674
1.0246903205643505	-0.19337741889717827
1.0257388171117048	-0.1877364063464697
1.0277426172857962	-0.17643750115025816
1.0278637248435671	-0.17573059593683096
1.0279843461755926	-0.17502360759493268
1.0282241299344015	-0.17360938286351096
1.0286978602478805	-0.17077995057686915
1.029621959586272	-0.16511722967434794
1.0313766164279927	-0.15377696278425815
1.0314750727902775	-0.15311516387966873
1.0315731044990097	-0.15245330193826925
1.0317678937945551	-0.1511293900350079
1.0321523747789276	-0.14848082177785218
1.032900937515393	-0.14318076853204845
1.0343163979681294	-0.13256948401438548
1.0344012462663807	-0.1319058032088216
1.0344856687063875	-0.13124206809824404
1.0346532358728173	-0.12991443605509703
1.034983258389212	-0.12725853233341786
1.0356228486064323	-0.12194422758746892
1.036820151739416	-0.11130611908004136
1.0368973326878268	-0.11058481207867657
1.036974011829125	-0.10986345155972285
1.0371258645421912	-0.10842057136548572
1.037423546666454	-0.10553418412818506
1.037994809721588	-0.0997589804912321
1.0380639574391664	-0.0990368591148907
1.0381326027850433	-0.09831468980959943
1.0382683862290523	-0.09687020881016736
1.038533923211224	-0.09398068704318635
1.0390408704375285	-0.08819948275375164
1.0391019763575573	-0.08747663646611306
1.0391625794035348	-0.08675374784410157
1.0392822767562646	-0.08530784499634976
1.0395156356989457	-0.08241554668278861
1.0399582042906848	-0.07662905797476871
1.0407466976324873	-0.06504913961520407
1.0407887286801019	-0.06437314230378646
1.0408303206465088	-0.06369711783504456
1.0409121872656997	-0.062344988566386414
1.0410706507699554	-0.05964041669059138
1.0413664951605326	-0.05423008348393298
1.0414014989069915	-0.053553685885074705
1.0414360633137314	-0.05287726569333431
1.0415038740499125	-0.051524358672671654
1.0416342228164657	-0.04881828607339044
1.0418738265091494	-0.043405170576658575
1.041901799174095	-0.04272844574038963
1.0419293322882586	-0.04205170287812075
1.0419830798179615	-0.040698164217590295
1.0420852997693208	-0.03799088314702031
1.0421097557131584	-0.03731402209715969
1.042133772018482	-0.03663714530550113
1.0421804856732462	-0.03528334563902224
1.042268636887235	-0.03257556996940063
1.0422895754496573	-0.03189859098109222
1.042310074297705	-0.031221598535612856
1.0423497528162686	-0.0298675744155676
1.0424238329128175	-0.027159377256419506
1.042441253528487	-0.0264822986079915
1.0424582343657924	-0.025805208787382888
1.0424908766768421	-0.02445099677221352
1.0425508836557997	-0.02174245124444426
1.0425645170837339	-0.02107858903169126
1.0425777277860246	-0.02041471827226324
1.0426028809924222	-0.019086952190096623
1.0426148234863302	-0.018423057405723517
1.0426263432341973	-0.017759155151406195
1.0426481144732973	-0.016431329309703972
1.0426583659557025	-0.015767406260708803
1.042668194674412	-0.01510347681854866
1.0426865838049741	-0.013775599831542206
1.0426951442093704	-0.013111652825106363
1.0427032818351587	-0.01244770050232627
1.0427182887378839	-0.011119780984578763
1.042725158008736	-0.010455814328039065
1.0427316044888104	-0.009791843432010333
1.0427376281754932	-0.009127868565710942
1.0427432290663419	-0.008463889998360874
1.0427484071590856	-0.007799907999181616
1.0427531624516249	-0.007135922837396043
1.0427574949420313	-0.006471934782228314
1.0427614046285485	-0.005807944102903758
1.042764891509591	-0.005143951068648773
1.0427679555837452	-0.004479955948690708
1.0427705968497687	-0.0038159590122577606
1.0427728153065903	-0.0031519605285788613
1.0427746109533107	-0.0024879607668835705
1.0427759837892017	-0.0018239599964019672
1.0427769338137067	-0.0011599584863645376
1.0427774610264406	-0.0004959565060020691
1.0427775654271898	0.00016804567545446094
1.0427772470159113	0.0008320477887739931
1.042776505792735	0.001496049564725496
1.0427753417579608	0.0021600507340780745
1.042773754912061	0.0028240510276010796
1.0427717452556793	0.0034880501760642187
1.0427693127896298	0.004152047910237661
1.0427664575148994	0.004816043960892152
1.0427631794326457	0.005480038058799117
1.0427594785441978	0.006144029934730774
1.0427553548510562	0.006808019319460244
1.0427508083548929	0.007472005943761658
1.0427458390575512	0.00813598953841026
1.0427404469610468	0.008799969834182528
1.0427283943794643	0.010127919452210778
1.0427217338992734	0.010791888236026835
1.0427146506296932	0.011455852644086936
1.0426992157340238	0.01278376725607818
1.0426908641141932	0.013447716921583596
1.0426820897174898	0.014111661134481816
1.0426632726078673	0.015439532125628782
1.0426532299025777	0.016103458365469482
1.0426427644356748	0.01676737807588713
1.0426205652341745	0.018095196831665536
1.0425710938900081	0.02075074414564121
1.0425565106530892	0.02147094065152613
1.0425414299125002	0.022191126911566668
1.0425097759493367	0.023631467319439995
1.042440498311523	0.026512010063925565
1.0424219352600412	0.027232114980592276
1.0424028747691088	0.027952206902205963
1.0423632615055105	0.029392350385781044
1.0422780661210127	0.032272466293235075
1.0422555238218925	0.03299245762834839
1.0422324841627324	0.03371243321959692
1.042184912808507	0.03515233579622974
1.042083802279231	0.03803193690658844
1.041857712719085	0.04379024600710551
1.0418272141115514	0.044509944216653365
1.0417962183483656	0.045229621186239306
1.041732735414438	0.046668910031828194
1.0415998043454535	0.04954721773337927
1.0413100850349772	0.05530267626484676
1.0412716338447678	0.05602199342984379
1.0412326857640268	0.05674128386137647
1.0411532990055297	0.058179783151091964
1.040988563635817	0.061056445827158655
1.0406352499673839	0.06680835069754751
1.0405919660076577	0.06747917810646137
1.0405482496107588	0.06814997747315887
1.0404595195782902	0.06949149096486455
1.040276871078671	0.07217416917690116
1.039890824651635	0.07753806808883276
1.0398406239778175	0.07820841337752202
1.0397899911790607	0.07887872616526345
1.039687429291076	0.08021925312367316
1.0394771209536906	0.08289990477336125
1.0390357709878346	0.08825953662535324
1.038978658940503	0.08892932847941629
1.038921115126438	0.08959908337725761
1.0388047322939402	0.09093848119097467
1.0385667864923527	0.09361682109831579
1.0380701799405072	0.09897161570818763
1.03699415423365	0.10967316573730769
1.036917275057348	0.11039766249903098
1.0368398897108901	0.11112210537024303
1.036683600658855	0.11257082802661558
1.036364950191589	0.11546761109502204
1.0357033685979895	0.12125844907627259
1.0342831564421444	0.13282857937085935
1.0341900997823	0.13355117637026837
1.0340965382835672	0.13427370817680104
1.0339079009523715	0.13571857480045615
1.0335245702493963	0.13860751021646178
1.032733695242719	0.1443821107614256
1.0310551786279063	0.15591759946260866
1.0309479888166933	0.15662478588148657
1.0308403139562012	0.15733189861018776
1.0306235092902483	0.1587459016663411
1.0301840816113137	0.16157300886057652
1.029281964519712	0.16722355310197298
1.0273847797000126	0.17850936568808556
1.0232194268472785	0.20101513306199886
1.0230906131837771	0.20166972111065368
1.022961380758223	0.20232422661371055
1.0227016598327117	0.20363298891147946
1.022177195175968	0.2062495111746869
1.0211081867186025	0.21147848640902797
1.018889952160695	0.2219196804782818
1.0141334406740363	0.2427312169957683
1.013964788544949	0.24343476906268482
1.013795648328764	0.2441382039486388
1.0134559039610078	0.24554472082328008
1.0127705617784577	0.24835633350601977
1.0113764821784363	0.25397379883361393
1.0084948936161442	0.2651850839466054
1.0023592619771278	0.28750824184060103
0.9895844868403183	0.328797236306192
0.9754110641189021	0.368725284177851
0.9582106241860906	0.41136052179871196
0.9404820452374055	0.45042047220755044
0.9194665880570653	0.49190067355544953
0.8981912919204101	0.529752283917635
0.8758209517915307	0.5659706172590441
0.8499068232382624	0.6041882744729915
0.824216434589464	0.6387897526966426
0.7947887313598914	0.6750525547695827
0.7643462083020944	0.7093376861917159
0.7346149980673732	0.7400850517420813
0.7009825145401575	0.7720159282725738
0.6683305672006636	0.8004494563324066
0.6352017313601117	0.8269847880552111
0.5980701666420855	0.8542231294985603
0.5623681999421205	0.8781384212591231
0.5617368257619207	0.8785424393736068
0.5611051613260409	0.8789460035354183
0.559840962992944	0.879751769167155
0.5573090976296926	0.8813578438391434
0.5522315654265586	0.8845481204231562
0.5420218835963435	0.8908408145680562
0.5413813838598347	0.8912302039358946
0.5407406043855294	0.8916191327951517
0.5394582075480662	0.8923956081843039
0.5368900715975568	0.8939430240331742
0.5317405049534887	0.8970156713176279
0.5310955692245252	0.8973976685659951
0.5304503590725604	0.8977792021189831
0.5291591168333183	0.8985408773504902
0.5265733539573407	0.9000586548107423
0.525926232187131	0.9004369369895118
0.5252788386649742	0.9008147539024779
0.5239832377030216	0.9015689911503527
0.5233350309326774	0.9019454110955383
0.5226865537492883	0.9023213649954755
0.5220378064879306	0.9026968526559046
0.5213887894838185	0.903071873882807