1.2565711029383477	-2.1764449936120793
1.2579688738371868	-2.1756373915281886
1.2593661256879152	-2.1748288917587493
1.2621590699391834	-2.1732092004979724
1.2677387045120043	-2.169959060452755
1.2788728290879832	-2.1634158254897
1.3010394720696439	-2.150158142806134
1.3449581574838005	-2.1229628592079894
1.4382077051552924	-2.06093239670561
1.5227027619387072	-1.9993148940932275
1.6029817378248055	-1.9355447024439778
1.6870442401767018	-1.8627306511262962
1.762519643579746	-1.791482138608785
1.8409157022944953	-1.7108223531402509
1.9142954838903046	-1.6282986664970172
1.9794143978204988	-1.5484839000324457
2.0462652292833905	-1.4590004655189712
2.105028410436058	-1.3728580182290606
2.1591183514334444	-1.2861149604378705
2.2137626818042166	-1.1895959547719486
2.2608637234213376	-1.0974420126258093
2.307586685044297	-0.9954533831199993
2.3489831527956917	-0.8933990680769663
2.383526200606507	-0.7966722023398891
2.4164894315773195	-0.6902626848047804
2.4169351861247756	-0.6887002635622955
2.417379930463029	-0.6871375544629631
2.418266387768787	-0.6840112753065433
2.4200271717189907	-0.6777552914589181
2.4235001759026216	-0.6652297680942603
2.430251606517165	-0.6401256720203605
2.4429736648344567	-0.5897146936308133
2.4433861826413237	-0.5880031542740571
2.4437975013494726	-0.5862913263530809
2.444616540662782	-0.5828668081789466
2.4462402212625687	-0.5760143460331874
2.4494299459305218	-0.5622959069187522
2.45557850166946	-0.5348064781746317
2.455952551119615	-0.5330861221302194
2.4563253953040713	-0.5313655044722767
2.457067467144582	-0.5279234876935197
2.458537139625984	-0.5210363519357032
2.4614185595994944	-0.5072498609343618
2.466949386025869	-0.4796295171748387
2.4672786833697735	-0.47793267888678337
2.467606813579955	-0.47623561451508745
2.4682595719788174	-0.4728408107320314
2.469551076379167	-0.4660485254920111
2.4720780015634243	-0.4524534242825078
2.4769072526819973	-0.42522254005414634
2.477199127498855	-0.4235188657872169
2.4774898304891737	-0.4218149911768265
2.4780677204406842	-0.41840664414979395
2.4792094324116936	-0.4115875814449077
2.4814365545675354	-0.3979401621032727
2.4856653587293245	-0.37060959427920637
2.4859026431171802	-0.3690146283032662
2.4861389040703292	-0.36741951040569765
2.486608355283859	-0.3642288214725479
2.487534972242904	-0.35784564944578356
2.4893390430675	-0.3450722759344257
2.492750368240067	-0.31949858935180264
2.4929548565640713	-0.31789908790745425
2.4931583185500052	-0.3162994555855107
2.4935621631730274	-0.31309980094313694
2.49435753270491	-0.3066989501075207
2.495898974716881	-0.2938912298215156
2.4987845306565366	-0.2682528961826391
2.4989705403127207	-0.26651451294053025
2.49915534059055	-0.2647760007185562
2.4995213126539895	-0.26129859270049083
2.500238740344716	-0.25434226592968934
2.501615510735135	-0.240423757994442
2.501782159933383	-0.2386834120709652
2.50194759839259	-0.2369429506365019
2.502274842774212	-0.23346168460386088
2.502914799185413	-0.2264978034715214
2.504136565452999	-0.2125648336861932
2.5042838335471265	-0.21082274069295462
2.5044298896915267	-0.2090805456719189
2.504718365848997	-0.20559585291905028
2.5052807716964174	-0.19862528018100517
2.5063473824764424	-0.184679574702421
2.508247687907154	-0.1567714357502586
2.5083489846763287	-0.1551422509570214
2.508449223239481	-0.1535130007133763
2.5086465255790125	-0.15025430662423975
2.5090284299550447	-0.14373616328573732
2.509741428622572	-0.13069700996699166
2.5098257892708675	-0.12906686046250454
2.5099090910901154	-0.1274366565081263
2.510072518101345	-0.12417608800067881
2.5103866646588817	-0.11765432784914881
2.5109641206427007	-0.10460846908261288
2.5110315360592805	-0.10297753092082751
2.51109789213814	-0.10134654931554839
2.511227426171171	-0.09808445852679881
2.511473780982807	-0.09155978590355705
2.5115327209388263	-0.08992851946071428
2.5115906013456892	-0.08829721507941021
2.5117031834147197	-0.08503449525425039
2.511915631918449	-0.07850863062441325
2.5119660948225384	-0.07687707994445529
2.5120154979946427	-0.07524549683209278
2.5121111250599735	-0.0719822360634544
2.51228966151972	-0.06545535562435965
2.512331646009389	-0.06382356475890304
2.5123725706128566	-0.062191746967974304
2.512451240092572	-0.05892803336339449
2.512595859687879	-0.05240031333980665
2.512628716879904	-0.05080037469574031
2.5126605552835732	-0.0492004154537918
2.5127211756746193	-0.04600043777117993
2.5127499576374164	-0.04440042062800232
2.5127777207626982	-0.04280038548191359
2.5128301904561012	-0.039600263776056334
2.5128548970029483	-0.038000178513831986
2.51287858466973	-0.036400077843784295
2.5129229033250957	-0.03319983287537779
2.512943534295709	-0.03159968987461311
2.512963146350318	-0.029999534061212845
2.512999313680129	-0.02679918659175286
2.5130158689406663	-0.025198996233328844
2.5130314052558704	-0.02359879565754013
2.5130459226194413	-0.021998585513215457
2.513059421025493	-0.020398366449187435
2.5130719004685522	-0.018798139114292303
2.513083360943559	-0.01719790415736965
2.5130938024458667	-0.015597662227262141
2.5131032249712413	-0.013997413972815285
2.513111628515863	-0.012397160042877152
2.5131190130763232	-0.010796901086298107
2.513125378649629	-0.009196637751930564
2.5131307252331982	-0.007596370688628698
2.5131350528248637	-0.005996100545248205
2.513138361422871	-0.004395827970646031
2.5131406510258776	-0.0027955536136801034
2.5131419216329562	-0.0011952781232090733
2.5131421732435912	0.00040499785190794765
2.51314140585768	0.0020052736628116516
2.5131396194755347	0.003605548660642798
2.513136814097879	0.005205822196542474
2.5131329897258508	0.006806093621652362
2.5131281463610007	0.008406362287114999
2.513122284005292	0.010006627544074042
2.513115402661102	0.011606888743674527
2.513107502331221	0.013207145237063138
2.513098583018852	0.014807396375388467
2.5130886447276124	0.016407641509801275
2.5130776874615304	0.018007879991454766
2.51306571122505	0.01960811117150483
2.5130527160230267	0.02120833440111031
2.513023668743841	0.024408754413639374
2.5130076166784567	0.026008949898897824
2.5129905456710846	0.02760913483838199
2.512953346858479	0.030809470484742436
2.512933219068328	0.0324096198939878
2.5129120723663547	0.03400975616219758
2.5128667222616548	0.03720998668030534
2.5128425188773154	0.038810079632615034
2.5128172966179303	0.0404101568487131
2.5127637955153435	0.043610261477166144
2.512644567287279	0.050010253353728995
2.51260942101166	0.05174596025035809
2.5125730757291818	0.053481642454028235
2.5124967882135945	0.05695292946946229
2.5123298259015683	0.06389517074220377
2.512285088088741	0.06563065690457992
2.5122391514238247	0.0673661117482771
2.5121436816259797	0.07083692416704235
2.5119383568080647	0.07777813674279166
2.5118840288243423	0.07951334916836966
2.5118285021799145	0.08124852365050518
2.5117138530155043	0.08471875547239484
2.5114701719624137	0.09165872736332906
2.5109252856631956	0.10553651868419754
2.5108517826081256	0.10727102466360232
2.5107770813849335	0.10900547945371629
2.5106240845773455	0.11247423215539788
2.510303714551489	0.11941108687127057
2.5096054776103607	0.13328200818885766
2.509512808463142	0.13501559583326722
2.509418941786756	0.13674911904879095
2.5092276160262186	0.14021596888429155
2.5088305961642883	0.14714885901264535
2.507979093878507	0.16101121584263486
2.5078747775331816	0.16262794093167002
2.5077694189942643	0.1642445984376665
2.5075555755112213	0.1674777080132447
2.5071153841775264	0.17394308660925334
2.5061849944292423	0.18687033112958237
2.506064008482978	0.1884858942865726
2.50594198109562	0.19010137911477504
2.505694802200899	0.19333211109947135
2.505187949378599	0.199792605586468
2.504124275543328	0.21270956629494156
2.5039866328671643	0.21432379564887982
2.503847949613198	0.21593793593661412
2.5035674616028216	0.2191659466303651
2.5029940012132412	0.22562086971136064
2.501797156449477	0.23852617244254604
2.499203884717275	0.26431740308360807
2.499018602345833	0.2660634737957444
2.498832100080899	0.26780941462925556
2.4984554362353117	0.271300903251349
2.497687473867919	0.2782822844560433
2.496093031621518	0.2922384718843177
2.492670254624637	0.3201230211470718
2.492445983769461	0.3218645133441447
2.4922204962292103	0.3236058484233696
2.491765871534363	0.32708804382822776
2.490842026806699	0.33405051182759105
2.48893598145346	0.34796756628324454
2.4848906787608875	0.3757686277033201
2.4846323463570914	0.3774729796883947
2.484372844962094	0.37917715407673447
2.483850335687415	0.38258496685611515
2.4827912946525537	0.38939842598073954
2.480617150728408	0.403016499005752
2.4760448475461176	0.4302158294380898
2.466006154475119	0.4844557699621462
2.4656957075869546	0.48603335744169823
2.465384251462869	0.48761074598254045
2.46475831201728	0.4907649236656083
2.463494327931951	0.4970708633644582
2.4609179680956528	0.5096729355800081
2.4555719201920043	0.534836696313308
2.4441085074653004	0.5849934620955368
2.443702048032082	0.5866890551242536
2.443294412286378	0.5883843657414297
2.4424756126429656	0.5917741364770436
2.4408239062779904	0.5985502531121621
2.4374641099495786	0.6120886044246274
2.4305193482075422	0.6391083201989827
2.415732192113344	0.6929081634286299
2.384944393052029	0.7924165501858661
2.3507857886081296	0.8886449926921521
2.309331932650092	0.9913978877329583
2.2666052372312406	1.0855341751942646
2.215957013217837	1.185503379383401
2.164682565299147	1.2767275114325232
2.110769010700704	1.3640153703035578
2.048314762058143	1.4561216921993416
1.986399736935921	1.5395128554382664
1.9154776107798617	1.6269078860094859
1.8421097218905873	1.7095366388220414
1.7704561298113985	1.7836392122209086
1.6894002886181332	1.8605941018330001
1.6107075849984556	1.9291202198378472
1.5308655580296004	1.9930715968568467
1.441376769293369	2.058717259824717
1.3553333779161645	2.116354219327459
1.3538117369334999	2.1173279216738914
1.3522893964212188	2.118300529973383
1.3492426199546108	2.12024246242188
1.343140707301019	2.1241131766809644
1.3309036197966762	2.1318018908357517
1.3062978142695874	2.1469675748350925
1.304754180274055	2.1479060212253605
1.3032098720974923	2.1488433577686434
1.3001192363934697	2.150714699377498
1.2939299099466506	2.1544440431592164
1.2815192161072273	2.161849265260346
1.279964891164663	2.1627698963007167
1.2784099048499706	2.1636894098137724
1.2752979513184586	2.165525082358023
1.2690661431658112	2.1691829962520526
1.267506549762714	2.170094673802828
1.2659463014248524	2.171005230041493
1.2628238431699663	2.1728229767010974
1.2612616348663512	2.1737301661827853
1.259698774854788	2.174636232473865
1.2581352639428263	2.1755411751061606
1.2565711029383477	2.1764449936120793