0.8987803944926944	-1.556733308108145
0.8997801700540863	-1.5561556592048278
0.9007795743589176	-1.555577368219125
0.9027772675496022	-1.5544188609552594
0.9067681807185891	-1.5520941519553741
0.9147320220446618	-1.5474140098706153
0.9305870294350499	-1.537931263335596
0.9620004952626761	-1.5184794490582143
1.028698563558586	-1.4741112764748374
1.0891348574466895	-1.4300384793397525
1.146555539370422	-1.3844259406832755
1.2066824425350793	-1.332344652473731
1.2606673007627252	-1.28138313820863
1.3167411993376248	-1.2236900768024088
1.3692271341933981	-1.1646638335100417
1.4158043656881028	-1.107575183992618
1.4636203758875115	-1.0435708818210059
1.5056515789086042	-0.9819562683886688
1.5443401802890093	-0.9199120597332565
1.5834253165718555	-0.8508754649988985
1.6171150080398995	-0.7849610441734598
1.6505342724023802	-0.7120122230151089
1.680143686091108	-0.6390164193398756
1.704851093468045	-0.5698311497264636
1.728428514329007	-0.49372022538295296
1.7287473466235528	-0.49260268131608675
1.7290654563515646	-0.4914849313555067
1.7296995075764472	-0.48924881562203903
1.7309589333977795	-0.4847741339925154
1.733443049149717	-0.4758150748476809
1.7382721061421467	-0.4578590122580503
1.747371739713567	-0.42180184132854903
1.747666798955598	-0.4205776384046891
1.7479610005251773	-0.419353229081157
1.7485468300698803	-0.4169037936387069
1.7497081907653425	-0.4120024724033149
1.7519896868053852	-0.4021901632627783
1.7563875289487232	-0.3825279574765358
1.7566550731502286	-0.38129744829114304
1.7569217552682612	-0.3800667519829432
1.7574525327308308	-0.3776048004140844
1.7585037369241474	-0.37267867838337687
1.7605647136364364	-0.3628176941606133
1.7645207160828904	-0.34306184954333824
1.764756250702434	-0.3418481617684384
1.7649909505129437	-0.34063431228399166
1.7654578452631622	-0.33820613048335535
1.7663816121966218	-0.3333478516376482
1.7681890314573776	-0.3236237616918642
1.771643222163583	-0.30414648355621343
1.7718519897871774	-0.30292790624997323
1.7720599192451343	-0.3017091856452166
1.7724732632710931	-0.2992713168462596
1.7732898890340931	-0.2943938850370795
1.7748828699049173	-0.2846323738014644
1.777907582365579	-0.2650837955529409
1.7780773034066129	-0.2639429734015276
1.7782462924213835	-0.26280204258600387
1.7785820740941474	-0.26051985684153317
1.7792448500835416	-0.2559542020537424
1.780535237458861	-0.2468178645582397
1.7829752364188667	-0.2285259206629724
1.783121499607705	-0.22738185445312448
1.7832670286936074	-0.22623769463121088
1.7835558843172523	-0.22394909603540653
1.7841247837133638	-0.21937079622756323
1.7852273220865345	-0.21020989171186186
1.787291257107569	-0.1918717080880297
1.7874243031658255	-0.19062830469249675
1.7875564841989728	-0.18938480904227661
1.7878182509344822	-0.1868975433849808
1.7883314013176028	-0.1819219314958796
1.7893161559659734	-0.17196652027916542
1.7894353541806964	-0.17072171304780498
1.7895536863970614	-0.16947682319556479
1.7897877526060662	-0.16698679803834562
1.7902454905521101	-0.16200578278446276
1.7911193762919548	-0.1520400275233166
1.7912247118956675	-0.1507939706754036
1.791329180635061	-0.14954784085065423
1.7915355173190788	-0.14705536468294247
1.7919377861188528	-0.14206956316268615
1.792700694684392	-0.13209469851538427
1.7940599152336134	-0.11213300428389428
1.7941323691918072	-0.1109677066356011
1.794204066253058	-0.10980236217297064
1.7943451895640616	-0.1074715347712292
1.794618352113277	-0.10280933982862707
1.7951283345744162	-0.09348289953705215
1.7951886747307173	-0.09231691186528496
1.795248257544448	-0.09115088524745696
1.7953651510439725	-0.08881871714129773
1.7955898488475834	-0.08415393522161797
1.7960028824719645	-0.07482269876292119
1.7960511023097172	-0.07365614699277868
1.7960985644410643	-0.07248956414905797
1.7961912155047688	-0.07015630720949649
1.7963674242957153	-0.06548944210290598
1.7964095819394799	-0.06432265552505735
1.7964509817256058	-0.06315584181118344
1.7965315076553994	-0.06082213494436226
1.7966834644762626	-0.05615441723806171
1.7967195587877893	-0.05498742735556447
1.7967548951109065	-0.05382041427532754
1.796823293732601	-0.05148632049097189
1.7969509944805706	-0.04681787621261891
1.7969810244853188	-0.045650714534019775
1.7970102963913515	-0.044483533596592885
1.797066565858195	-0.0421491159148747
1.7971700070853707	-0.037480071111744284
1.797193508660364	-0.03633569218856558
1.7972162815324626	-0.03519129853245803
1.7972596411313353	-0.03290246887751822
1.7972802278405287	-0.031758033806731145
1.7973000858116652	-0.030613585859105244
1.7973376155078564	-0.028324653189486043
1.797355287217694	-0.027180169395579712
1.797372230159041	-0.026035674581008087
1.7974039297090776	-0.023746653746093353
1.7974186863049149	-0.022602128653872955
1.797432714106555	-0.021457594397232303
1.7974585833047876	-0.01916850024697786
1.797470424690891	-0.01802394128151651
1.7974815372618194	-0.016879375007939405
1.7974919210130667	-0.015734801890330552
1.7975015759404223	-0.01459022239277672
1.7975105020399718	-0.013445636979367286
1.7975186993080958	-0.012301046114194008
1.7975261677414707	-0.011156450261350858
1.7975329073370683	-0.01001184988493383
1.797538918092156	-0.008867245449040762
1.7975442000042963	-0.0077226374177711225
1.7975487530713479	-0.006578026255225852
1.7975525772914644	-0.005433412425507149
1.7975556726630955	-0.0042887963927183
1.797558039184986	-0.0031441786209634856
1.7975596768561761	-0.001999559574347587
1.7975605856760022	-0.0008549397169760057
1.7975607656440957	0.00028968048704552967
1.7975602167603832	0.0014343005736111491
1.797558939025088	0.002578920078615031
1.7975569324387277	0.003723538537951588
1.7975541970021158	0.004868155487515658
1.7975507327163618	0.006012770463202693
1.7975465395828698	0.00715738300090894
1.7975416176033407	0.008301992636531641
1.79753596677977	0.009446598905969208
1.7975295871144483	0.010591201345121423
1.797522478609963	0.01173579948988962
1.7975146412691962	0.012880392876176875
1.7975060750953256	0.014024981039888189
1.797496780091825	0.01516956351693068
1.7974760036113024	0.01745870955464942
1.797464522142705	0.018603272187152183
1.7974523118613257	0.019747827276639558
1.7974257048803197	0.022036912970253508
1.797411308191481	0.023181442646231072
1.797396182711437	0.024325962922895603
1.7973637454025595	0.02661497342202816
1.797346433586878	0.027759462716377664
1.7973283930062955	0.028903940755177472
1.7972901255799827	0.031192861209939863
1.797204845890195	0.03577054663507527
1.797179707015529	0.03701203573635101
1.7971537105341144	0.038253507175635845
1.7970991448010698	0.04073639469854131
1.7969797226272533	0.045701931734358534
1.7969477232688662	0.04694326295231315
1.7969148664144323	0.04818457176913619
1.7968465802805489	0.05066711983000865
1.7966997187775162	0.05563192107563757
1.7966608599126834	0.05687305649944505
1.7966211436886934	0.05811416478366439
1.7965391392394616	0.06059629756434486
1.7963648428924304	0.06556021139247314
1.7959751051992592	0.07548649947031497
1.7959225310912936	0.07672712959842627
1.7958690999764984	0.07796772311266759
1.7957596668288167	0.08044879793153356
1.795530517600771	0.08541048215576202
1.7950310936748752	0.09533185636582113
1.7949648107462775	0.09657182964173573
1.7948976712678704	0.09781175683397128
1.7947608227901917	0.10029147060067488
1.7944768486742084	0.10525031909716308
1.7938677995256673	0.11516556743537651
1.7937931857725862	0.1163219531026192
1.7937178265756815	0.11747829043013006
1.7935648719759776	0.1197908181438275
1.7932500188493816	0.12441527235217034
1.7925845443187007	0.13366166828035597
1.7924980073959138	0.13481722285913955
1.792410725567538	0.13597272141214103
1.792233927339417	0.13828354852006633
1.7918713936327997	0.1429045092998127
1.7911105857588634	0.15214354958496726
1.7910121348725645	0.15329815014210382
1.7909129396981587	0.1544526869933683
1.7907123166502255	0.15676156765915145
1.790302140931583	0.16137854341133204
1.7894460806526167	0.17060924516204032
1.7875912060776362	0.18905679054631702
1.78745868022016	0.19030569251437623
1.7873252818164729	0.19155450158489729
1.787055867631365	0.19405183859495095
1.786506571600359	0.19904537102505881
1.7853661240539647	0.20902773303630257
1.7829179340133663	0.22897255440615924
1.782757521087097	0.23021818152605003
1.7825962379094829	0.23146369626516028
1.7822710611155668	0.23395438616910647
1.7816102680041876	0.2389343906594831
1.7802469418935525	0.24888876225419762
1.777353481474663	0.26877386775441303
1.7771687055401766	0.2699929298082179
1.7769830934680688	0.2712118648334263
1.7766093612606961	0.2736493515041343
1.7758518670632957	0.27852277527264996
1.7742967796279265	0.2882632961369528
1.7710263745960826	0.30771800497018076
1.7638460562699292	0.34651389565036267
1.763624004707577	0.3476422875844943
1.763401231274846	0.3487705372248777
1.7629535191632753	0.3510266077772394
1.7620494365274513	0.35553702104149976
1.760206658427105	0.36455083284318107
1.7563828214531507	0.3825495714310003
1.7481834520830872	0.4184249131691758
1.7478927261791735	0.4196377102545819
1.7476011589009857	0.42085030534110757
1.7470155007835935	0.423274887182812
1.7458340942600572	0.42812160120337084
1.743430952040406	0.4378050999762972
1.7384636122029948	0.45713133686489693
1.7278868880075313	0.4956124416814223
1.7058654758318221	0.5667872338566236
1.6814330470535248	0.6356159991489134
1.6517825856318948	0.7091114721261981
1.6212217076408875	0.7764437936977391
1.5849948433968553	0.847948192110314
1.548320063577399	0.9131975530089044
1.509757625083324	0.9756314384031161
1.4650863334218762	1.0415117981656352
1.4208007290702809	1.1011585164594289
1.3700726673030263	1.1636690579399898
1.3175952388751393	1.2227704513077409
1.2663439856789152	1.2757733733044483
1.2083676397695866	1.3308164551340091
1.1520815616975997	1.379830737914688
1.0949734137158735	1.425572871989776
1.0309652818601072	1.4725268682427775
0.9694215195814299	1.5137525251738486
0.9683331441767452	1.5144489796577998
0.9672442684235303	1.5151446516090805
0.9650650181223052	1.5165336464761892
0.960700538110684	1.5193022300291716
0.9519477868267524	1.5248016924352557
0.9343481336541358	1.5356491641109975
0.9332440274334749	1.536320401269709
0.9321394389952213	1.5369908445945428
0.9299288177491979	1.5383293483572857
0.9255018137758388	1.540996814661018
0.9166248880858867	1.5462935053343874
0.915513135012956	1.5469519998101173
0.9144009088841822	1.547609694958504
0.9121750397581495	1.5489226859143068
0.9077176501390967	1.5515390609725972
0.9066021287246648	1.5521911513372566
0.9054861388588065	1.552842439667445
0.9032527560796297	1.5541426088787107
0.9021353643203257	1.5547914890879757
0.9010175064176213	1.5554395659191467
0.8998991829491279	1.556086839037354
0.8987803944926944	1.556733308108145