0.30246128138213557	-0.5238783066762452
0.3027977299731886	-0.5236839138873538
0.3031340536274542	-0.5234893050222527
0.30380632557059545	-0.5230994393846994
0.3051493641130171	-0.5223171187341218
0.3078293888075561	-0.5207421380373014
0.3131649812181213	-0.5175509651038699
0.32373637016373874	-0.5110049604206403
0.3461818789065956	-0.49607400018343295
0.36652014952686296	-0.48124244090904894
0.3858435939843838	-0.4658927214740614
0.4060777471636893	-0.44836611178785163
0.4242449540752097	-0.43121633304295964
0.4431151734513555	-0.41180122631977256
0.46077795649412195	-0.3919374717354727
0.4764523183376203	-0.37272576419131587
0.492543559094666	-0.35118677272308063
0.5066880727063231	-0.3304519691550427
0.519707720242143	-0.3095725964325783
0.532860811337079	-0.28634011713779006
0.5441982051133918	-0.2641583246703693
0.555444593645965	-0.23960928682077878
0.5654088755330007	-0.21504443822103633
0.5737235140594417	-0.1917619262433997
0.5816578848679167	-0.16614876440189033
0.5817651796252847	-0.16577268386816202
0.5818722312215859	-0.16539653404623283
0.5820856047521112	-0.16464402716667953
0.5825094319184135	-0.16313818886876388
0.5833453967859569	-0.1601232493734999
0.5849704909410447	-0.1540806012108161
0.5880327371215182	-0.1419464934919808
0.5881320316733077	-0.14153451968025624
0.5882310375976301	-0.1411224764100637
0.5884281833696653	-0.140298182303154
0.5888190092557758	-0.13864876948729157
0.5895867877030672	-0.13534669078803435
0.5910667676605085	-0.1287298842874176
0.5911568027374967	-0.12831578826657988
0.5912465477026029	-0.12790162927440415
0.5914251671211408	-0.12707312318906827
0.5917789226872981	-0.12541536430738554
0.5924724910618614	-0.12209690526891313
0.593803781304102	-0.11544858704307986
0.5938830443846872	-0.11504015183260641
0.5939620265318968	-0.11463166220296998
0.5941191478768738	-0.11381452045916973
0.5944300177312951	-0.11217959244562119
0.595038257907597	-0.1089072016332503
0.5962006763955157	-0.10235262774752336
0.5962709317363424	-0.1019425470918181
0.5963409050142155	-0.10153241821270567
0.5964800052488326	-0.10071201656031956
0.596754819515143	-0.09907064311259178
0.5972908960009664	-0.09578565913358905
0.5983087847002194	-0.08920709104011758
0.5983658999242087	-0.0888231768694704
0.5984227688037039	-0.08843922613072909
0.5985357674356624	-0.08767121558126191
0.5987588075422889	-0.08613476262131153
0.5991930540183024	-0.08306016468508357
0.600014172521261	-0.0769044843615764
0.6000633936121816	-0.07651947848701911
0.6001123676597578	-0.0761344411097438
0.6002095745443288	-0.0753642724811245
0.6004010229130068	-0.07382356416692783
0.6007720536688684	-0.07074069883584504
0.6014666175856791	-0.06456945772837087
0.601511390793361	-0.06415102249481189
0.6015558728992294	-0.06373255621532546
0.6016439637195572	-0.06289553132865322
0.6018166512006943	-0.061221117915922774
0.6021480448922103	-0.05787088191640139
0.6021881579665326	-0.057451974258225846
0.6022279796115192	-0.05703303879613144
0.6023067485365399	-0.056195085271175706
0.6024607883960496	-0.05451885349586675
0.6027548720256821	-0.05116513647589505
0.6027903199970324	-0.05074580829160875
0.6028254762476304	-0.05032645554885679
0.6028949135186551	-0.049487677199751785
0.6030302866725259	-0.047809834730363134
0.6032870238062288	-0.04445305218223112
0.6037444343055205	-0.037735460596109875
0.6037688168100463	-0.03734330983041223
0.6037929446004945	-0.03695114331056092
0.6038404359985498	-0.03616676367018255
0.6039323617850572	-0.034597822619583996
0.6041039831840371	-0.03145925050718724
0.6041242891020405	-0.03106686753194718
0.6041443401560018	-0.030674471450418274
0.6041836776380698	-0.029889640630665452
0.604259293868709	-0.028319828999882238
0.6043982896457083	-0.02517964286156514
0.6044145167841773	-0.024787070053615703
0.6044304889361649	-0.024394486788657698
0.6044616682538506	-0.023609289550202292
0.6045209667621704	-0.022038776876777025
0.604535153826142	-0.021646125050370897
0.6045490858527386	-0.021253464092037745
0.6045761847704042	-0.020468115442207176
0.6046273219058321	-0.01889731584841472
0.6046394685122577	-0.01850459560509062
0.6046513600373008	-0.018111867555167582
0.6046743778232797	-0.01732638869825419
0.604717352205121	-0.01575534459544113
0.6047274580260441	-0.015362566538585011
0.6047373087284643	-0.014969782000668825
0.6047562447612799	-0.014184194144480515
0.6047910552292329	-0.01261294795059516
0.6047989640760776	-0.012227836840459399
0.6048066276968217	-0.01184272077233772
0.6048212192476784	-0.011072474386746193
0.6048281471718746	-0.010687344381585931
0.6048348298581375	-0.010302210043058813
0.6048474595061243	-0.009531928990542948
0.6048534064627273	-0.009146782588877852
0.6048591081711552	-0.008761632478493066
0.6048697758343377	-0.007991321756228704
0.6048747417847667	-0.007606161456684806
0.60487946247837	-0.007220998073092446
0.6048881680875419	-0.006450662678447902
0.6048921529995807	-0.0060654909797414
0.6048958926477339	-0.005680316821677674
0.6048993870304853	-0.005295140360432186
0.6049026361464178	-0.0049099617521813285
0.6049056399942143	-0.00452478115310237
0.6049083985726565	-0.00413959871937338
0.6049109118806263	-0.0037544146071731765
0.6049131799171044	-0.0033692289726812543
0.604915202681171	-0.002984041972077729
0.6049169801720063	-0.002598853761543267
0.6049185123888895	-0.002213664497259029
0.6049197993311991	-0.0018284743354065982
0.6049208409984135	-0.0014432834321679252
0.6049216373901103	-0.0010580919437252609
0.6049221885059665	-0.0006729000262610921
0.6049224943457587	-0.0002877078359580805
0.6049225549093631	0.00009748447100100181
0.6049223701967548	0.0004826767384333354
0.6049219402080088	0.0008678688101561169
0.6049212649432996	0.0012530605299866221
0.6049203444029008	0.0016382517417422697
0.6049191785871858	0.002023442289240685
0.6049177674966272	0.002408632016299761
0.6049161111317971	0.0027938207667377248
0.6049142094933674	0.003179008384373199
0.6049120625821088	0.0035641947130252653
0.604909670398892	0.003949379596513529
0.6049070329446868	0.00433456287865818
0.6049041502205628	0.004719744403280059
0.6049010222276887	0.0051049240142007155
0.604894030440863	0.005875276870228526
0.6048901666497462	0.006260449802982913
0.6048860575955494	0.0066456201973306836
0.604877103704679	0.007415952746111728
0.6048722588716358	0.007801114588200473
0.6048671687827736	0.008186273267193669
0.6048562528459465	0.00895658051121803
0.6048504270024077	0.009341728763914925
0.6048443559119018	0.009726873228847863
0.6048314779999349	0.010497150170769787
0.6048027793273704	0.01203765173036632
0.6047943194896942	0.012455442757734869
0.6047855710466614	0.012873227841417475
0.6047672083613633	0.0137087793802665
0.6047270199194043	0.01537980236186085
0.6047162513634806	0.015797540257683693
0.6047051942394543	0.016215270614985438
0.6046822143083371	0.01705070791667251
0.6046327918702586	0.018721483287121195
0.6046197149249642	0.01913915529349096
0.604606349457634	0.019556818166734706
0.6045787529825154	0.02039211571662059
0.6045200980577013	0.02206259244967575
0.6043889419234535	0.025403027810514782
0.6043712494680324	0.02582052977269502
0.6043532686091423	0.02623801941342488
0.6043164417154137	0.027072960933642087
0.6042393274730835	0.028742687351206782
0.6040712592758855	0.03208146907701415
0.6040489534716642	0.03249874999258689
0.6040263594177722	0.03291601539989008
0.60398030660424	0.03375049889322599
0.6038847424647394	0.035419271020008164
0.6036797827359546	0.03875599124218309
0.6036546734083547	0.039145142911299745
0.6036293132209279	0.03953427831293068
0.6035778403088539	0.04031249966689271
0.6034718846374786	0.04186874005010431
0.6032479364066201	0.04498037530354588
0.6032188146448266	0.04536924729135014
0.6031894422043355	0.04575810042512739
0.6031299453361892	0.046535749484228374
0.6030079439995785	0.04809081424445556
0.6027519137992687	0.05119997414659864
0.602718782701388	0.05158852508310762
0.6026854011326072	0.05197705458105407
0.602617886637938	0.05275404861542592
0.6024798526151526	0.05430777231775813
0.6021917676830568	0.0574141261019341
0.6015675576488934	0.06362217007960988
0.6015229595013212	0.06404245571544984
0.6014780677209032	0.06446271008902753
0.6013874033493287	0.0653031242288244
0.6012025519858429	0.06698356833584808
0.6008187638788202	0.07034287392778339
0.5999948888796728	0.07705478738899062
0.599940906060814	0.07747397095943238
0.5998866303813872	0.07789311671103087
0.5997772005469514	0.07873129393929398
0.599554827726604	0.08040718556830342
0.5990960356068703	0.08375707170994616
0.5981223163854805	0.09044888934066886
0.5980601348267196	0.09085913312562176
0.5979976718874813	0.09126933416238804
0.5978719019852579	0.0920896072194014
0.5976169869170285	0.09372963186477143
0.5970936624862275	0.09700755207753863
0.5959930923106527	0.10355453084862742
0.5935767420042067	0.11661028382164629
0.5935020162975787	0.1169900149243606
0.5934270476641564	0.11736969814179653
0.5932763817397707	0.11812892029921904
0.5929721361262903	0.1196467831540727
0.5923519968476089	0.12268014823900292
0.5910651834747033	0.12873715790442475
0.5883058979124113	0.14081007571464826
0.5882080616334187	0.1412182111866236
0.5881099422116887	0.14162627868110342
0.5879128541290785	0.14244220895189189
0.5875152823383144	0.14407324512283376
0.5867065670174718	0.1473319760264766
0.5850349373496574	0.15383572088944722
0.5814756145466817	0.16678554082669236
0.5740648781918143	0.19073757513377085
0.5658427765963152	0.21390011480844492
0.5558646811570843	0.2386331141803803
0.5455802085829572	0.2612920644487129
0.5333889949707697	0.28535501920478923
0.5210470469637023	0.3073130029655414
0.5080698562821886	0.3283235113096375
0.49303688916396066	0.35049384140783096
0.4781337151282984	0.37056640079600395
0.4610624987798196	0.3916027057621057
0.44340257835521246	0.4114917501593964
0.4261552954714777	0.429328511844847
0.4066448566801562	0.4478518365228266
0.3877032337854587	0.4643463249058739
0.3684849645377599	0.4797396563250731
0.34694468428843467	0.4955408085973262
0.3262337238425372	0.5094142365198725
0.3258674592671828	0.5096486102522446
0.3255010263124795	0.5098827206434985
0.3247676560224734	0.5103501509189174
0.3232989032270514	0.5112818460628923
0.3203533913031388	0.5131325478098924
0.31443068350589604	0.5167829836704266
0.31405912513153744	0.5170088711646124
0.3136874044793278	0.5172344915145509
0.31294347710972803	0.5176849303155024
0.3114536834930996	0.5185825970661506
0.3084663838864672	0.5203650612342262
0.3080922521618773	0.5205866605082343
0.3077179612425861	0.5208079907893116
0.3069689025935834	0.5212498439153574
0.3054688834742755	0.5221303172295906
0.3050934836118778	0.5223497613657561
0.30471792610427606	0.5225689355979767
0.3039663389297607	0.5230064738977246
0.3035903096512007	0.5232248377391707
0.3032141235041431	0.5234429312245105
0.302837780682968	0.5236607542410525
0.30246128138213557	0.5238783066762452