0.24530780369212457	-0.42488557948789185
0.2455806765191832	-0.42472791941358873
0.24585344801767256	-0.4245700840931178
0.24639868657879424	-0.424253887974242
0.24748794280891342	-0.42361939565278117
0.24966154654640274	-0.42234202535986637
0.2539889184653839	-0.41975386062048337
0.26256272398645575	-0.4144447975084593
0.2807669001616738	-0.4023352109654589
0.29726202467465396	-0.39030624244987555
0.3129340858984254	-0.37785702599254717
0.3293447671377023	-0.36364226730129745
0.3440790749681811	-0.34973313308586657
0.35938355311228615	-0.3339867302175405
0.37370875366526984	-0.31787645657230773
0.38642126767874563	-0.30229501830921207
0.39947188662327415	-0.2848260627236518
0.410943634519446	-0.2680093346452015
0.42150307249862456	-0.2510753553880485
0.43217073836817677	-0.23223291564143214
0.44136580344940374	-0.21424262357074964
0.4504870597562838	-0.19433240388868236
0.458568477959329	-0.17440936107640556
0.46531197155988085	-0.15552634288786013
0.4717470533257576	-0.13475307746942333
0.4718340735260205	-0.13444806160319847
0.4719208965132484	-0.13414298954156142
0.4720939507035237	-0.13353267734211924
0.4724376909364407	-0.13231138421035316
0.4731156907937571	-0.12986615160911502
0.47443370504059174	-0.12496533011388558
0.4769173051941845	-0.11512409919444613
0.47699783691813535	-0.11478997249078671
0.47707813455404113	-0.11445578945362185
0.47723802740420745	-0.11378725503480841
0.47755500232182235	-0.11244951741301457
0.47817770035367146	-0.10977140380577259
0.47937802137066005	-0.10440491767999525
0.4794510433022287	-0.10406906978262088
0.4795238299418343	-0.10373317081305455
0.47966869720239097	-0.10306122031674449
0.4799556066559957	-0.10171671371259862
0.480518117447119	-0.0990253150163752
0.4815978453511617	-0.0936332716620227
0.4816621307767982	-0.09330201490091287
0.4817261883545957	-0.092970714003756
0.4818536198455731	-0.09230798042820278
0.48210574732739064	-0.09098199054161094
0.48259905364773725	-0.08832795495948038
0.48354182002411245	-0.08301194189262442
0.48359879982422804	-0.082679350611757
0.4836555508603731	-0.08234672021984026
0.4837683665334769	-0.08168134273227363
0.4839912515380759	-0.08035012534914032
0.484426030312891	-0.07768587622154746
0.4852515774377189	-0.07235040292369516
0.48529790009458984	-0.07203903367478705
0.48534402295654305	-0.0717276347677395
0.4854356692198244	-0.0711047484920441
0.4856165633773899	-0.06985862568465737
0.48596875407368373	-0.06736500777916579
0.486634712954805	-0.06237251282744812
0.4866746331642742	-0.062060258164422705
0.486714353012031	-0.061747977951473895
0.48679319155708006	-0.061123341390073894
0.4869484635926485	-0.059873767325721916
0.4872493838936097	-0.05737344424307568
0.4878127021080207	-0.05236832889339755
0.48784901491206134	-0.052028961726589606
0.48788509162126625	-0.05168956938033311
0.4879565366854453	-0.05101070980648306
0.48809659291521895	-0.04965269573316901
0.4883653660231412	-0.046935524691846364
0.48839789927869165	-0.04659577437039274
0.48843019617377337	-0.04625600149888498
0.4884940808201245	-0.04557638876345105
0.4886190131071422	-0.04421689992771977
0.4888575263110713	-0.04149690564410517
0.4888862759875838	-0.041156814259702426
0.48891478906727726	-0.040816702957433684
0.48897110538112615	-0.04013642125769607
0.4890808982475161	-0.03877562608673635
0.48928912199803076	-0.0360531455411555
0.48966009961359275	-0.030604918810904578
0.4896798747683049	-0.030286869364675006
0.4896994433400431	-0.029968807141217173
0.48973796070166364	-0.029332644899350134
0.489812516071818	-0.028060172993240307
0.48995170766770746	-0.025514669555236045
0.4899681765529962	-0.02519643177808165
0.4899844387336842	-0.024878183371219824
0.490016342953903	-0.024241655205420598
0.4900776706431094	-0.02296847722509175
0.4901904015970429	-0.020421664749607348
0.4902035624342908	-0.0201032730107796
0.4902165164676349	-0.019784872790913247
0.4902418041008392	-0.01914804744536674
0.4902898974857897	-0.017874300892326597
0.49030140374367437	-0.01755584506647266
0.49031270315637865	-0.017237381834272522
0.49033468142726544	-0.01660043368824152
0.49037615562297604	-0.015326454431680491
0.49038600699083035	-0.015007943117058517
0.4903956514778124	-0.014689425470982703
0.4904143197929718	-0.014052371721968847
0.4904491736796456	-0.012778194159130226
0.49045736989148414	-0.012459635955496541
0.4904653591923443	-0.012141072495472345
0.4904807170477346	-0.01150393034382853
0.4905089496843221	-0.01022958887730986
0.4905153640651656	-0.009917248864157954
0.49052157955815195	-0.009604904829887604
0.4905334138705531	-0.008980205204574125
0.49053903268516946	-0.008667849866826154
0.4905444526023318	-0.008355491014549975
0.49055469573558474	-0.007730763273019336
0.4905595189475221	-0.0074183946370714425
0.4905641432536989	-0.007106022993208363
0.49057279514135155	-0.006481271188363547
0.49057682271931935	-0.006168891280698132
0.49058065138451057	-0.005856508871750071
0.49058771197043416	-0.005231737056650169
0.49059094388830365	-0.004919347903822763
0.4905939768876709	-0.004606956756361478
0.4905968109673061	-0.0042945637409306575
0.49059944612606005	-0.003982168984195398
0.49060188236286434	-0.0036697726128215083
0.4906041196767311	-0.0033573747534754476
0.49060615806675323	-0.003044975532824279
0.4906079975321042	-0.0027325750775356187
0.4906096380720383	-0.0024201735142775826
0.4906110796858901	-0.002107770969718736
0.4906123223730752	-0.0017953675705280427
0.49061336613308976	-0.001482963443374812
0.49061421096551056	-0.0011705587149286492
0.490614856869995	-0.0008581535118594033
0.49061530384628116	-0.0005457479608371153
0.49061555189418793	-0.00023334218853196762
0.4906156010136147	0.00007906367838576773
0.4906154512045414	0.00039146951324578027
0.490615102467029	0.0007038751893777725
0.49061455480121874	0.0010162805801115116
0.49061380820733275	0.0013286855587768796
0.4906128626856737	0.0016410899987039274
0.490611718236625	0.001953493773222922
0.49061037486065073	0.002265896755664402
0.49060883255829557	0.002578298819359226
0.49060709133018476	0.0028906998376386256
0.49060515117702447	0.003203099683834257
0.4906030120996012	0.0035154982312782515
0.49060067409878244	0.0038278953533032655
0.4905981371755161	0.004140290923242533
0.4905924665658359	0.004765076900199975
0.4905893328817212	0.00507746705388797
0.4905860002797575	0.005389855148829969
0.4905787383277685	0.006014624655824445
0.49057480898068767	0.006327005814553423
0.4905706807216467	0.006639384407889507
0.49056182747446064	0.0072641333917470826
0.4905571024899052	0.007576503528953394
0.490552178600569	0.00788887059413656
0.490541734115621	0.008513595001816445
0.4905184583816047	0.009763001380186822
0.49051159712587483	0.010101846070845164
0.4905045018000326	0.0104406859409442
0.490489608951666	0.011118350572694764
0.49045701457004554	0.012473614875156278
0.49044828085447545	0.012812416474074993
0.49043931309900723	0.013151211958961377
0.4904206754856056	0.01382878393995291
0.49038059197579986	0.015183847420193361
0.4903699860671212	0.015522595580215872
0.4903591461559064	0.015861336332919754
0.490336764346671	0.01653879496979248
0.49028919293284867	0.017893616243550264
0.490182820232561	0.020602838587641448
0.490168470966561	0.020941448835245974
0.490153887794187	0.02128004908967743
0.49012401975826486	0.021957218972711405
0.4900614771236078	0.0233114317115711
0.4899251673118635	0.02601931289366009
0.4899070764414615	0.026357743863911983
0.48988875178942193	0.026696162256357143
0.4898514011755193	0.027372960661865897
0.48977389496029233	0.028726399433972313
0.48960766468882155	0.031432608656840375
0.4895873000524702	0.03174822571968527
0.48956673195909167	0.03206382958896973
0.48952498543552725	0.032694997222242915
0.48943905128582377	0.03395716839561802
0.48925742060436406	0.036480824998620896
0.4892338017286106	0.03679621522909847
0.4892099795427326	0.037111590168230534
0.4891617252802868	0.03774229364822504
0.4890627774751504	0.03900351134586613
0.48885512707497414	0.041525160343176055
0.4888282564725027	0.04184029018862929
0.4888011827284386	0.042155402646578674
0.4887464258606207	0.04278557487617004
0.4886344749265721	0.04404570492396274
0.48840082689847975	0.046565078051011635
0.4878945684054141	0.05160004195260182
0.4878583975818969	0.05194090986726556
0.4878219886107789	0.05228175242702481
0.4877484562969487	0.05296336081631452
0.4875985346878787	0.054326266016073085
0.4872872676814483	0.05705079284781386
0.4866190731752485	0.062494414399030356
0.4865752910201547	0.06283438849600899
0.48653127134380725	0.06317433192044224
0.4864425195134202	0.0638541260879152
0.4862621665508494	0.06521333905183477
0.4858900683876437	0.06793022634487922
0.48510034441861066	0.07335754939991465
0.48504991276818554	0.0736902729849146
0.4849992529073046	0.07402296189948093
0.4848972486496223	0.07468823509122395
0.484690502664716	0.07601835854344985
0.4842660662999966	0.07867687868327569
0.48337346129830633	0.08398673181824828
0.48141370769309644	0.09457545270418494
0.4813531022533241	0.0948834293231253
0.481292299790521	0.09519136710525183
0.48117010389545173	0.09580712565491033
0.4809233489293787	0.09703817116767327
0.480420391976537	0.0994983476351547
0.479376736534668	0.10441081686485874
0.47713884916623467	0.11420242040051838
0.4770595001579536	0.1145334340621071
0.4769799215099557	0.11486439259131642
0.4768200754481454	0.11552614361537612
0.476497629340807	0.11684897706700943
0.47584172992035384	0.11949193393455741
0.4744859735718906	0.12476672269700259
0.4715992250418329	0.13526952779158458
0.4655888310811688	0.15469555449813835
0.4589203885125574	0.17348127050635465
0.45082776698413213	0.19354069010189207
0.4424866617432813	0.21191797561392137
0.4325991157344787	0.23143396309695496
0.4225893182983863	0.24924273764569493
0.4120643144710236	0.2662830729666101
0.3998719964001056	0.28426406861228437
0.38778494554181436	0.3005436910336793
0.37393952847004175	0.3176049484133055
0.35961664961116135	0.333735733075526
0.3456284357659639	0.34820203704026276
0.32980471490126956	0.3632251701602023
0.31444232574048236	0.3766028385340875
0.29885556568189287	0.38908742599828566
0.2813855648449959	0.4019027719559523
0.2645881744612704	0.4131546588679207
0.2642911197171397	0.41334474503454877
0.26399392841084124	0.4135346176213392
0.2633991367260597	0.41391372166308055
0.26220792137193166	0.41466936247910396
0.259818997217732	0.41617035321342605
0.2550154520002658	0.4191309979590101
0.254714103780286	0.4193142014580728
0.25441262394668923	0.41949718829281335
0.2538092700618248	0.41986251159123417
0.2526009897874715	0.42059055406345647
0.2501781742055078	0.422036201480648
0.2498747388989082	0.4222159270672034
0.24957117447924543	0.4223954344900826
0.24896365892821765	0.4227537944739109
0.24774708537549	0.42346789240385774
0.24744262156005456	0.4236458700902243
0.24713802988825814	0.4238236288740471
0.24652846360519198	0.4241784893667749
0.24622348930889207	0.42435559089231933
0.2459183877861702	0.42453247314859954
0.24561315919467613	0.4247091360442182
0.24530780369212457	0.42488557948789185