0.47948863696801625	-0.8304986808805526
0.4800220053237827	-0.8301905120698009
0.4805551756185954	-0.8298820007157431
0.48162092114547944	-0.8292639508870283
0.4837500257937126	-0.8280237463203373
0.48799864030051154	-0.8255269462535042
0.496457097927445	-0.8204680139062358
0.5132158078463809	-0.8100907026391369
0.5487984329810299	-0.7864208109424304
0.5810404760400152	-0.7629084985297886
0.6116737260286568	-0.7385747523521256
0.6437507128211893	-0.7107900053236501
0.67255099178488	-0.6836026443592493
0.7024657488956393	-0.6528240831604426
0.7304663700909778	-0.6213342853021186
0.7553147684093962	-0.5908781706480992
0.7808240404142714	-0.5567326376609477
0.8032471866802569	-0.5238619751576139
0.8238870947776739	-0.49076212871877994
0.844738549523245	-0.4539319275785172
0.8627115987139801	-0.4187673690369782
0.8805403782643888	-0.3798500416898633
0.896336647851515	-0.3409076497295022
0.9095177554488474	-0.3039981323118197
0.9220960286968135	-0.2633938605726208
0.9222661219290089	-0.2627976641216782
0.9224358296805635	-0.2622013578288912
0.9227740884581801	-0.26100841671478475
0.9234459771354735	-0.2586212273540097
0.9247712233060239	-0.25384167599285967
0.9273474677026854	-0.24426233043840528
0.932202013846331	-0.22502625914908003
0.9323594244381209	-0.22437316146812183
0.9325163774718717	-0.22371995367539657
0.93282891055738	-0.22241320903695297
0.9334484826578704	-0.21979841252725937
0.9346656336251047	-0.21456366245467876
0.9370118300350742	-0.20407410982313579
0.9371545616804178	-0.20341764782675054
0.9372968334144951	-0.20276108600257614
0.9375799968697955	-0.20144766415974694
0.938140801788235	-0.19881963672110292
0.9392403083202573	-0.19355891907182132
0.9413507885137676	-0.1830194112390588
0.9414764434283339	-0.18237192326484686
0.9416016529822221	-0.18172434902051746
0.9418507357712567	-0.1804289429468738
0.9423435544292011	-0.1778371090394892
0.9433077910804231	-0.17264942285671472
0.9451505606865411	-0.16225852692447593
0.9452619357275341	-0.1616084304435229
0.9453728636171412	-0.1609582575145179
0.945593377732514	-0.15965768354263177
0.9460290378519527	-0.15705563175732523
0.9468788741758732	-0.1518479817620726
0.9484925222526112	-0.14141904806872274
0.9485830664068103	-0.1408104330368908
0.9486732200337156	-0.14020176003405002
0.9488523555573418	-0.138984241117717
0.9492059386547448	-0.13654851866039755
0.9498943449523719	-0.13167439141035778
0.9511960553398096	-0.12191585717932604
0.9512740850092198	-0.12130551148095245
0.9513517230434562	-0.12069511584165662
0.9515058240787155	-0.11947417574550717
0.9518093251315698	-0.11703170732057809
0.9523975162236274	-0.11214447385782869
0.9534986009781351	-0.10236127128227235
0.9535695794657816	-0.10169793037833329
0.9536400964728339	-0.10103454025761725
0.9537797459088719	-0.09970761365007004
0.9540535055272056	-0.09705318396134326
0.9545788604047578	-0.09174209063531145
0.954642451232792	-0.09107800080167656
0.954705580061015	-0.09041386689078626
0.9548304515960458	-0.08908546812289259
0.9550746493391009	-0.08642815580340295
0.9555408569742824	-0.08111154405285297
0.955597052264431	-0.08044678756366887
0.9556527850927888	-0.07978199214221163
0.9557628632564674	-0.07845228578940902
0.9559774688705643	-0.07579242005380835
0.9563844715048709	-0.07047094855422714
0.9571095994810469	-0.05982162240372525
0.9571482528048957	-0.05919994998578438
0.9571865023332392	-0.05857825259295207
0.9572617899390351	-0.05733478393173419
0.9574075189059735	-0.054847558451510785
0.9576795884756566	-0.04987201362368333
0.9577117792304578	-0.049249973086436485
0.9577435659520168	-0.04862791177193001
0.9578059272419391	-0.047383727860871576
0.9579258008442599	-0.04489512225918533
0.9581461493640874	-0.039917018733315476
0.9581718740732827	-0.0392946772563032
0.9581971945551342	-0.03867231920190701
0.9582466227942475	-0.03742755441119528
0.958340628085763	-0.03493783745410064
0.9583631186866599	-0.03431537070997345
0.9583852049795318	-0.03369288948909994
0.9584281646041007	-0.03244788466755331
0.9585092317583913	-0.02995771285866688
0.958528487643747	-0.029335137653930803
0.9585473391513128	-0.028712550073476853
0.9585838290014339	-0.027467338836033348
0.9586519558296992	-0.024976779409609632
0.9586679764796078	-0.024354112553699094
0.9586835926928797	-0.023731435423433297
0.9587136117833328	-0.02248605139060414
0.9587687964461588	-0.01999517159136326
0.9587813342565398	-0.019384659064151766
0.9587934833126042	-0.01877413867709818
0.9588166151422373	-0.01755307531365163
0.9588275979064267	-0.016942532832359723
0.9588381918975414	-0.01633198348142765
0.9588582135435216	-0.015110865160876438
0.9588676411902692	-0.014500296686380644
0.9588766800477058	-0.013889722332491162
0.9588935913801433	-0.012668556976804739
0.9589014638482874	-0.012057966470150209
0.9589089475134066	-0.011447371074386613
0.9589227484225898	-0.01022616660583956
0.9589290656610581	-0.009615558028214375
0.9589349940853098	-0.009004945551796468
0.958940533692941	-0.00839432942416913
0.9589456844817056	-0.007783709892917121
0.9589504464495151	-0.007173087205626601
0.9589548195944387	-0.0065624616098849935
0.9589588039147035	-0.005951833353280909
0.9589623994086934	-0.005341202683404031
0.9589656060749513	-0.004730569847845028
0.9589684239121763	-0.004119935094195443
0.9589708529192263	-0.003509298670047598
0.9589728930951161	-0.0028986608229944902
0.9589745444390188	-0.0022880218006296952
0.9589758069502646	-0.0016773818505472673
0.9589766806283417	-0.0010667412203416331
0.9589771654728959	-0.0004561001576074973
0.9589772614837306	0.0001545410900602607
0.9589769686608066	0.0007651822750666863
0.958976287004243	0.0013758231498168505
0.958975216514316	0.00198646346671595
0.9589737571914596	0.0025971029781694075
0.9589719090362657	0.003207741436582973
0.9589696720494835	0.0038183785943628227
0.95896704623202	0.004429014203915661
0.9589640315849401	0.005039648017648817
0.958960628109466	0.005650279787970352
0.9589568358069777	0.006260909267289156
0.9589526546790128	0.006871536208015045
0.9589480847272666	0.007482160362558866
0.9589431259535922	0.00809278148333259
0.9589320419486587	0.009314013633223924
0.9589259167218936	0.009924624167172031
0.958919402682189	0.010535230677011257
0.9589052081746824	0.011756430634041318
0.9588975277126359	0.012367023586075708
0.9588894584491604	0.01297761152368853
0.9588721535311672	0.014198771365358251
0.9588629178836658	0.01480934277427497
0.9588532934487688	0.01541990817848997
0.9588328782325541	0.01664101998256054
0.9587873825336405	0.019083160641631593
0.9587739712433828	0.019745480292381594
0.9587601024301379	0.020407790520669784
0.9587309922613768	0.02173238144565854
0.9586672819538335	0.024381436320138845
0.9586502106772115	0.02504367174201725
0.9586326819366603	0.025705895213158726
0.9585962520974468	0.027030305039195495
0.9585179032345391	0.029678967378372802
0.9584971724929174	0.0303410983464054
0.9584759843603957	0.031003214835790934
0.9584322359633141	0.032327403114790806
0.9583392509378522	0.0349755920272997
0.9581313305198962	0.0402711485055679
0.9581032828593966	0.04093300990436412
0.9580747779959597	0.041594851770096725
0.958016396714901	0.042918475639067734
0.9578941483306558	0.04556547508444822
0.9576277116137845	0.05085841007277315
0.9575923504607349	0.05151992104874482
0.9575565323485628	0.052181407439622504
0.9574835253154371	0.05350430520347354
0.9573320285063819	0.05614979182187502
0.9570071080387461	0.061439458730522735
0.9569673024900457	0.06205637671270515
0.9569270992559428	0.0626732689062163
0.9568454997985232	0.06390697490179204
0.9566775294050415	0.06637406614973908
0.9563225066679988	0.07130690826293937
0.9562763402502522	0.0719233828693262
0.9562297764342451	0.0725398275866255
0.9561354566850165	0.07377262632927414
0.9559420492699172	0.07623785387466787
0.9555361673295638	0.0811667718399088
0.9554836449541659	0.08178273748710829
0.9554307255099268	0.08239866914798372
0.955323695503056	0.08363042948692953
0.9551048716419054	0.08609353106757425
0.9546481736778207	0.09101800052399094
0.9536586201816011	0.1008595462963652
0.9535879192148758	0.10152582062326503
0.9535167527551381	0.10219204539043455
0.9533730234958122	0.10352434494473926
0.9530799806047869	0.10618833502867901
0.9524715654202713	0.11151380628263778
0.9511654851888843	0.12215413096239566
0.9510799068030625	0.12281865819679752
0.9509938641485122	0.12348312547739128
0.9508203862014587	0.12481187887974741
0.9504678609458629	0.12746865196894358
0.9497405427015655	0.1327791906690193
0.9481969160260445	0.14338765764347444
0.9480983402654758	0.14403801273148037
0.9479993184354435	0.14468830005124292
0.947799936753553	0.1459886701622589
0.9473958226201692	0.14858858370560235
0.9465662019927944	0.15378503558773235
0.9448214798552612	0.16416389106590434
0.9409908655380151	0.1848610367270537
0.9408724036738921	0.18546302038599619
0.9407535567005185	0.18606492813291858
0.9405147076207583	0.18726851490526483
0.940032390301184	0.18967476666764713
0.9390492901301258	0.19448352791918055
0.9370093186422473	0.204085640610444
0.9326350527288613	0.22322470819158421
0.9324799539213517	0.22387172099355837
0.9323244062506866	0.2245186260315354
0.932011964619607	0.22581211156996045
0.9313816983085631	0.22839777578085288
0.9300996505531809	0.2335638070563044
0.9274496339055196	0.2438741242819779
0.9218070775044847	0.2644033354336227
0.9100589163597353	0.30237423944497677
0.897024506570082	0.3390935660529181
0.8812063385062863	0.3783025256354075
0.8649024740447957	0.41422351733934115
0.8455758733930304	0.45237026235308353
0.8260103151159622	0.4871800193437869
0.8054377134159401	0.5204877536821456
0.7816061113009004	0.5556341410522471
0.7579802687725519	0.5874549549346519
0.7309174519355877	0.6208035843821875
0.7029213688182243	0.6523334739107735
0.6755794355845438	0.6806099015890474
0.6446497454769387	0.7099747302420714
0.6146217931313095	0.7361232663989352
0.5841552762787902	0.7605261501890873
0.5500077002007498	0.7855755480191998
0.5171748359441335	0.8075689450393337
0.5165942006270978	0.8079404952125087
0.5160132983800798	0.8083116279138229
0.5148506942968696	0.8090526401340121
0.5125222961868645	0.8105296464887191
0.5078528076126047	0.8134635441897681
0.4984636022376799	0.8192505411472244
0.4978745747176577	0.8196086381776947
0.4972852899402925	0.8199663117072452
0.49610594983162604	0.8206803875245491
0.493744195932626	0.8221034490309771
0.48900846179153584	0.824929170427413
0.4884153547668933	0.8252804693882642
0.48782199537259224	0.8256313419174969
0.4866345207015264	0.8263318069561281
0.48425655642240856	0.8277276118915536
0.48366143903245207	0.8280754943354147
0.48306607172923827	0.8284229489034368
0.4818745886136996	0.8291165736940505
0.4812784734170275	0.829462743558238
0.4806821095384027	0.8298084848297798
0.4800854972859737	0.8301537973300268
0.47948863696801625	0.8304986808805526