0.19079248116035258	-0.3304622710718584
0.191004712825763	-0.3303396481617696
0.19121686568108728	-0.3302168889508756
0.19164093461136586	-0.32997096182933444
0.19248812290148906	-0.3294774742090195
0.19417868163583527	-0.3284839768808562
0.1975443716501744	-0.32647098599819196
0.20421280047196874	-0.32234176830297645
0.21837142032700246	-0.3129233232816971
0.23120079503711272	-0.30356758035650133
0.24339001772296365	-0.2938849821649778
0.256153715184064	-0.2828292022876975
0.2676135835895782	-0.27201112724967286
0.2795169120366542	-0.2597640840354709
0.2906585900244188	-0.2472340338915958
0.30054597254511867	-0.23511529481554938
0.31069632215336	-0.22152850577221309
0.3196186768906094	-0.20844899820337373
0.3278314664610336	-0.1952782964573946
0.3361284321865753	-0.18062325582573457
0.3432800566146348	-0.1666309881142972
0.35037427496356793	-0.15114546276037524
0.356659740843767	-0.13564996399023052
0.3619046122109781	-0.12096336275796686
0.36690961082130474	-0.1048065883246497
0.36697729232050424	-0.10456935684226541
0.3670448204337793	-0.1043320816529058
0.3671794163897206	-0.10385740054997543
0.36744676643291446	-0.10290751822529327
0.36797409280841825	-0.1010056953399931
0.36899920169029415	-0.09719399477961327
0.37093086561774474	-0.0895398034472072
0.37099350058978164	-0.08927993049635269
0.3710559534957031	-0.0890200137311184
0.37118031298669313	-0.0885000492677514
0.3714268458327221	-0.08745960018230801
0.37191116023577825	-0.08537664997744505
0.3728447311274226	-0.0812027705180916
0.3729015252256674	-0.080941558878396
0.37295813632142816	-0.08068030751640021
0.3730708093944593	-0.0801576861383668
0.3732939582943218	-0.07911197235722912
0.3737314610068429	-0.07701868943954145
0.37457123847290724	-0.07282493239383304
0.3746212375992091	-0.0725672915915347
0.37467105951282603	-0.07230961646164547
0.37477017160781695	-0.0717941637066782
0.3749662682142056	-0.0707628516299784
0.3753499459261024	-0.06869862853482538
0.37608319914265687	-0.0645640053893699
0.3761275161895524	-0.06430532664073689
0.3761716553112256	-0.06404661747279379
0.37625939969546973	-0.06352910836851594
0.37643275244821883	-0.06249373051396321
0.37677090932685997	-0.06042156365325984
0.37741299319818433	-0.05627180496910621
0.3774490214635119	-0.05602963203101748
0.37748489433481003	-0.05578743602578647
0.37755617383630713	-0.05530297521275091
0.3776968674654126	-0.0543337811688867
0.37797079000589495	-0.052394325757791294
0.37848875129928844	-0.04851132454591697
0.3785197999479593	-0.04826846296134513
0.37855069276176617	-0.04802558150486866
0.37861201083397833	-0.04753975937618273
0.37873277640472264	-0.04656788105619843
0.37896682248881697	-0.04462321057502902
0.3794049531890746	-0.04073039362552276
0.37943319611439746	-0.04046644481180744
0.3794612554127879	-0.040202476414330855
0.37951682307454276	-0.039674481379093955
0.37962575428332734	-0.038618261925009854
0.3798347973196998	-0.036504934110287546
0.3798601006343652	-0.036240687291272694
0.3798852201154974	-0.03597642293355457
0.37993490752862463	-0.03544784211358053
0.380032075823552	-0.034390475636953854
0.38021758368462377	-0.0322749519956264
0.3802399442538018	-0.03201043990887315
0.38026212080562105	-0.0317459123306475
0.3803059218143428	-0.031216811211859537
0.3803913151572245	-0.03015842870991401
0.3805532648604108	-0.02804097133438725
0.3808417992594911	-0.023803516674798283
0.3808571797356768	-0.023556148095142438
0.3808723995383024	-0.02330876957777142
0.3809023570972578	-0.02281398314733777
0.3809603438544726	-0.021824295626111427
0.3810686025789677	-0.019844485324811045
0.3810814115456573	-0.01959697026744888
0.38109405974418925	-0.019349446942643837
0.38111887381550463	-0.0188543759084027
0.38116657251000763	-0.017864139225469703
0.38125425100241933	-0.015883310797126442
0.3812644870762616	-0.015635675993350914
0.3812745623047115	-0.015388034593297673
0.38129423020850056	-0.014892732422254194
0.38133163568889705	-0.013902053521843098
0.381340584884388	-0.013654368873249946
0.381349373202383	-0.013406678464240096
0.3813664671911228	-0.012911280782948792
0.3813987244800662	-0.01192042089326032
0.38140638655557885	-0.011672693087296829
0.3814138877258357	-0.011424960356933182
0.38142840733799127	-0.010929480541054987
0.38145551556453966	-0.009938466415153228
0.3814618903131993	-0.009690702140431922
0.38146810413318755	-0.009442933777459969
0.38148004897673155	-0.008947385204873438
0.38150200740896706	-0.007956243599986838
0.3815069963070691	-0.007713315632845193
0.38151183051662396	-0.00747038453820759
0.3815210348623148	-0.006984513360448038
0.38152540499471865	-0.00674157347433088
0.3815296204311113	-0.006498630854727272
0.38153758720908887	-0.006012737809082753
0.38154133854744354	-0.005769787580055503
0.38154493518332644	-0.005526835011569038
0.3815516643419065	-0.0050409232502565
0.38155479686187527	-0.0047979642544516725
0.38155777467391533	-0.004555003313230045
0.38156326616944275	-0.004069075988587849
0.3815657798507034	-0.003826109802194836
0.3815681388195822	-0.0035831420644400606
0.3815703430751226	-0.0033401728738389536
0.3815723926164309	-0.0030972023289075356
0.3815742874426761	-0.002854230528162377
0.38157602755308984	-0.0026112575701205563
0.38157761294696657	-0.0023682835532996215
0.38157904362366357	-0.0021253085762175496
0.38158031958260064	-0.001882332737392708
0.3815814408232604	-0.0016393561353438126
0.38158240734518833	-0.0013963788685898892
0.3815832191479925	-0.0011534010356502326
0.38158387623134365	-0.0009104227350443674
0.3815843785949755	-0.0006674440652920086
0.3815847262386842	-0.0004244651249130196
0.381584919162329	-0.00018148601242737452
0.3815849573658316	0.0000614931736448833
0.3815848408491763	0.00030447233478368045
0.3815845696124106	0.0005474513724689537
0.38158414365564447	0.0007904301881806898
0.38158356297905044	0.0010334086833989654
0.3815828275828641	0.001276386759603988
0.38158193746738356	0.0015193643182761331
0.3815808926329698	0.0017623412608959884
0.3815796930800464	0.002005317488944389
0.3815783388090998	0.0022482929039024614
0.3815768298206791	0.0024912674072516618
0.38157516611539605	0.002734240900473815
0.38157334769392526	0.0029772132850511565
0.3815713745570042	0.003220184462466369
0.3815669641400737	0.0037061228017436377
0.3815645268618526	0.0039490897665736685
0.38156193487175766	0.004192055130177603
0.3815562867602129	0.0046779806596499995
0.38155323064105323	0.004920940628491631
0.3815500198145999	0.005163898602053585
0.3815431340450829	0.005649808169293425
0.381539459104811	0.005892759565950951
0.38153562946282954	0.006135708573288166
0.3815275060800114	0.006621599025971319
0.38150940296638447	0.007593346925218879
0.3815040665034393	0.0078568893738719
0.381498547988326	0.008120428073249697
0.38148696481221567	0.00864749372114314
0.3814616139556687	0.009701574492333005
0.38145482115397916	0.009965083425623704
0.3814478463236213	0.010228587603617669
0.3814333505903006	0.010755581190745284
0.3814021749319059	0.011809505768902348
0.3813939259989274	0.01207297313914677
0.38138549506633945	0.012336434748218173
0.3813680872185148	0.012863340179953558
0.38133108771039126	0.013917076377736716
0.38124835446216127	0.016024221952660872
0.38123719406684664	0.016287582059084028
0.38122585174671436	0.01655093439314016
0.38120262135373373	0.017077615241472527
0.38115397771392723	0.0181308781404803
0.38104796034799854	0.020236980602946614
0.3810338898537118	0.020500201273239288
0.3810196375316233	0.020763412160920407
0.38099058743133263	0.02128980408604012
0.3809303056021942	0.022342465018722443
0.3808010170697443	0.024447267085345826
0.3807851781137921	0.024692743835821714
0.3807691809155401	0.024938210324772725
0.38073671181879387	0.025429112110071962
0.3806698750146174	0.02641078805430545
0.3805286085410321	0.028373606593449563
0.3805102385428527	0.02861890692104156
0.38049171041662955	0.028864195355519248
0.38045417981091695	0.029354736137400146
0.3803772214061569	0.030335670499024844
0.38021571763633266	0.03229692758734846
0.38019481855021053	0.032542025395884376
0.3801737614671233	0.03278710968098179
0.38013117334512186	0.03327723727346958
0.38004410152696577	0.03425732569619594
0.3798623776424133	0.03621681268618854
0.3794686261492006	0.040132844874642075
0.37944049365173993	0.040397960921534214
0.3794121759307724	0.04066305724820114
0.3793549848737006	0.04119319022324301
0.3792383806917565	0.0422532138373904
0.3789962872745624	0.044372262748154694
0.37847658718424004	0.048606135648333874
0.3784425348390836	0.04887055651271948
0.37840829775757295	0.04913495352099063
0.37833926945243057	0.0496636754529406
0.3781989967473001	0.05072082736538853
0.37790959082247955	0.05283393448987104
0.3772953690438984	0.05705513094650149
0.3772561449361904	0.05731391259701261
0.37721674333376587	0.05757266728198106
0.37713740771900267	0.05809009526833823
0.37697660737414407	0.059124622298787934
0.3766464944878001	0.06119233333797174
0.3759522551672183	0.06532216548750241
0.37442802215394566	0.07355773035635522
0.37438088520170876	0.07379726461650764
0.3743335950113265	0.0740367686706415
0.37423855499361414	0.07451568576873957
0.3740466369563274	0.07547315318015606
0.3736554532943924	0.07738659892162214
0.37284373182351493	0.08120735871341189
0.37110317535872067	0.08882295147071216
0.37104146026470536	0.08908040319806018
0.3709795665643404	0.08933781204522542
0.3708552434638214	0.08985250060339789
0.37060445530325886	0.09088135770700553
0.3700943179332429	0.09293696413602946
0.3690398544645762	0.09703952434991789
0.3667946347600006	0.10520826669312457
0.36211994459830676	0.1203172024002101
0.3569334454980275	0.1349281251415008
0.3506392660334486	0.15052969336585506
0.3441518239685444	0.16482295206802342
0.3364616102565737	0.18000185635944815
0.3286763133357244	0.19385294560911526
0.3204903055356423	0.2071063676639725
0.31100751460590015	0.22109140491650664
0.3016065971118156	0.23375316906498797
0.29083807920873755	0.2470228636208924
0.27969820695960745	0.2595688665708476
0.2688186263414695	0.2708202902316945
0.256511447688674	0.2825047976122787
0.2445630779245547	0.29290951569616525
0.232440199727978	0.3026196243136119
0.21885259772193544	0.31258698619688985
0.20578813038704274	0.3213383401667149
0.20555709080811324	0.3214861830433759
0.2053259450155434	0.32163385980454223
0.2048633352672802	0.321928714675252
0.20393684646590624	0.32251642767901806
0.20207881847077694	0.32368384975891007
0.19834277625519156	0.32598654355153517
0.1981083973495153	0.3261290333118173
0.19787391607902163	0.32627135455759243
0.19740464692827134	0.32655549121155264
0.1964648855834985	0.3271217391155114
0.19458049793125337	0.3282461169520812
0.19434449575706061	0.32838590170442417
0.19410839316290035	0.328525516776111
0.1936358872027167	0.3288042375890412
0.19268967561406994	0.32935963987871736
0.19245287349894694	0.329498065170787
0.1922159719412788	0.32963632020753325
0.19174187098799703	0.3299123192293919
0.1915046718373568	0.33005006307189244
0.19126737373411765	0.3301876363738461
0.19102997680089442	0.33032503906416727
0.19079248116035258	0.3304622710718584