0.3576321277765338	-0.6194370157279212
0.3580299467137408	-0.6192071644676278
0.358427617924902	-0.6189770577174604
0.35922251651281845	-0.6185160781273852
0.36081053376057093	-0.617591057253338
0.3639794118715867	-0.6157287901385623
0.37028825000788995	-0.6119555271242987
0.38278792700753184	-0.6042154898785369
0.40932763818660645	-0.586561028272812
0.43337573771188603	-0.5690240989927953
0.45622390037831256	-0.5508744938690512
0.4801488907843697	-0.5301509199750797
0.5016299108800127	-0.5098729133640995
0.5239421773501619	-0.4869163686563179
0.5448267634802428	-0.4634293398863816
0.5633602278364536	-0.440713295651428
0.5823866124507411	-0.4152454562184085
0.5991111746035741	-0.39072849363337914
0.6145056880099131	-0.36604059156785773
0.6300579859226416	-0.33857036144203206
0.6434633918679418	-0.3123424700512045
0.6567611926387591	-0.28331553278208843
0.6685430224212082	-0.25426990078221956
0.678374303484079	-0.22674051169646456
0.6877559535975619	-0.19645534750419005
0.6878828195957535	-0.19601066750786794
0.6880093980787649	-0.19556590558473988
0.6882616922877436	-0.1946761367016903
0.6887628282037245	-0.19289562399570012
0.6897512783384318	-0.1893307405108401
0.691672799922502	-0.18218587519138368
0.6952936191304807	-0.1678384296528122
0.695411025635111	-0.1673513092180842
0.6955280908648028	-0.16686410665522527
0.6957611972697381	-0.165889456101539
0.6962233122637669	-0.16393917997950702
0.6971311383448807	-0.1600347812878645
0.698881075985916	-0.15221102752643204
0.6989875340291097	-0.1517213977782565
0.6990936490421834	-0.1512316935723735
0.6993048497698336	-0.15025206274881653
0.699723132583619	-0.14829191818589113
0.7005432122064391	-0.14436815127779307
0.7021173381899204	-0.13650713785361107
0.7022110593565909	-0.13602420148333255
0.7023044483458654	-0.13554120076749232
0.7024902296156744	-0.1345750072130813
0.7028578040932744	-0.13264185801271108
0.7035769911160101	-0.12877256246586724
0.7049514420715223	-0.12102239294099702
0.7050345124298595	-0.12053751098589288
0.7051172492751803	-0.12005257201112782
0.7052817222703782	-0.11908252392023337
0.7056066643930685	-0.11714175359781595
0.7062405246127962	-0.11325756781127792
0.7074440826341405	-0.10547902738375602
0.7075116160354089	-0.10502508484570718
0.7075788581573929	-0.10457109906931307
0.707712468452894	-0.103662998549122
0.7079761924824554	-0.1018462868735493
0.7084896482559893	-0.09821086287162119
0.7094605439555243	-0.0909323476119221
0.7095187432840367	-0.0904771142362808
0.7095766505069397	-0.09002184361162689
0.7096915885406767	-0.08911119136502789
0.7099179582999291	-0.0872894481317411
0.7103566674070352	-0.08364424870996559
0.7111779241652911	-0.0763473342811082
0.7112308642885938	-0.07585257382042858
0.7112834602112752	-0.07535777665084846
0.7113876193531244	-0.07436807314283381
0.7115918061205587	-0.0723882361572998
0.7119836481126545	-0.06842689596993015
0.7120310780648651	-0.0679315769114027
0.7120781634291903	-0.06743622497734614
0.712171300303203	-0.06644542344156495
0.7123534380051498	-0.06446343641264342
0.7127011643446308	-0.06049798024472646
0.7127430782496484	-0.06000216395347194
0.7127846472222077	-0.05950631862413266
0.7128667502896485	-0.05851454181107235
0.7130268163610525	-0.056530650287306757
0.7133303839680726	-0.05256156941954815
0.7138712290289064	-0.04461864673701475
0.7139000590561227	-0.04415496519700152
0.7139285879078061	-0.04369126502917757
0.7139847420365593	-0.0427638095925966
0.7140934356666199	-0.04090868379362664
0.7142963618917839	-0.03719761632208997
0.7143203717373708	-0.03673366021604843
0.7143440802301061	-0.03626968861304825
0.714390593117141	-0.03534169969912778
0.7144800022254221	-0.033485544520653714
0.7146443517092735	-0.02977256861468359
0.7146635387802001	-0.02930838804924855
0.7146824243535019	-0.0288441951193806
0.7147192909754893	-0.027915772949673914
0.7147894059059275	-0.026058788853955985
0.7148061807798944	-0.025594514856599117
0.7148226540960598	-0.0251302300615941
0.7148546960273143	-0.024201628862121953
0.7149151608989431	-0.02234430550995126
0.7149295231230315	-0.021879950615998837
0.7149435837372835	-0.021415586491474563
0.7149708001126778	-0.02048683133432602
0.7150216132929551	-0.0186292188731464
0.7150335624793871	-0.018164795620108885
0.7150452100120911	-0.01770036470382505
0.7150676000967874	-0.016771480665246006
0.7151087602137651	-0.014913629250307215
0.7151181116841828	-0.014458271443453827
0.7151271731977116	-0.014002907774246603
0.715144426339524	-0.013092163587312954
0.715152617960812	-0.012636783438863356
0.7151605196112201	-0.012181398166613445
0.7151754529866986	-0.011270612989289696
0.715182484705714	-0.010815213453509314
0.7151892264417395	-0.010359809532515366
0.7152018399540043	-0.009448989273493765
0.7152077117251292	-0.008993573304773786
0.7152132935030354	-0.008538153689455444
0.7152235870702567	-0.007627304257655822
0.715228298855398	-0.007171874810494045
0.7152327206389733	-0.006716442455372768
0.7152368524191896	-0.006261007376954841
0.7152406941943716	-0.005805569759904217
0.7152442459629619	-0.005350129788885883
0.71524750772352	-0.004894687648565775
0.7152504794747235	-0.004439243523610712
0.7152531612153675	-0.003983797598688314
0.7152555529443646	-0.0035283500584669357
0.715257654660745	-0.003072901087615583
0.7152594663636566	-0.0026174508708038447
0.7152609880523647	-0.002161999592701812
0.7152622197262524	-0.001706547437980008
0.7152631613848203	-0.0012510945913093115
0.7152638130276865	-0.0007956412373608807
0.7152641746545868	-0.00034018756080608054
0.7152642462653748	0.0001152662536835938
0.7152640278600211	0.0005707200214365909
0.7152635194386144	0.0010261735577813788
0.715262721001361	0.0014816266780465184
0.7152616325485844	0.0019370791975607403
0.7152602540807261	0.002392530931653019
0.715258585598345	0.002847981695652645
0.7152566271021176	0.003303431304889306
0.715254378592838	0.0037588795746931543
0.7152518400714178	0.004214326320394887
0.7152490115388865	0.00466977135732582
0.7152458929963907	0.00512521450081796
0.7152424844451951	0.005580655566204083
0.7152387858866818	0.006036094368817806
0.7152305187538176	0.006946964447067191
0.7152259501828189	0.007402395353374975
0.7152210916112065	0.007857823258254756
0.7152105044741381	0.008768669325087419
0.7152047759129748	0.009224087117722157
0.7151987573597832	0.009679501170292761
0.7151858502871943	0.010590317316621436
0.7151789617730302	0.011045719041073496
0.7151717832773048	0.011501116286849553
0.7151565563529295	0.012411896603781086
0.7151226228613873	0.014233395369123937
0.7151126198959336	0.01472739411633874
0.7151022756816849	0.015221385835701774
0.7150805635267113	0.016209347247952748
0.7150330444593314	0.01818517536631624
0.7150203116508528	0.01867911129045611
0.7150072376376285	0.019173038301001064
0.7149800660220615	0.02016086463851086
0.7149216286193991	0.022136399979893175
0.7149061663567615	0.022630257995927935
0.714890362943848	0.023124105212896855
0.7148577326975213	0.024111766306995026
0.7147883787442815	0.026086948537638696
0.714633298903491	0.030036700387983784
0.7146123792325537	0.030530357342695793
0.7145911185515345	0.03102399972844712
0.7145475741999949	0.03201123985081833
0.7144563938332373	0.03398553490369124
0.7142576689362824	0.03793333148553969
0.7142312944126112	0.038426727073348085
0.7142045790607104	0.0389201043240807
0.7141501259233756	0.03990680287257711
0.7140371302817762	0.04187996956600675
0.7137947846050704	0.045825328612951154
0.7137650951776648	0.046285464002241344
0.7137351091320171	0.04674558015675377
0.7136742472359627	0.047665753996614435
0.7135489645814994	0.049505862446318986
0.7132841667801157	0.053185079605843025
0.7132497330251995	0.05364488429818452
0.713215002866209	0.0541046666974055
0.7131446533938601	0.05502416385221102
0.7130003982435669	0.05686288223788007
0.7126976665190519	0.06053917252640816
0.7126584920998452	0.06099859760567215
0.7126190215222655	0.06145799733584449
0.7125391919577212	0.06237671998527678
0.7123759796581213	0.06421385269562811
0.7120353462164624	0.067886825012564
0.711297276333014	0.07522725538739088
0.7112445432018898	0.07572420377540441
0.7111914628774357	0.07622111519872174
0.711084260752352	0.07721482618101871
0.7108656913336691	0.07920179389754149
0.7104118978540451	0.0831738580282147
0.7094377428560218	0.09111006686001816
0.7093739132303466	0.09160571215895033
0.7093097373244879	0.09210131274064354
0.7091803467976981	0.09309237878462703
0.7089174117716442	0.09507396362241755
0.7083749330740811	0.09903489013562373
0.707223601322092	0.10694733753064833
0.7071500774546188	0.1074324123708043
0.7070762208810936	0.10791743666523462
0.7069275097550384	0.10888733270414884
0.7066260965697322	0.11082650819414688
0.7060073144603345	0.11470234173891238
0.7047059933396288	0.1224435307523058
0.7018488854890014	0.1378807354554309
0.7017605293419307	0.13832973190755882
0.7016718859566856	0.1387786717398314
0.7014937376169205	0.13967638080981007
0.7011339956836109	0.14147111142780427
0.7004007390871329	0.1450577814461596
0.6988792028346229	0.15221962789708118
0.6956166061734033	0.16649472210157348
0.6955009239397303	0.16697730405916034
0.6953849069162981	0.16745980563972757
0.6951518687237028	0.16842456674080444
0.694681777329442	0.1703531142019172
0.6937255472307108	0.1742062581864807
0.6917490017627321	0.18189632715408927
0.6875404360195239	0.19720827596722915
0.6787779345883616	0.22552931248031108
0.6690560697765873	0.2529168455579625
0.6572579067628526	0.2821613000919813
0.6450974814914358	0.30895338587769294
0.6306825135842	0.3374055754296292
0.6160893163772547	0.36336883399335557
0.6007450042233697	0.38821179164542047
0.5829699290378155	0.4144261298585408
0.5653483220121412	0.4381600507462315
0.5451632080744448	0.4630335104869446
0.52428200672214	0.4865504420913517
0.503888710602096	0.5076407416664279
0.48081944465536297	0.5295428376563998
0.458422750214289	0.5490460248083502
0.4356989473796602	0.5672471970174379
0.410229584083747	0.5859305791767142
0.3857408137567976	0.602334607900067
0.3853077402116	0.6026117328802303
0.3848744675735978	0.6028885464841934
0.38400732591478953	0.6034412389915496
0.3822706633409744	0.6045428812092118
0.37878787145460036	0.606731162633647
0.3717848243801205	0.6110474610310781
0.37134549141357404	0.6113145518296575
0.3709059665686725	0.6115813267551935
0.37002634215233254	0.6121139284359153
0.36826480077874574	0.6131753352665732
0.3647325988726242	0.6152829321470775
0.3642902231605252	0.6155449525270584
0.36384765921560686	0.6158066548481005
0.36296196754212023	0.6163291047726343
0.3611883354696375	0.6173701819755765
0.36074446030339213	0.6176296541069722
0.3603003987364626	0.6178888071022406
0.3594117173184536	0.6184061551489312
0.358967097926566	0.6186643499330335
0.3585222930523768	0.61892222504637
0.3580773029257225	0.619179780355693
0.3576321277765338	0.6194370157279212