0.6703657190268214	-1.1611074850068968
0.6711114131554258	-1.1606766389128007
0.6718568303780443	-1.1602453139141549
0.6733468328751774	-1.159381227915286
0.6763235014724175	-1.1576473169067845
0.682263424338427	-1.1541565789767834
0.6940890643886111	-1.1470837631496364
0.7175191600334403	-1.132575403216181
0.7672666832158133	-1.099482890186288
0.8123437897658317	-1.0666106863398073
0.855171667366055	-1.0325900485283352
0.9000180112781095	-0.9937446192862557
0.9402832401639306	-0.955734386350208
0.9821066038767281	-0.9127033513727819
1.0212538434849585	-0.8686779473156828
1.0559940085715036	-0.8260977199136164
1.0916581310364948	-0.778359373250747
1.1230075883760722	-0.7324034034841367
1.1518639277459983	-0.6861270151677095
1.181016027244453	-0.6346352750809854
1.2061438720251736	-0.5854722443989215
1.231070015631529	-0.5310625251308692
1.253154538190135	-0.4766177634109514
1.2715828428271958	-0.4250151324516526
1.2891683339940097	-0.3682469220679222
1.2894061387366271	-0.36741338894178877
1.2896434045446654	-0.3665797022474552
1.290116318960548	-0.3649118695480789
1.291055676228966	-0.36157437666731257
1.2929084826012427	-0.35489215911758426
1.2965102904319297	-0.34149942282455187
1.3032973570383712	-0.3146057661934774
1.3035174303756978	-0.31369268032921427
1.3037368640081382	-0.31277944051937623
1.3041738117279242	-0.3109525008557505
1.305040025991646	-0.3072967939063354
1.3067417061158584	-0.2999781700104258
1.3100218873799916	-0.28531288714454006
1.3102214383071287	-0.2843950976824095
1.3104203462393689	-0.283477168652576
1.3108162327290152	-0.2816408936917734
1.3116002854956474	-0.2779666887832506
1.3131374887369476	-0.27061176001610027
1.31608811876931	-0.2558766355485522
1.3162637949807112	-0.2549713925293673
1.3164388485401701	-0.25406602889725255
1.316787087372323	-0.2522549415074011
1.3174760895895012	-0.2486313382205564
1.3188241740823807	-0.24137851362810814
1.321400522043028	-0.22685116118239676
1.3215562337819111	-0.22594227124989152
1.3217113203652904	-0.22503327443653576
1.3220196177723824	-0.2232149618873081
1.3226287075123722	-0.21957707314184782
1.3238168506599188	-0.21229633744895918
1.32607286731979	-0.1977158049920621
1.3261994557149126	-0.1968649096382025
1.3263254981198076	-0.1960139332359634
1.3265759447515741	-0.19431173868775187
1.3270702838642277	-0.1909063924280872
1.3280327341646343	-0.18409194977671922
1.329852635519038	-0.17044869253959352
1.3299617276046618	-0.16959537756735063
1.3300702721511473	-0.16874199277346932
1.3302857184481807	-0.16703501512615856
1.3307100386214565	-0.16362023743250675
1.3315323795779508	-0.1567874711858971
1.3330717893079342	-0.14310972551413606
1.3331710232443366	-0.14218231875671863
1.3332696119917886	-0.14125484319007917
1.3334648537293057	-0.13939968742457653
1.3338475928585272	-0.13568856993461573
1.3345820834659827	-0.12826321170540425
1.3346709888286377	-0.1273347578808504
1.3347592482764332	-0.12640624243256093
1.334933829256905	-0.12454902846222697
1.3352752383810982	-0.12083388081034982
1.335927036134952	-0.11340080735634506
1.3360056019093667	-0.11247142149087903
1.336083521123035	-0.11154198119479826
1.336237419717609	-0.10968293911003138
1.336537456539568	-0.1059642215662
1.3371064806885407	-0.09852435377151139
1.338120271005261	-0.083635693996017
1.3381743116252818	-0.08276654331063824
1.3382277877049915	-0.08189735770824631
1.338333046153476	-0.08015888321918299
1.3385367875900247	-0.07668153137206712
1.3389171638881143	-0.06972529835860529
1.3389621692893368	-0.06885563301126334
1.339006609817872	-0.06798593861555294
1.3390937961821254	-0.066246464146643
1.3392613896294285	-0.06276718277284923
1.3395694555199253	-0.05580737248284584
1.3396054208418267	-0.05493728639622733
1.3396408210196697	-0.05406717713302227
1.3397099258836827	-0.05232689054516639
1.3398413532418734	-0.04884605540239876
1.3398727970064992	-0.0479757941817456
1.339903675514268	-0.04710551272137514
1.339963736707366	-0.045364890550085524
1.3400770754540758	-0.041883419485994756
1.3401039968124495	-0.041013006628225594
1.3401303528164292	-0.040142576468154834
1.340181368716969	-0.038401665709961466
1.3402766157920696	-0.03491965272372895
1.3402990140173185	-0.03404911172985659
1.340320846805901	-0.033178556371565526
1.3403628160364616	-0.03143740403079018
1.3404399688682962	-0.027954943136229128
1.3404574977889483	-0.027101394923143285
1.3404744831981452	-0.026247835721332605
1.3405068234548454	-0.024540685735901867
1.3405221782892358	-0.023687095644475006
1.3405369895859454	-0.022833495948709454
1.3405649815425191	-0.02112626912859246
1.3405781621910338	-0.020272642696465386
1.340590799279168	-0.019419008044448047
1.3406144427540183	-0.017711715465228952
1.3406254491311482	-0.016858058230278215
1.3406359119287241	-0.016004394159938977
1.340655206768465	-0.014297046897628524
1.3406640388028064	-0.013443364397930507
1.3406723272419472	-0.012589676447390102
1.3406800720825263	-0.011735983392149714
1.3406872733214035	-0.010882285578353811
1.3406939309556591	-0.010028583352148804
1.3407000449825934	-0.009174877059682883
1.3407056153997277	-0.008321167047105886
1.3407106422048032	-0.007467453660569163
1.3407151253957816	-0.006613737246225432
1.3407190649708451	-0.005760018150228637
1.3407224609283968	-0.004906296718733812
1.340725313267059	-0.004052573297896934
1.3407276219856756	-0.0031988482338747887
1.3407293870833108	-0.0023451218728248297
1.340730608559248	-0.001491394560905034
1.340731286412993	-0.0006376666442737651
1.3407314206442704	0.00021606153091036835
1.3407310112530255	0.0010697896184886527
1.3407300582394248	0.0019235172723024105
1.3407285616038547	0.002777244146193139
1.3407265213469215	0.0036309698940026522
1.340723937469453	0.004484694169573223
1.3407208099724968	0.005338416626747716
1.3407171388573207	0.006192136919369738
1.3407129241254134	0.0070458547012837705
1.340708165778484	0.007899569626335316
1.3407028638184617	0.008753281348371032
1.3406970182474962	0.009606989521238877
1.3406906290679577	0.010460693798788247
1.340683696282437	0.011314393834870116
1.340668199904913	0.013021779798044012
1.340659636319193	0.013875465032847143
1.3406505291400572	0.014729144641605286
1.3406306840165292	0.01643648559643293
1.3406199460801835	0.017290146250231796
1.3406086645665152	0.018143799893444675
1.340584470825728	0.019851084763601475
1.3405715586084186	0.020704715298297503
1.3405581028334064	0.02155833743791203
1.340529560632316	0.023265555147437247
1.3404659537925216	0.02667987459666333
1.3404472036730328	0.02760585355563965
1.3404278138976633	0.028531819341216434
1.3403871154165985	0.030383709624709678
1.3402980430114717	0.03408731266919841
1.3402741759211068	0.035013173869079484
1.3402496692574295	0.0359390183608183
1.3401987372572204	0.03779065545264067
1.3400891989120571	0.041493709699534725
1.3400602155797283	0.0424194248640939
1.340030592776188	0.04334511978627837
1.3399694288123214	0.045196447136581885
1.339839427872473	0.048898839492902295
1.3395487375208415	0.0563024758932331
1.3395095245163027	0.05722781417717186
1.33946967230334	0.05815312515223359
1.3393880503285167	0.060003663409520805
1.3392171367349797	0.06370439279006804
1.338844635642128	0.07110436412546246
1.3387951977556753	0.07202921248861766
1.3387451210016728	0.07295402647972953
1.3386430509869072	0.07480354958057023
1.338431245618641	0.07850216390089006
1.3379769792896397	0.08589756618414489
1.3379213277617024	0.08676006976571334
1.3378651202358953	0.08762253729253551
1.3377510372843344	0.0893473627482991
1.3375162004500067	0.09279656523366502
1.3370198485992237	0.09969309623588328
1.3369553040377025	0.1005549799405431
1.33689020387976	0.10141682185772746
1.3367583368830573	0.10314037889707008
1.3364879369384244	0.10658697576844252
1.335920479614502	0.11347802047950487
1.3358470488859426	0.1143391926161206
1.335773063021518	0.11520031723697723
1.3356234260082884	0.1169224225000081
1.3353174917197348	0.12036604709262831
1.334678989291382	0.12725087241164124
1.3332955097052888	0.14101018681323177
1.3331966637666357	0.14194169474435947
1.3330971670293317	0.14287313338678734
1.3328962213533664	0.1447358009868543
1.3324865225759561	0.14846028471892594
1.3316359066255685	0.1559057445089457
1.329809895859272	0.17078181946606824
1.329690250028857	0.1717108848139347
1.3295699551114437	0.17263986634130035
1.3293274182508268	0.17449757612064437
1.3288345580906007	0.17821196988290758
1.327817705593568	0.1856365526980651
1.325659584782222	0.2004680878853677
1.3255217675212538	0.20137733937243252
1.325383326617401	0.20228649611375424
1.3251045741418752	0.2041045236482219
1.3245395883617999	0.207739422950345
1.3233797084699501	0.21500450273279817
1.3209404391733401	0.2295150216041022
1.3155849159698438	0.258451383935176
1.3154192962520916	0.25929300806817146
1.3152531381189947	0.26013452606973436
1.3149192068790285	0.2618172423008364
1.3142448864221767	0.26518138603331143
1.3128704291311466	0.2719044414833774
1.3100183762401474	0.2853290081616588
1.3039027820671887	0.31208704539412363
1.303685940800055	0.31299162408228115
1.3034684719842187	0.3138960521072449
1.3030316521254688	0.315704454426224
1.302150486449775	0.3193194319549041
1.300358075120076	0.32654198115311195
1.2966531274352342	0.3409566777433969
1.2887643557578745	0.36965825340898206
1.272339431607757	0.42274479270765514
1.2541162229286449	0.47408152080900373
1.2320010844452258	0.5288989666384079
1.209206901267592	0.5791195549385436
1.1821866769215266	0.6324519348493025
1.1548323695796345	0.6811189229176317
1.1260701302529752	0.7276859561221695
1.0927515323641261	0.7768235819677739
1.0597206038018143	0.8213117744579744
1.0218844941026957	0.8679359824882629
0.9827435991117727	0.9120174380954718
0.9445172610536255	0.9515502785229719
0.9012749350636469	0.992604795682253
0.8592933148267871	1.0291626635665427
0.8166985442703282	1.0632799616150561
0.768957341193381	1.0983011410401953
0.7230542165765516	1.1290497725416084
0.7222424392333838	1.1295692311476975
0.7214302886994963	1.1300881060927725
0.7198048697383443	1.1311241039277493
0.716549572004775	1.1331890838889873
0.7100212315515683	1.1372909213263698
0.6968943273311627	1.1453816331332691
0.6960708169775429	1.1458822831066044
0.6952469469563721	1.1463823409897904
0.6935981296143751	1.1473806794524775
0.6902961976631218	1.1493702399476091
0.6836752402976118	1.1533208377504462
0.6828460264510678	1.1538119834467728
0.6820164597703698	1.1543025329555854
0.6803562696212793	1.155281842397086
0.6770316741858775	1.1572332958977876
0.6761996496783809	1.157719665014041
0.6753672757709871	1.1582054359236378
0.6737014814770762	1.1591751821191572
0.6728680619512939	1.159659156904001
0.6720342947470824	1.160142532480031
0.6712001802952599	1.1606253085974814
0.6703657190268214	1.1611074850068968