0.8619099725777558	-1.4928718640549703
0.8628687346201672	-1.492317911884375
0.8638271406359743	-1.491763343971364
0.8657428830061377	-1.490652361833627
0.8695700780374481	-1.4884230187342224
0.8772072208823843	-1.4839348688361473
0.8924118126478543	-1.4748411304145679
0.922536612472114	-1.4561872825857345
0.986498544183325	-1.4136392133922042
1.0444555765429353	-1.371374402540865
1.0995207055617047	-1.3276330145627746
1.1571810392487631	-1.277688242772509
1.2089512914257343	-1.22881730874691
1.262724885820057	-1.173490973994548
1.3130577045480307	-1.1168861481113488
1.3577242110343102	-1.0621394306244403
1.4035786781458366	-1.0007607594077297
1.4438856466392562	-0.9416737453837645
1.4809871361234348	-0.8821747593038789
1.518468893567377	-0.8159702338836976
1.5507765420511477	-0.7527598022874459
1.5828248570864272	-0.6828035406361634
1.6112196119084876	-0.6128022238189185
1.6349134540808496	-0.5464551225685191
1.6575236648645375	-0.4734664758248277
1.6578294177892037	-0.47239477646208095
1.6581344777889853	-0.4713228796519418
1.6587425185041589	-0.46917849548165547
1.6599502792450247	-0.46488737749084325
1.6623324897969591	-0.4562958433750982
1.6669634457072413	-0.4390763874222695
1.6756897875033787	-0.4044983799384508
1.6759727426109512	-0.40332439715578305
1.676254875230134	-0.40215021644052046
1.6768166724499045	-0.3998012635172373
1.6779303909636953	-0.3951010078402363
1.6801182938166712	-0.3856912263696269
1.6843357244864905	-0.3668356178651668
1.6845922932955077	-0.36565558752100563
1.684848035386066	-0.36447537773032496
1.6853570389101877	-0.3621144221262582
1.6863651198418448	-0.35739038305017407
1.6883415496710412	-0.3479339232819021
1.6921352661128257	-0.3289885172665238
1.6923611384601933	-0.32782461827274084
1.6925862102446692	-0.32666056420317746
1.6930339516994488	-0.32433199303938215
1.69391982319505	-0.31967301403590476
1.6956530971905894	-0.31034783276818806
1.6989655875776812	-0.29166956567796787
1.699165790984242	-0.2905009777347493
1.6993651906090044	-0.2893322523715101
1.6997615781362163	-0.2869943915964726
1.700544703684244	-0.2823170453362962
1.702072336137179	-0.2729559779020701
1.704972966647145	-0.25420933562397585
1.7051357252684052	-0.25311531310716767
1.705297781893115	-0.25202118638394705
1.7056197888862996	-0.24983262212009885
1.7062553759978392	-0.2454542629379703
1.7074928281653443	-0.23669272291277357
1.7098327317164175	-0.21915116442109925
1.709972994790527	-0.21805403092597697
1.7101125538766038	-0.21695680765901115
1.710389559855128	-0.21476209361647283
1.7109351214471549	-0.21037160814748543
1.711992430690668	-0.20158650890822982
1.7139716974707206	-0.18400060756770886
1.7140992856169754	-0.1828082119690579
1.7142260442238093	-0.18161572790025846
1.714477072574235	-0.1792304966606702
1.7149691721297593	-0.17445899793509623
1.7159135294579495	-0.16491198482557948
1.7160278378369629	-0.16371824298027357
1.716141315743231	-0.16252442190342165
1.716365779918263	-0.16013654436611946
1.7168047402059374	-0.1553598639365171
1.7176427767704652	-0.14580293112346948
1.7177437912205622	-0.14460799092428853
1.7178439743674774	-0.14341298074198
1.7180418465582294	-0.14102275274131726
1.7184276131952263	-0.1362414823910357
1.7191592251716696	-0.12667581388368526
1.72046268678864	-0.10753300276642636
1.7205321684879544	-0.1064155088043421
1.720600924340302	-0.1052979699483723
1.720736258388377	-0.10306275944063488
1.7209982150651648	-0.09859182044401993
1.7214872766555034	-0.08964797615767825
1.7215451414941019	-0.08852982047876393
1.7216022800583868	-0.08741162745146237
1.7217143782679016	-0.08517513123865725
1.721929858355068	-0.08070171138981666
1.7223259482142208	-0.0717532676882031
1.7223721899427784	-0.07063457105176658
1.7224177050481129	-0.06951584461647475
1.7225065553126115	-0.06727830423718174
1.722675535538597	-0.0628028866594364
1.7227159637608898	-0.06168396484774597
1.7227556652149305	-0.06056501701322399
1.722832887751565	-0.058327045163914015
1.7229786108893925	-0.05385080996242295
1.723013224513865	-0.05273169318619483
1.7230471112446788	-0.051612554163861527
1.7231127039684524	-0.049374211269429105
1.7232351660836198	-0.044897279301851896
1.7232639641757095	-0.04377799777706629
1.7232920352683598	-0.04265869778350256
1.7233459964082791	-0.04042004427886037
1.7234451941943285	-0.03594253642166917
1.723467731670649	-0.03484510304156941
1.7234895703374538	-0.0337476555329257
1.7235311512073797	-0.03155271990992757
1.7235508933936412	-0.030455232685547392
1.7235699367366677	-0.029357733112571414
1.7236059268624129	-0.027162698700836867
1.7236228736305386	-0.026065164752092605
1.7236391215262439	-0.024967620234780784
1.723669520674323	-0.022772501274531474
1.7236836719143716	-0.02167492772164257
1.7236971242573476	-0.020577345380282913
1.7237219322305477	-0.01838215611228899
1.723733287850713	-0.01728455007573182
1.7237439445536882	-0.016186937030857725
1.7237539023351525	-0.01508931742271272
1.723763161191068	-0.013991691696345475
1.7237717211176808	-0.012894060296807147
1.7237795821115203	-0.011796423669151191
1.7237867441693988	-0.010698782258433182
1.7237932072884123	-0.009601136509710624
1.7237989714659405	-0.008503486868042798
1.723804036699646	-0.007405833778490551
1.7238084029874754	-0.006308177686116134
1.7238120703276576	-0.005210519035983011
1.7238150387187061	-0.004112858273155684
1.7238173081594172	-0.003015195842699517
1.7238188786488708	-0.0019175321896805421
1.7238197501864303	-0.0008198677591652929
1.723819922771742	0.0002777970037793842
1.7238193964047357	0.001375461654086507
1.7238181710856253	0.0024731257466891403
1.7238162468149076	0.003570788836520573
1.7238136235933625	0.0046684504785145025
1.723810301422054	0.005766110227605213
1.7238062803023289	0.006863767638727754
1.7238015602358174	0.007961422266818126
1.723796141224434	0.009059073666813456
1.7237900232703753	0.01015672139365218
1.7237832063761225	0.011254365002274226
1.723775690544439	0.01235200404762119
1.7237674757783723	0.013449638084636515
1.7237585620812539	0.014547266668265673
1.7237386379086006	0.01674250569515866
1.7237276274411442	0.01784011524832521
1.723715918058793	0.018937717567911426
1.7236904025686803	0.0211328987261793
1.7236765964712641	0.02223047667478716
1.7236620914796446	0.023328045609667423
1.7236309848376035	0.025523154658136517
1.7236143831997943	0.026620693881680778
1.7235970826930072	0.027718222311408677
1.723560385100841	0.029913245009373136
1.7234786038164063	0.0343031412993062
1.7234544962069094	0.0354937011332689
1.7234295661720305	0.03668424402978371
1.7233772388741049	0.03906527673798938
1.7232627157234108	0.04382711390822579
1.723232029065937	0.045017522335671606
1.723200520089242	0.04620790928094132
1.723135035238723	0.048588616452771974
1.7229941983948984	0.05334974801693942
1.7229569336266328	0.05453996868224776
1.72291884667042	0.055730163321307855
1.722840206267245	0.05811047224887207
1.7226730600315119	0.0628707527998239
1.7222993104409645	0.07238983748101639
1.7222488930662279	0.07357957357923547
1.7221976538414183	0.07476927456558535
1.7220927099397765	0.07714856893181277
1.7218729610377403	0.0819067113432948
1.7213940248427464	0.09142108373695654
1.7213304610205713	0.09261018992884666
1.721266075786595	0.09379925192753585
1.7211348412065284	0.09617724107567092
1.7208625164829143	0.10093266408869496
1.7202784521907535	0.11044116191047366
1.7202068992972255	0.11155010948526475
1.7201346315400117	0.11265901070335159
1.7199879515549517	0.1148766722261347
1.7196860145619184	0.11931141871629333
1.7190478396106124	0.128178502277238
1.7189648526683032	0.12928665285708418
1.7188811513784634	0.1303947497094786
1.718711605895623	0.13261078038997426
1.7183639443099414	0.13704217676150074
1.7176343468490047	0.14590220642794346
1.7175399346864453	0.1470094421227113
1.7174448087685061	0.1481166167249956
1.7172524158249103	0.15033078081171194
1.7168590666324117	0.15475835563236684
1.7160381242797638	0.16361038883377765
1.7142593417163556	0.18130116561720255
1.7141322524308271	0.1824988342219453
1.7140043263933118	0.18369641374006015
1.7137459643125175	0.18609130317806102
1.7132192019021195	0.190879987295197
1.712125538623011	0.20045284560418214
1.7097777800118008	0.21957947603058842
1.7096239476610628	0.2207740041303621
1.7094692807590628	0.2219684244595212
1.709157443603686	0.2243569394738275
1.7085237580270998	0.2291326506041981
1.7072163592700371	0.23867866673984367
1.7044415964852888	0.25774803100437066
1.7042644005633458	0.2589170838094873
1.7040864028044265	0.26008601479706683
1.703728002111018	0.2624235091197977
1.7030015823905724	0.267097011760064
1.70151028888107	0.2764379499052302
1.6983740447789657	0.2950945735473384
1.691488282684558	0.33229895103173956
1.6912753402826206	0.3333810532526645
1.6910617056233945	0.3344630190171187
1.6906323598831323	0.33662653940522985
1.689765365181617	0.3409519232217152
1.687998182862478	0.349595963891064
1.6843312101052195	0.36685634515629817
1.6764682012187213	0.40125998257789725
1.6761894016839236	0.4024230274206975
1.6759097952903181	0.4035858785511622
1.6753481624654427	0.40591099743615466
1.6742152204580918	0.41055888603513774
1.67191066168341	0.41984514129056155
1.6671470956674155	0.4383785632574329
1.6570042575312767	0.47528106825243116
1.6358862237147935	0.5435360764255692
1.6124560797693455	0.6095412981339524
1.5840219611042854	0.6800217864563483
1.5547147736393774	0.7445919526448088
1.5199740341233847	0.8131630457089359
1.4848037537499186	0.8757356999495345
1.4478232516065443	0.9356083771661103
1.4049844981058477	0.998786144977096
1.3625156099701452	1.0559859922857087
1.3138685515845248	1.1159321809470022
1.2635438903275764	1.172609074044629
1.214395103251656	1.2234376716916757
1.1587971050987556	1.2762227362536263
1.104820035388731	1.3232263195385712
1.0500546193176796	1.3670919865779159
0.9886722755208988	1.4121198019050216
0.9296532061431255	1.4516542700050026
0.928609478864522	1.4523221540274425
0.9275652717630489	1.4529892876188353
0.9254754202499559	1.4543213021300063
0.9212899831062631	1.4569763108383098
0.9128962935405582	1.4622501703046098
0.8960186261188627	1.4726526491213112
0.8949598133452376	1.4732963503019367
0.8939005381358999	1.4739392902139146
0.8917806025996832	1.4752228849034628
0.8875352063976073	1.4777809244677325
0.8790224363985243	1.4828603304505625
0.8779562904673551	1.4834918116877998
0.8768896908863834	1.4841225263882807
0.8747551329797622	1.4853816548757792
0.8704805976340121	1.4878906990967726
0.869410837948983	1.4885160389370338
0.8683406290296818	1.489140609644464
0.8661988657004512	1.4903874423703392
0.8651273123971953	1.4910097037445313
0.864055312073012	1.4916311946973888
0.8629828652818174	1.4922519149077793
0.8619099725777558	1.4928718640549703