0.18296565347064672	-0.3169058078512009
0.18316917881458494	-0.3167882152671619
0.18337262858144157	-0.31667049197374825
0.18377930104816106	-0.31643465345314575
0.18459173536513396	-0.315961410040295
0.18621294277162603	-0.31500866868087013
0.18944056300649073	-0.3130782561717548
0.1958354346994515	-0.3091184302429086
0.20941322937072832	-0.3000863555116857
0.22171630815653376	-0.2911144106656351
0.2334054956992103	-0.28182901904730995
0.2456455914958006	-0.27122677739935885
0.25663534485898626	-0.26085248929015853
0.2680503663239284	-0.24910785317482637
0.278734982307708	-0.23709181984557118
0.2882167574437715	-0.22547022448288212
0.2979507120405805	-0.21244080256455952
0.3065070474635982	-0.19989785205176827
0.31438292601725387	-0.18726744839558468
0.3223395275906745	-0.1732135974812135
0.32919777288890933	-0.15979533073511615
0.33600096706187627	-0.14494506384574476
0.3420285859970875	-0.13008523267687225
0.3470582984429607	-0.11600111586377045
0.3518579783663454	-0.10050713636210858
0.3519228833859437	-0.10027963676183989
0.3519876413119262	-0.10005209524757516
0.35211671577483766	-0.09959688685749803
0.3523730983904464	-0.09868597129521432
0.3528787924005015	-0.09686216636916
0.3538618485215305	-0.09320683215670651
0.3557142703288376	-0.08586663661857093
0.35577433584357465	-0.08561742436459076
0.3558342267610446	-0.0853681700936161
0.3559534846867023	-0.0848695359899928
0.35618990408332285	-0.08387176896236508
0.35665435058929357	-0.08187426705316109
0.3575496238579887	-0.07787161150749271
0.3576040881074991	-0.07762111548133707
0.3576583768617863	-0.07737058136239827
0.3577664277782077	-0.07686939933799108
0.3579804225018798	-0.07586658358683834
0.3583999776604728	-0.07385917284085736
0.35920530516559207	-0.06983745514161388
0.35925325319143225	-0.06959038346737112
0.3593010312743349	-0.06934327887374882
0.3593960775210034	-0.0688489713959475
0.35958412971002607	-0.06785996655205662
0.35995206791625084	-0.06588042351547096
0.3606552410869671	-0.061915413882689264
0.36069774012778794	-0.061667346841499986
0.36074006854236396	-0.061419250628883655
0.3608242134127696	-0.06092297115882621
0.36099045476303027	-0.05993006732637349
0.36131473952467225	-0.057942906399155586
0.3619304833652332	-0.053963382128733556
0.3619650336529016	-0.053731143784744154
0.3619994349212274	-0.05349888331988952
0.3620677903432606	-0.05303429641007584
0.3622027123361603	-0.05210486134797591
0.3624653978273017	-0.05024496768492315
0.3629621109364446	-0.0465212577680696
0.3629918858849064	-0.0462883590277531
0.36302151139127514	-0.046055441230731686
0.36308031402900814	-0.045589548850146655
0.36319612546682584	-0.04465753962825058
0.363420570342526	-0.04279264483151486
0.36384072772708675	-0.03905952184534537
0.3638678120506209	-0.03880640093151
0.3638947202800999	-0.03855326123729264
0.36394800840488856	-0.0380469259977494
0.3640524709585354	-0.03703403554499363
0.36425293847969115	-0.03500740219829804
0.3642772037834105	-0.0347539955041529
0.3643012927949493	-0.03450057199078992
0.36434894189493905	-0.03399367499699634
0.3644421240815215	-0.03297968457568955
0.36462002190442583	-0.030950945481182112
0.3646414651820998	-0.030697284401304353
0.3646627319913087	-0.030443608465456615
0.3647047361632484	-0.029936212516924833
0.36478662643841736	-0.028921247750427512
0.36494193252329366	-0.026890654248769116
0.36521863045476044	-0.022827031530888952
0.3652333799818849	-0.02258981068471316
0.3652479754267166	-0.022352580308494362
0.36527670404493745	-0.021878091366256562
0.36533231202729566	-0.020929003525102415
0.3654361296837918	-0.019030410439450897
0.3654484131917497	-0.01879304912448361
0.3654605425266981	-0.018555679881226486
0.36548433865716334	-0.018080918010405227
0.3655300806211882	-0.017131303535654684
0.36561416230282395	-0.015231734089307065
0.365623978465013	-0.014994257940250727
0.36563364038012625	-0.014756775465513966
0.36565250145288586	-0.014281791939752092
0.36568837245850677	-0.013331753388489914
0.36569695453360257	-0.013094229439386249
0.3657053823308359	-0.012856699966173881
0.3657217750775583	-0.012381624848254915
0.3657527090845738	-0.011431412732388905
0.36576005684086166	-0.011193847396347883
0.3657672502926659	-0.010956277337919025
0.3657811742707494	-0.010481123454797825
0.36580717044394606	-0.009530763429908455
0.3658132836830377	-0.00929316312115748
0.3658192425951907	-0.009055558891867042
0.3658306974286902	-0.008580339072625119
0.3658517550661753	-0.007629856798286383
0.3658565393060771	-0.007396894398594066
0.3658611752031777	-0.007163928999704201
0.36587000196151664	-0.006697989582172257
0.36587419281917605	-0.006465015752453294
0.36587823532687636	-0.006232039301382947
0.36588587528590333	-0.005766078913046291
0.36588947273413225	-0.005533095164711604
0.3658929218262066	-0.005300109172888696
0.3658993749363576	-0.0048341308366517425
0.36590237895181776	-0.004601138681176593
0.36590523460589025	-0.0043681446600909455
0.36591050082530097	-0.0039021513989745413
0.3659129113885038	-0.0036691523478887362
0.3659151735860485	-0.0034361518090822566
0.36591728741701773	-0.0032031498770291635
0.3659192528805544	-0.0029701466462040793
0.3659210699758616	-0.0027371422110821584
0.3659227387022025	-0.0025041366661390395
0.3659242590589006	-0.0022711301058508117
0.36592563104533926	-0.0020381226246939765
0.3659268546609624	-0.001805114317145409
0.3659279299052738	-0.0015721052776823188
0.36592885677783743	-0.0013390956007822133
0.3659296352782775	-0.0011060853809228565
0.3659302654062784	-0.0008730747125822343
0.3659307471615845	-0.0006400636902385137
0.36593108054400064	-0.00040705240837000505
0.3659312655533916	-0.00017404096145512453
0.36593130218968234	0.00005897055602764527
0.36593119045285794	0.0002919820495997929
0.36593093034296376	0.0005249934247828167
0.36593052186010533	0.0007580045870982631
0.36592996500444813	0.0009910154420677644
0.3659292597762181	0.0012240258952130783
0.3659284061757011	0.0014570358520561246
0.36592740420324327	0.001690045218119025
0.36592625385925087	0.00192305389892414
0.3659249551441903	0.0021560617999941086
0.3659235080585882	0.0023890688268518863
0.36592191260303125	0.002622074885020782
0.36592016877816635	0.002855079880024498
0.36591827658470066	0.0030880837173871667
0.36591404709509573	0.0035540875412882846
0.36591170980067145	0.003787087338877499
0.36590922414107613	0.004020085600927277
0.3659038077304641	0.00448607714051664
0.3659008769816435	0.00471907022911197
0.3658977978720442	0.004952061404279436
0.3658911945755638	0.005418037636450535
0.36588767039136	0.005651022504516121
0.3658839978517325	0.0058840050812778285
0.3658762077122224	0.006349962983023464
0.3658588472376667	0.007281847134396955
0.36585372969097907	0.007534578353372656
0.36584843756039953	0.007787305976878623
0.3658373295577497	0.008292749955080805
0.36581301866244637	0.009303589459544853
0.3658065045199998	0.00955628853804976
0.36579981581619697	0.009808983056333166
0.3657859147373734	0.010314357929898578
0.3657560179894729	0.011325047648793822
0.3657481074502123	0.011577706869281914
0.3657400223774624	0.01183036056493601
0.36572332864701035	0.012335650899483696
0.3656878469595731	0.01334615996588151
0.36560850765472164	0.01536686468510865
0.3655978050892468	0.01561942104202983
0.3655869280620062	0.015871969945427673
0.3655646506430732	0.01637704490959576
0.3655180024979772	0.017387100093224202
0.365416334253409	0.019406804491310114
0.365402840969155	0.019659227132150993
0.3653891733161714	0.019911640391689717
0.365361314930187	0.020416438285062958
0.36530350602601197	0.021425916196665614
0.3651795212616119	0.023444373544691036
0.3651643320628109	0.023679780169677075
0.36514899111324056	0.023915176954093967
0.36511785398735574	0.02438594060993056
0.365053759011088	0.025327345530820174
0.3649182876733506	0.027209643902719696
0.3649006712625743	0.027444881342169488
0.3648829032105977	0.027680107376392937
0.36484691221264226	0.02815052483815553
0.364773110851439	0.029091218598176566
0.3646182324065226	0.030972019574224866
0.3645981906578854	0.03120706280250234
0.36457799739374935	0.03144209306210961
0.36453715635261036	0.03191211428463439
0.36445365645779837	0.03285199680847678
0.3642793873823812	0.034731100300453
0.3639017886488119	0.03848648617318193
0.363874810223088	0.03874072643710725
0.3638476541722305	0.038994947789784754
0.3637928092482262	0.03950333326501401
0.363680988487696	0.04051987182081689
0.3634488264024373	0.04255199156859875
0.3629504458265556	0.04661217946060423
0.36291779040142635	0.04686575306030454
0.36288495781833174	0.047119303782533255
0.36281876124244195	0.047626336099504826
0.36268424290606827	0.04864012075864041
0.3624067092012229	0.05066654246841146
0.361817684474407	0.05471457393913936
0.36178006944652463	0.054962739660891186
0.36174228420524285	0.0552108795233004
0.3616662031536712	0.05570708120311541
0.3615119992773107	0.056699169114589214
0.3611954285214734	0.05868205701023314
0.3605296687903627	0.06264247218680345
0.3590679639704512	0.07054019173405927
0.3590227607044934	0.07076989964587452
0.35897741048663667	0.07099957859080444
0.35888626926953604	0.0714588492039799
0.35870222423331966	0.07237703869206266
0.35832708799158897	0.07421198967303831
0.35754866554825154	0.07787601148253324
0.35587951145451135	0.08517919186433606
0.35582032808189185	0.08542608221999838
0.35576097342984203	0.08567293145453993
0.3556417504018191	0.08616650608498222
0.35540125025526736	0.0871531566654696
0.35491204011083655	0.08912443651506036
0.35390083360818947	0.0930586985251335
0.3517477189365081	0.10089233678890769
0.3472647973087513	0.11538146276536333
0.34229106254029384	0.1293930056254963
0.3362550874756878	0.14435455499041455
0.330033777969468	0.15806146525628245
0.32265903778797683	0.17261768951500886
0.3151931149700382	0.18590056932469934
0.30734291952549636	0.19861029987719
0.2982491385303869	0.21202163277751906
0.28923387229941216	0.22416397684385067
0.278907108356387	0.23688931235503574
0.2682242240349206	0.24892064406277717
0.2577909534721714	0.2597105036529555
0.24598864883786978	0.2709156806880736
0.23453043377349495	0.28089356887223205
0.22290486908828325	0.2902053423638138
0.2098746675572008	0.2997638158909736
0.19734614028695904	0.30815616546420577
0.1971245785813859	0.30829794342303696
0.1969029150193455	0.30843956208088397
0.19645928278405983	0.308722321201004
0.19557080107898597	0.3092859246152123
0.19378899445732004	0.3104054558589199
0.19020621487810802	0.3126136868748809
0.1899814508340745	0.31275033131676006
0.18975658862450742	0.3128868141570567
0.18930657017357863	0.31315929475089677
0.1884053604010179	0.31370231362220713
0.18659827546722918	0.3147805664147949
0.1863719547455788	0.3149146168155346
0.1861455377234618	0.3150485044963812
0.18569241524584634	0.3153157914217543
0.18478501983599918	0.31584840959544574
0.18455793198917625	0.3159811563046785
0.18433074877921243	0.31611373974292534
0.18387609673946384	0.31637841653251636
0.18364862814460292	0.316510509747099
0.18342106465644842	0.31664243941717296
0.18319340639258525	0.3167742054745685
0.18296565347064672	0.3169058078512009