6.530612244897958e-7	4.264889627707366e-13
0.009814973457908056	0.00009633036081511354
0.019629293854591622	0.00038525903482377797
0.029443614251275188	0.0008666749298596578
0.03925793464795876	0.0015403924958132472
0.04907225504464233	0.00240615214686416
0.05888657544132589	0.0034636202919122333
0.06870089583800945	0.004712389610090204
0.07851521623469303	0.006151979073911626
0.0883295366313766	0.007781834057546537
0.09814385702806017	0.00960132647040032
0.10795817742474373	0.011609754980000846
0.11777249782142729	0.01380634595706349
0.12758681821811085	0.016190253491982717
0.13740113861479442	0.018760559335747863
0.15702977940816157	0.02445633259248888
0.16684409980484516	0.02757960451486903
0.17665842020152872	0.030884886329020984
0.19628706099489585	0.038036318406399004
0.2061013813915794	0.041879713047639676
0.21591570178826297	0.04589960710159563
0.2355443425816301	0.05446263263591642
0.24535866297831369	0.05900246734315605
0.2551729833749973	0.06371220675823236
0.2748016241683644	0.07363407070819905
0.31405890575509865	0.09543250595197739
0.3238732261517822	0.10127718878119657
0.3336875465484658	0.10727548480548371
0.3533161873418329	0.11972362608399924
0.39257346892856715	0.14635775155124658
0.4710880321020357	0.20598528005715663
0.48090235249871927	0.21397964163901811
0.4907166728954029	0.22208416968573821
0.51034531368877	0.23861120672048264
0.5496025952755043	0.27284763116595795
0.6281171584489728	0.34529976199166723
0.6387570063909369	0.355451745695876
0.649396854332901	0.36566921725065055
0.6706765502168293	0.38628209654792317
0.7132359419846857	0.4280879321617667
0.7983547255203987	0.512955016387133
0.8089945734623628	0.5235875952411209
0.819634421404327	0.5342093997043483
0.8409141172882552	0.555401614701673
0.8834735090561117	0.5974472835123932
0.9685922925918247	0.6791223298984004
0.9792321405337888	0.6890146992070952
0.989871988475753	0.6988215496157664
1.0111516843596813	0.718160864409986
1.0537110761275377	0.7556190933174107
1.064350924069502	0.7647046909907538
1.074990772011466	0.7736704927027473
1.096270467895394	0.7912265753721005
1.1388298596632507	0.8247258237484888
1.1494697076052147	0.8327420604593467
1.160109555547179	0.8406075520533905
1.1813892514311073	0.8558724285473536
1.2239486431989637	0.8844434852289648
1.234588491140928	0.891159157172727
1.245228339082892	0.8976976829897947
1.26650803496682	0.9102311477857469
1.3090674267346767	0.93304673969171
1.3190021899770235	0.9379270238475595
1.3289369532193702	0.9426345400814742
1.3488064797040635	0.9515238621045858
1.3587412429464103	0.9557020910271176
1.3686760061887568	0.9597003992277033
1.3885455326734504	0.9671506726829936
1.3984802959157971	0.9705996088147477
1.408415059158144	0.9738626687008983
1.4183498224004907	0.9769386446157112
1.4282845856428374	0.9798263841875192
1.4382193488851842	0.9825247906372668
1.448154112127531	0.9850328230173494
1.4580888753698775	0.9873494964507564
1.4680236386122243	0.9894738823705113
1.477958401854571	0.9914051087594111
1.4878931650969176	0.9931423603900674
1.4978279283392644	0.9946848790652447
1.5077626915816111	0.9960319638584987
1.517697454823958	0.9971830050253886
1.5276322180663047	0.9981376130144253
1.5375669813086514	0.9988955054141235
1.5475017445509982	0.9994564581972762
1.557436507793345	0.9998203057110613
1.5673712710356917	0.9999869406766426
1.5773060342780383	0.9999563141887705
1.587240797520385	0.9997284357153814
1.5971755607627318	0.999303373097198
1.6071103240050784	0.9986812525473298
1.6170450872474251	0.9978622586508731
1.626979850489772	0.9968466343645117
1.6369146137321187	0.9956346824904528
1.6468493769744654	0.9942268543238749
1.656784140216812	0.9926237997536272
1.6667189034591587	0.9908262383235148
1.6766536667015055	0.98883494677253
1.686588429943852	0.9866507587935126
1.7064579564285456	0.9817073116460425
1.7163927196708924	0.978950002464663
1.7263274829132391	0.9760036963488266
1.7461970093979324	0.9695486082360116
1.7561317726402792	0.966042222241258
1.7660665358826257	0.9623516457873099
1.7859360623673193	0.9544240223474377
1.795870825609666	0.9501902759600271
1.8058055888520128	0.9457788604728788
1.8256751153367061	0.9364301913469266
1.865414168306093	0.9156824986121539
1.8753489315484397	0.9100800360312059
1.8852836947907865	0.9043155353108124
1.90515322127548	0.8923095050300712
1.9448922742448669	0.8664589476721715
1.9546321568692289	0.8597636898418404
1.9643720394935906	0.8529320200637791
1.9838518047423146	0.8388697658926807
2.0228113352397625	0.809223905983074
2.1007303962346584	0.7444929361667375
2.1104702788590206	0.7359513061195126
2.1202101614833824	0.7273201309107209
2.1396899267321063	0.7098020377469234
2.1786494572295543	0.6738367087136815
2.25656851822445	0.5989680638097655
2.2663084008488124	0.5894027032942889
2.276048283473174	0.5798033160425838
2.295528048721898	0.560517255069164
2.334487579219346	0.5216994739181267
2.412406640214242	0.44390596193170895
2.5682447622040336	0.2942485628873431
2.578810172373676	0.28466569782470336
2.589375582543319	0.27517904411191546
2.6105064028826037	0.25651126922526923
2.6527680435611742	0.22051317145134425
2.6633334537308166	0.21181566612228478
2.673898863900459	0.20324675747773688
2.6950296842397443	0.18650996966619734
2.7372913249183144	0.15474461186190577
2.747856735087957	0.14718002259110174
2.758422145257599	0.1397730015261066
2.7795529655968845	0.12544480918196993
2.790118375766527	0.11853002159904258
2.8006837859361697	0.11178556784074545
2.8218146062754546	0.09881957919556435
2.832380016445097	0.09260380558545867
2.8429454266147394	0.08656988916361241
2.8640762469540246	0.07505837927523971
2.9063378876325947	0.0543311301217973
2.916903297802237	0.049641252230456075
2.9274687079718795	0.045152469438762895
2.948599528311165	0.03678610553093924
2.959164938480807	0.032912253101691574
2.96973034865045	0.029246952109053585
2.990861168989735	0.022548441099726608
3.0014265791593773	0.01951821510078934
3.0119919893290197	0.016702512896167337
3.0225573994986625	0.014102598327366432
3.033122809668305	0.011719634292995194
3.0436882198379474	0.009554686003866041
3.05425363000759	0.007608720685832998
3.0648190401772326	0.005882607309273586
3.075384450346875	0.00437711634625782
3.0859498605165174	0.0030929195554056954
3.09651527068616	0.0020305897944319124
3.1070806808558027	0.0011906008603783738
3.117646091025445	0.0005733273575345165
3.1282115011950875	0.00017904459304499725
3.1387769113647304	7.928500205418313e-6
3.1493423215343728	0.00006005558944557435
3.159907731704015	0.00033540292700036514
3.170473141873658	0.0008338478958711614
3.1810385520433004	0.0015551667108750374
3.191603962212943	0.0024990366512244494
3.2021693723825857	0.0036650362673436338
3.212734782552228	0.005052645356297801
3.2233001927218705	0.0066612451064800935
3.2338656028915134	0.008490118269774315
3.2444310130611558	0.01053844936119363
3.254291338531181	0.012647258629479474
3.264151664001206	0.014945597984256659
3.274011989471231	0.017432574107538644
3.2838723149412563	0.020107219938932344
3.2937326404112817	0.022968494910997582
3.3035929658813066	0.02601528520276146
3.323313616821357	0.032660591841998765
3.333173942291382	0.036256515793558666
3.343034267761407	0.04003276908358917
3.3627549187014574	0.048120332717435176
3.402196220581558	0.06639035589009235
3.4120565460515833	0.07138406048754649
3.421916871521608	0.07654446543582673
3.4416375224616584	0.08735728719647966
3.481078824341759	0.1108907042668154
3.4909391498117843	0.11715820510380894
3.5007994752818092	0.12357454660035777
3.5205201262218595	0.13684372300445902
3.55996142810196	0.16505505845650423
3.5698217535719854	0.17244057682542932
3.5796820790420103	0.17995351628035428
3.5994027299820606	0.19534992944983548
3.638844031862161	0.22753992089201414
3.717726635622362	0.2967908208054155
3.8754918431427643	0.44859134208975027
3.88617769615807	0.45923146449231833
3.896863549173376	0.46989028049351644
3.918235255203987	0.49124447875722876
3.96097866726521	0.5339615683440087
4.046465491387655	0.6183404301745936
4.057151344402961	0.6286950794551402
4.067837197418267	0.638990925166571
4.0892089034488786	0.6593871278002261
4.131952315510102	0.6992683650203133
4.217439139632547	0.7743868182452937
4.228124992647853	0.7832563263292635
4.238810845663158	0.7919963792408098
4.26018255169377	0.8090725216638321
4.302925963754992	0.8415021703880411
4.313611816770298	0.8492289764735057
4.324297669785604	0.8567962789684318
4.3456693758162155	0.8714382445262634
4.388412787877439	0.8986595181855704
4.399098640892744	0.905017317470533
4.40978449390805	0.9111902705976277
4.431156199938661	0.9229704470340596
4.441842052953967	0.9285722300359799
4.452527905969273	0.9339782878713082
4.473899611999884	0.944193048672938
4.48458546501519	0.9489969067499742
4.495271318030495	0.9535955447123519
4.516643024061107	0.9621692668653329
4.527328877076412	0.9661405815881096
4.538014730091718	0.9698991382116845
4.559386436122329	0.9767712283904051
4.56987740851965	0.9798268029173799
4.580368380916971	0.9826711810374334
4.590859353314292	0.9853030246655063
4.601350325711613	0.9877210649444776
4.611841298108935	0.98992413831396
4.622332270506256	0.9919113472254178
4.6328232429035765	0.9936819322896413
4.643314215300897	0.9952352059201135
4.653805187698218	0.9965705523914605
4.664296160095539	0.9976874279527944
4.67478713249286	0.9985853609411062
4.68527810489018	0.9992639518947158
4.695769077287501	0.9997228736667717
4.706260049684822	0.9999618715388064
4.716751022082143	0.999980763334345
4.727241994479464	0.9997794395325655
4.737732966876786	0.9993578682704131
4.748223939274107	0.9987162271858927
4.758714911671428	0.9978549182084306
4.769205884068748	0.9967744235322059
4.779696856466069	0.9954752975007678
4.79018782886339	0.9939581663895308
4.800678801260711	0.9922237281884652
4.8111697736580314	0.9902727523849828
4.821660746055352	0.9881060797470201
4.832151718452673	0.9857246221063161
4.842642690849994	0.9831293621418852
4.853133663247315	0.9803213531636883
4.863624635644637	0.9773017188994958
4.874115608041958	0.9740717477440178
4.895097552836599	0.9669870037786423
4.90558852523392	0.9631354998301919
4.916079497631241	0.9590801985715603
4.937061442425883	0.950365472973814
4.947552414823205	0.9457098466334454
4.958043387220526	0.9408580179661733
4.979025332015167	0.9305740673795537
4.989516304412488	0.9251464019857232
5.000007276809809	0.9195315307351078
5.0209892216044505	0.9077503928946467
5.0629531111937345	0.8820573141192402
5.073444083591056	0.8752063615571842
5.083935055988377	0.8681901216616602
5.1049170007830185	0.8536741640520854
5.146880890372302	0.8228009938337114
5.2308086695508695	0.7544713666211342
5.240594557248573	0.7459994077895681
5.250380444946277	0.7374332888510631
5.2699522203416835	0.7200317140773855
5.3090957711324975	0.6842443948469729
5.387382872714126	0.6095092121429386
5.543957075877383	0.4538955877498676
5.553742963575087	0.44416076102717356
5.563528851272791	0.4344473489167863
5.583100626668197	0.41509967767564393
5.622244177459011	0.37682425530102076
5.700531279040639	0.30276615273112767
5.710317166738343	0.29381220867889796
5.720103054436047	0.284937248078467
5.739674829831453	0.26743776770645117
5.778818380622267	0.23353356607296205
5.857105482203896	0.17082048238507214
5.867716897446881	0.1629079806462674
5.878328312689865	0.15514725879497657
5.899551143175833	0.14009514653667882
5.941996804147768	0.11196194581365546
5.952608219390752	0.105357881615196
5.963219634633736	0.09893157100678455
5.984442465119705	0.0866236752144431
6.026888126091642	0.06426246234410223
6.0374995413346255	0.05915670011156257
6.048110956577609	0.054249496345305695
6.069333787063578	0.04503951901785488
6.079945202306563	0.04074089204661798
6.090556617549547	0.03664911555401711
6.111779448035515	0.02909337930134985
6.122390863278499	0.025632815918936153
6.133002278521483	0.022385895624654206
6.1436136937644665	0.019354084885941678
6.154225109007451	0.016538752271978607
6.164836524250436	0.013941167367558268
6.17544793949342	0.011562500884087222
6.186059354736404	0.009403824329254098
6.196670769979388	0.007466109704995474
6.207282185222372	0.005750229233757022
6.217893600465356	0.004256955113051026
6.22850501570834	0.0029869592983099848
6.2391164309513245	0.0019408133140363121
6.249727846194309	0.0011189880932484827
6.260339261437293	0.0005218538730077276
6.270950676680277	0.00014968030913691414
6.281562091923261	2.635053181840718e-6
6.292173507166245	0.00008078419042946369
6.302784922409229	0.0003840924984749949
6.313396337652213	0.0009124234571319372
6.324007752895197	0.0016655392868281744
6.334619168138181	0.0026431010154881144
6.345230583381165	0.0038446685739008807
6.355841998624149	0.0052697009195745576
6.366453413867133	0.006917556189076641
6.377064829110118	0.00878749187885998
6.387676244353102	0.010878665053572108
6.398287659596086	0.013190131279126206
6.40889907483907	0.015720848606413526
6.419510490082054	0.018469678744524032
6.430121905325038	0.021435385449765913
6.451344735811006	0.028011995929174253
6.46195615105399	0.031619940708381825
6.4725675662969735	0.035438844896236915
6.493790396782942	0.04370255501154819
6.504401812025927	0.04814363456237385
6.515013227268911	0.05278822182178801
6.536236057754879	0.06267943484559005
6.546142388298246	0.06756722712896465
6.5560487188416126	0.07262476008386724
6.575861379928345	0.08324106033458434
6.615486702101812	0.10641897927198785
6.625393032645179	0.1126055521864265
6.635299363188546	0.1189441861193294
6.6551120242752795	0.1320675797851299
6.694737346448746	0.16002556352067063
6.704643676992113	0.16735569454042754
6.714550007535479	0.17481641916285443
6.734362668622213	0.1901178922009936
6.77398799079568	0.2221556783318747
6.853238635142613	0.29125086885524204
6.86314496568598	0.3002929727459624
6.873051296229347	0.3094134887864753
6.89286395731608	0.3278753361123118
6.9324892794895465	0.365579759580567
7.011739923836481	0.44327874092477254
7.170241212530348	0.6009585349505064
7.1799526624557295	0.610450132608891
7.189664112381112	0.6199000863518633
7.209087012231876	0.6386609222573537
7.247932811933404	0.6755277488966597
7.3256244113364595	0.7458669454649328
7.335335861261841	0.754276213727287
7.345047311187223	0.76258964763726
7.364470211037987	0.7789164516332824
7.403316010739514	0.8102832566463877
7.48100761014257	0.8672217578395526
7.490719060067953	0.8737431744008718
7.500430509993334	0.8801236017541814
7.519853409844098	0.8924516409446627
7.529564859769479	0.8983944923240151
7.539276309694862	0.9041869560240616
7.558699209545626	0.9153123125781598
7.568410659471008	0.9206411076678668
7.578122109396389	0.9258113204459818
7.5975450092471535	0.9356682802484638
7.636390808948681	0.9533967986617584
7.646102258874063	0.9574051029241283
7.655813708799445	0.96124069191544
7.675236608650209	0.9683883342724598
7.684948058575591	0.9716978192769387
7.694659508500973	0.9748294506412087
7.714082408351737	0.9805545638235619
7.723793858277119	0.9831458772115548
7.733505308202501	0.9855550006172018
7.743216758127883	0.987780976874421
7.752928208053264	0.9898229001043063
7.762639657978646	0.9916799159755001
7.772351107904028	0.9933511885426861
7.782062557829411	0.9948360848559246
7.791774007754793	0.9961341627667633
7.802310985225455	0.9973308194420605
7.812847962696118	0.9983066641163507
7.823384940166781	0.9990613447073456
7.833921917637443	0.9995945828339425
7.8444588951081045	0.9999061738463993
7.854995872578767	0.9999959868565116
7.86553285004943	0.9998639647677936
7.876069827520093	0.999510124305665
7.886606804990755	0.9989345560476373
7.897143782461418	0.9981374244535087
7.907680759932081	0.9971189678955585
7.918217737402743	0.9958794986887483
7.9287547148734046	0.9944194244748522
7.939291692344067	0.9927394443386317
7.94982866981473	0.9908404573115638
7.960365647285393	0.9887234363305923
7.9709026247560555	0.9863894262758466
7.981439602226718	0.9838395435933996
7.991976579697381	0.9810749759186095
8.002513557168044	0.9780969817000457
8.013050534638706	0.9749068898239966
8.02358751210937	0.9715060992395619
8.044661467050693	0.964078365810619
8.055198444521356	0.9600545678123514
8.065735421992017	0.9558263600524469
8.086809376933342	0.9467637788335673
8.128957286815993	0.9262729330435364
8.139494264286656	0.9206711460775968
8.150031241757318	0.9148827153970326
8.171105196698644	0.9027563754722339
8.213253106581293	0.8763822064814522
8.223790084051956	0.8693632722502036
8.234327061522617	0.8621800895108885
8.255401016463942	0.8473334969817752
8.297548926346593	0.8158158731301681
8.308085903817256	0.8075771741664389
8.318622881287919	0.7992020602925888
8.339696836229244	0.7820575181709064
8.381844746111895	0.7462978300573652
8.466140565877195	0.6697918781326112
8.47597245864824	0.6605119832368858
8.485804351419286	0.6511701573752186
8.505468136961376	0.6323151301705229
8.544795708045555	0.5940210502118413
8.623450850213917	0.515924792948043
8.633282742984962	0.5060954088844356
8.643114635756007	0.4962637687481062
8.662778421298098	0.47660888435545895
8.702105992382279	0.43743826546047154
8.78076113455064	0.36049417945299417
8.790593027321684	0.35108027984750817
8.80042492009273	0.3417240303021003
8.82008870563482	0.323198898637832
8.859416276719	0.2869973124287242
8.869248169490044	0.2781440172187685
8.879080062261089	0.26937640241135663
8.89874384780318	0.2521118746836536
8.938071418887361	0.21875901452013818
8.947903311658406	0.21068478275073552
8.95773520442945	0.2027224573310424
8.977398989971542	0.18714577618028413
9.016726561055723	0.15746731996937918
9.026558453826768	0.15037169240039358
9.036390346597813	0.1434111976869202
9.056054132139902	0.12990641929671262
9.095381703224083	0.10463392440386703
9.106039123540409	0.09820016733615873
9.116696543856733	0.09194896255850706
9.138011384489385	0.08000546142335187
9.14866880480571	0.07431857545556307
9.159326225122037	0.06882506110129541
9.180641065754688	0.058428052469613495
9.191298486071014	0.053529298565806266
9.20195590638734	0.04883338255935221
9.223270747019992	0.04005851211114298
9.233928167336318	0.035983544076641984
9.244585587652644	0.03211938562074175
9.265900428285295	0.02503041320685681
9.276557848601621	0.021808814327945996
9.287215268917947	0.01880445427763162
9.297872689234273	0.016018698829227015
9.308530109550599	0.01345281732986228
9.319187529866925	0.011107977001434835
9.32984495018325	0.008985243920729103
9.340502370499575	0.007085582715997961
9.3511597908159	0.0054098562926670314
9.361817211132227	0.003958825588166432
9.37247463144855	0.002733149355883872
9.383132051764877	0.0017333839782427548
9.393789472081203	0.0009599833089063034
9.404446892397528	0.00041329854410394846
9.415104312713854	0.00009357812308314062
9.42576173303018	9.676443332984735e-7
9.436419153346506	0.00013550916992361575
9.447076573662832	0.0004971413864424952
9.457733993979158	0.0010857000014130756
9.468391414295484	0.001900917791386536
9.47904883461181	0.0029424246777265306
9.489706254928135	0.004209747831582699
9.500363675244461	0.0057023118080532596
9.511021095560785	0.007419438709536374
9.521678515877111	0.009360348378272071
9.532335936193437	0.011524158618070351
9.542993356509761	0.013909885445230774
9.553650776826087	0.01651644246325768
9.564308197142413	0.019342643480156123
9.574965617458739	0.022387206384316623
9.585623037775065	0.025648750239500622
9.606937878407717	0.03281676486112554
9.617595298724043	0.036719982841602467
9.628252719040368	0.04083367712276774
9.64956755967302	0.049684922099039415
9.660224979989346	0.05441844673905751
9.670882400305672	0.05935439671750399
9.692197240938322	0.06982448251128176
9.702854661254648	0.07535386555754466
9.713512081570972	0.08107616571710305
9.734826922203624	0.0930890578650131
9.777456603468927	0.11930992038039857
9.787919143167269	0.12617572884195585
9.798381682865609	0.13320520289024781
9.81930676226229	0.14774270791887373
9.861156921055654	0.17864164732771504
9.944857238642381	0.24695817543801185
9.955319778340723	0.2560366054166816
9.965782318039064	0.26522183855014664
9.986707397435746	0.2838966684984735
10.02855755622911	0.322348724862203
10.112257873815837	0.4027059050043521
10.122720413514177	0.4129889504101203
10.133182953212518	0.42331015386491655
10.154108032609201	0.444048936697562
10.195958191402564	0.4857839789296873
10.279658508989293	0.5692584127889255
10.447059144162747	0.7281204465344908
10.45681659916147	0.736759093746145
10.466574054160194	0.7453073443557694
10.486088964157641	0.7621200287431554
10.525118784152536	0.7945231741009416
10.53487623915126	0.8023515197762661
10.544633694149983	0.8100648922486335
10.56414860414743	0.8251349542105048
10.603178424142325	0.8537677118032422
10.612935879141048	0.8605954389048363
10.622693334139772	0.8672855199235702
10.642208244137219	0.8802429363872765
10.681238064132113	0.9044013710586207
10.690995519130837	0.910061911783457
10.70075297412956	0.9155664831924128
10.720267884127008	0.9260993757304181
10.7592977041219	0.9452042242761106
10.769055159120622	0.9495607780333143
10.778812614119346	0.9537458358214623
10.798327524116793	0.9615950821524903
10.808084979115517	0.9652565041160683
10.81784243411424	0.9687407148087075
10.837357344111687	0.9751725749837972
10.847114799110411	0.9781178882705647
10.856872254109135	0.9808813183710382
10.866629709107858	0.9834618257619676
10.876387164106582	0.9858584227794748
10.886144619105306	0.9880701738581862
10.895902074104029	0.9900961957706856
10.905659529102753	0.9919356578672914
10.915416984101476	0.9935877823161516
10.9251744391002	0.9950518443436653
10.934931894098924	0.9963271724752223
10.944689349097647	0.9974131525497828
10.95444680409637	0.9983093542401955
10.964204259095094	0.9990155612465164
10.973961714093818	0.9995316215586538
10.983719169092542	0.9998574376240403
10.993476624091265	0.9999929663001104
11.003234079089989	0.9999382188067913
11.012991534088712	0.999693260679007
11.022748989087436	0.9992582117191922
11.03250644408616	0.9986332459498213
11.042263899084883	0.9978185915659482
11.052021354083607	0.9968145308877602
11.06177880908233	0.9956214003131418
11.071536264081054	0.9942395902702538
11.082119246625059	0.9925280908249803
11.092702229169062	0.9905957974399151
11.103285211713064	0.9884434234277119
11.11386819425707	0.9860718044913401
11.124451176801074	0.983482102616638
11.135034159345079	0.9806756347931045
11.156200124433086	0.9744180273794086
11.166783106977089	0.9709698783140986
11.177366089521094	0.9673109433546488
11.198532054609103	0.9593674670018564
11.209115037153108	0.9550864737567689
11.21969801969711	0.9506017899271186
11.240863984785118	0.9410291952686191
11.251446967329123	0.9359453744204707
11.262029949873128	0.9306660419703031
11.283195914961135	0.91952992866271
11.325527845137152	0.8950221363789492
11.336110827681157	0.8884459383485477
11.34669381022516	0.8816959252324227
11.367859775313168	0.8676866670948288
11.410191705489185	0.8377197052760218
11.420774688033188	0.829841077046832
11.431357670577192	0.8218144223133285
11.452523635665202	0.8053312877139907
11.494855565841217	0.7707534043286841
11.57951942619325	0.6960466039166561
11.748847146897315	0.5321033326284051
11.758725044741702	0.5222403297580871
11.768602942586089	0.5123684707958082
11.788358738274862	0.4926139300106627
11.82787032965241	0.4531704821758758
11.906893512407503	0.37540589002953406
11.91677141025189	0.36586441133528974
11.926649308096277	0.35637529129284284
11.94640510378505	0.3375689879951211
11.985916695162597	0.3007464494676395
12.06493987791769	0.23105375376699347
12.074817775762074	0.22277955226250007
12.084695673606461	0.21461357296453668
12.104451469295235	0.19861897230449302
12.143963060672782	0.16806534780234963
12.153840958517169	0.16074340730471998
12.163718856361555	0.15355385360890136
12.183474652050329	0.13958312987786742
12.222986243427876	0.11335056317639039
12.232864141272263	0.10716345149763201
12.24274203911665	0.10112966016265652
12.262497834805423	0.08953136755650597
12.27237573264981	0.08397137619735548
12.282253630494196	0.07857373531788518
12.30200942618297	0.06827390247347753
12.311887324027357	0.06337574122574999
12.321765221871743	0.05864799156317001
12.341521017560517	0.04971104300143922
12.351398915404904	0.04550533037017043
12.36127681324929	0.041477001009494516
12.381032608938064	0.03395870001017843
12.391736034327732	0.030188511780593515
12.4024394597174	0.02663359921297968
12.413142885107067	0.02329559551813211
12.423846310496733	0.020176033906789965
12.4345497358864	0.01727634581256419
12.445253161276067	0.014597860951551606
12.455956586665735	0.012141806940518645
12.466660012055403	0.009909308944796134
12.47736343744507	0.007901389355889058
12.488066862834737	0.006118967498799405
12.498770288224403	0.004562859369060915
12.50947371361407	0.0032337773994887413
12.520177139003739	0.0021323302566418237
12.530880564393406	0.0012590228946869797
12.541583989783074	0.0006142565161996264
12.55228741517274	0.00019832658260584806
12.562990840562406	0.000011423606429753728
12.573694265952074	0.00005363320026039017
12.584397691341742	0.0003249360522437216
12.59510111673141	0.0008252079316085723
12.605804542121078	0.0015542197242265987
12.616507967510744	0.0025116374982059346
12.62721139290041	0.0036970225995193785
12.637914818290078	0.0051098317776659
12.648618243679746	0.006749417341365595
12.659321669069413	0.008615026748162823
12.670025094459081	0.010705803331367149
12.680728519848747	0.013020789836548792
12.691431945238413	0.015558926734957493
12.702135370628081	0.018319052413110295
12.723542221407417	0.024500115250043124
12.734245646797085	0.027918221889534387
12.74494907218675	0.031552657080324176
12.766355922966085	0.03946374755984231
12.777059348355753	0.043736771442674044
12.78776277374542	0.04821886266352088
12.809169624524754	0.057801943955355956
12.81987304991442	0.06289855219547562
12.830576475304088	0.06819546103933491
12.851983326083424	0.0793803889478758
12.894797027642092	0.1040410140500241
12.90550045303176	0.11066702288762438
12.916203878421427	0.11747142955388482
12.937610729200761	0.13160292078792946
12.980424430759431	0.16186444260391264
13.066051833876768	0.22958048501411726
13.076560378648452	0.23847860613901073
13.087068923420134	0.2474922560777566
13.108086012963497	0.26585010171593704
13.150120192050228	0.30377323491189523
13.234188550223688	0.3835004375060284
13.402325266570609	0.5504701280102751
13.412833811342292	0.5609131939510423
13.423342356113974	0.5713293671940949
13.444359445657337	0.5920624567779761
13.486393624744068	0.6330037543780712
13.570461982917529	0.7117866000142177
13.58097052768921	0.7212582584275392
13.591479072460894	0.7306322206883958
13.612496162004259	0.7490706494096661
13.65453034109099	0.7845962859635227
13.738598699264449	0.8493779794792208
13.748402159336514	0.8563235617442642
13.758205619408578	0.8631322416377276
13.77781253955271	0.8763282842131926
13.81702637984097	0.9009635795702275
13.826829839913035	0.9067426044342416
13.836633299985099	0.9123653126843464
13.85624022012923	0.9231333557775698
13.89545406041749	0.9427035004210642
13.905257520489556	0.947175239917131
13.91506098056162	0.9514749987238084
13.934667900705751	0.9595516926888727
13.944471360777817	0.9633255533787493
13.954274820849882	0.9669212500492743
13.973881740994011	0.9735729634085631
13.983685201066077	0.9766265153778634
13.99348866113814	0.9794969744150297
14.003292121210206	0.9821832385872249
14.013095581282272	0.9846842586072524
14.022899041354338	0.986999038097983
14.032702501426403	0.9891266338571661
14.042505961498467	0.991066156122628
14.052309421570532	0.992816768837858
14.062112881642598	0.9943777050006524
14.071916341714662	0.9957483994300773
14.081719801786727	0.9969284252459625
14.091523261858793	0.9979174116671358
14.101326721930858	0.998715043101191
14.111130182002924	0.999321059173781
14.120933642074988	0.9997352547579146
14.130737102147053	0.9999574800032582
14.140540562219119	0.9999876403654424
14.150344022291183	0.9998256966353722
14.160147482363248	0.9994716649685438
14.169950942435314	0.9989256169143637
14.17975440250738	0.998187679445475
14.189557862579445	0.9972580358391897
14.199361322651509	0.9961370068390246
14.209164782723574	0.9948251173162057
14.21896824279564	0.9933229626636213
14.228771702867704	0.991631192819355
14.23857516293977	0.9897505120582817
14.248378623011835	0.9876816787839015
14.2581820830839	0.9854255053204072
14.267985543155966	0.9829828577049914
14.287592463300095	0.977541871487646
14.29739592337216	0.9745455316591564
14.307199383444225	0.9713667148118916
14.326806303588356	0.96446625159144
14.336609763660421	0.9607472249706522
14.346413223732487	0.9568509983707857
14.366020143876616	0.9485332971857142
14.376649131493963	0.9437352642774949
14.387278119111308	0.9387368598252166
14.408536094345997	0.928148056746088
14.45105204481538	0.9046699543832047
14.461681032432725	0.8983360181642186
14.472310020050072	0.8918219221833756
14.493567995284764	0.8782655082617743
14.536083945754147	0.8491286709417153
14.546712933371492	0.84144193058784
14.557341920988838	0.8336009455774662
14.57859989622353	0.8174701748225568
14.621115846692913	0.7835156984937074
14.706147747631677	0.7097231672721843
14.716776735249024	0.7000277829867898
14.727405722866369	0.6902418445600577
14.748663698101058	0.670416363111264
14.791179648570441	0.6298784047046769
14.876211549509208	0.5462870052507411
15.046275351386738	0.37754810288733515
15.056199254304467	0.3679512626449745
15.066123157222194	0.358406416822213
15.085970963057651	0.339487615578554
15.125666574728564	0.30243784763983267
15.20505779807039	0.23229841542334836
15.214981700988119	0.223969947476587
15.224905603905846	0.21575020759256222
15.244753409741303	0.19964987206918053
15.284449021412216	0.16889369839548288
15.294372924329945	0.16152330911724994
15.304296827247672	0.15428624501687188
15.32414463308313	0.1402233933882689
15.363840244754043	0.11381935604826958
15.373764147671771	0.10759232519294976
15.383688050589498	0.10151988515319633
15.403535856424956	0.08984827436535014
15.413459759342684	0.08425369250651729
15.423383662260413	0.07882287811751523
15.443231468095869	0.0684610188996193
15.453155371013597	0.06353405907138233
15.463079273931324	0.05877903106462304
15.482927079766782	0.04979220909241182
15.49285098268451	0.045563958636655334
15.50277488560224	0.04151472614625078
15.522622691437695	0.033959619403146755
15.532546594355424	0.030456717420315724
15.54247049727315	0.02713877721298112
15.55239440019088	0.02400710340545387
15.562318303108608	0.02106292851922387
15.572242206026337	0.01830741554451359
15.582166108944065	0.015741651834547066
15.592090011861792	0.013366649156595722
15.602013914779521	0.011183343574544079
15.61193781769725	0.00919259521796774
15.621861720614977	0.007395188070134648
15.631785623532705	0.005791829774934161
15.641709526450434	0.004383151462736115
15.651633429368163	0.003169707595173824
15.661557332285891	0.0021519758288559856
15.671481235203618	0.0013303568980055887
15.681405138121347	0.00070517465701926
15.69113416042109	0.00028319615491099857
15.700863182720834	0.000050412145246882885
15.710592205020578	6.9105952227304806e-6
15.720321227320323	0.00015270790465168183
15.730050249620067	0.0004877489020925551
15.73977927191981	0.0010119068578914113
15.749508294219552	0.0017249835141369093
15.759237316519297	0.0026267091315287988
15.768966338819041	0.003716742553159409
15.778695361118784	0.004994671285209137
15.788424383418526	0.006460011594555784
15.79815340571827	0.008112208623296414
15.807882428018015	0.009950636520182242
15.817611450317758	0.011974598588968063
15.8273404726175	0.014183327020525466
15.837069494917245	0.01657598182503186
15.846798517216989	0.01915165762684971
15.856527539516732	0.021909380920391814
15.875985584116219	0.027966732937532525
15.885714606415963	0.03126407237894453
15.895443628715705	0.03473888128702052
15.914901673315192	0.042215583604091264
15.924630695614937	0.046214647229332544
15.93435971791468	0.05038552142381284
15.953817762514166	0.059236310902402736
15.99273385171314	0.07892566518058587
16.002462874012885	0.08425132967857021
16.01219189631263	0.0897343951970924
16.031649940912114	0.10116439324474966
16.070566030111088	0.12581819037114178
16.080295052410833	0.13234182133110944
16.090024074710577	0.13900465812592858
16.109482119310062	0.1527377666511434
16.148398208509036	0.18175954514809115
16.15812723080878	0.18932313874446074
16.167856253108525	0.19700436407840347
16.18731429770801	0.2127080786924315
16.226230386906984	0.2453965937936827
16.304062565304932	0.31519059084706585
16.314617115149957	0.3250379891566885
16.32517166499498	0.3349633860632659
16.346280764685027	0.35503051689839366
16.388498964065125	0.3959043207605832
16.472935362825318	0.47957856347116073
16.483489912670343	0.49012798674872615
16.494044462515365	0.5006819053330281
16.515153562205413	0.5217844096094919
16.55737176158551	0.5638357182270712
16.641808160345704	0.6462740857445626
16.65236271019073	0.6563336827281216
16.66291726003575	0.6663237294998678
16.6840263597258	0.6860772465202579
16.726244559105897	0.7245536038066679
16.73679910895092	0.7339327488125827
16.747353658795944	0.7432076363074092
16.768462758485995	0.7614284187274258
16.81068095786609	0.79644228724466
16.821235507711116	0.804875442212716
16.831790057556137	0.8131727746577505
16.852899157246185	0.829344885129921
16.89511735662628	0.8598985699662833
16.905671906471305	0.8671444269917108
16.916226456316327	0.8742268035187092
16.937335556006374	0.887888616474502
16.979553755386473	0.913115986430859
16.989403220531877	0.9185839453382327
16.999252685677284	0.9238893084502687
17.0189516159681	0.9340044204440436
17.028801081113507	0.9388103769834846
17.038650546258914	0.9434461524735283
17.05834947654973	0.9522001080816274
17.068198941695137	0.9563148852079038
17.078048406840544	0.9602526761320925
17.097747337131356	0.9675910441033808
17.10759680227676	0.970988620803079
17.117446267422167	0.974203227339692
17.137145197712982	0.980078815996561
17.14699466285839	0.9827376906662534
17.156844128003797	0.9852093046422737
17.166693593149205	0.9874927402117618
17.17654305829461	0.9895871342754633
17.186392523440013	0.9914916785406251
17.19624198858542	0.9932056197140842
17.206091453730828	0.9947282596955608
17.215940918876235	0.9960589557711539
17.225790384021643	0.997197120807034
17.23563984916705	0.998142223443339
17.245489314312458	0.9988938102234332
17.255338779457862	0.9994516383427607
17.265188244603266	0.9998155878047235
17.275037709748673	0.999985595385908
17.28488717489408	0.9999616543397926
17.29473664003949	0.9997438143553037
17.304586105184896	0.9993321815153834
17.314435570330303	0.9987269182555637
17.32428503547571	0.9979282433225529
17.334134500621115	0.9969364317328288
17.34398396576652	0.9957518147312409
17.353833430911926	0.9943747797496233
17.363682896057334	0.9928057703654172
17.37353236120274	0.9910453147357339
17.38338182634815	0.9890941549925161
17.393231291493557	0.9869531429207493
17.403080756638964	0.9846231850727392
17.412930221784368	0.9821052424430421
17.422779686929772	0.9794003301939177
17.43262915207518	0.9765095173811923
17.452328082365995	0.9701747341141043
17.462177547511402	0.9667331687776802
17.47202701265681	0.9631105125681027
17.49172594294762	0.9553273174900327
17.501575408093025	0.9511696389479977
17.511424873238433	0.9468367434375723
17.531123803529248	0.9376524342603432
17.540973268674655	0.9328047083464224
17.550822733820063	0.9277891399872614
17.570521664110874	0.9172623748988309
17.6099195246925	0.8942842167516819
17.62059451738319	0.8876303919546846
17.631269510073874	0.8807996556546491
17.652619495455248	0.8666203601470478
17.695319466218	0.836284516467736
17.780719407743497	0.7684997438127207
17.791394400434186	0.7594337767639674
17.80206939312487	0.7502496430357759
17.823419378506244	0.7315437469269677
17.866119349268995	0.6929012670590915
17.951519290794494	0.611687747427318
17.962194283485182	0.6012579769116477
17.972869276175867	0.5907821018203232
17.99421926155724	0.5697109664838069
18.036919232319992	0.5272249448154659
18.12231917384549	0.44196993412877217
18.293119056896483	0.2789569134934137
18.303599168969185	0.26960560129017686
18.314079281041888	0.26035553935965083
18.335039505187293	0.24217542821351853
18.376959953478103	0.2072060300272653
18.387440065550805	0.19877585300111203
18.397920177623508	0.19047799704725196
18.418880401768913	0.17429366840486954
18.460800850059723	0.1436686802908619
18.471280962132425	0.13639553187840955
18.481761074205128	0.12928214253849288
18.502721298350533	0.11554708778095062
18.513201410423235	0.1089314566539652
18.523681522495938	0.10248765152027386
18.544641746641343	0.0901267382710658
18.555121858714045	0.08421504263805521
18.565601970786748	0.07848599649006963
18.586562194932153	0.06758579529050641
18.597042307004855	0.06241942436832441
18.607522419077558	0.05744527729386257
18.628482643222963	0.04808234191142073
18.638962755295665	0.04369767687768663
18.649442867368368	0.03951348109979278
18.670403091513773	0.03175376234595362
18.680883203586475	0.028181646206167702
18.691363315659178	0.024816812058865607
18.712323539804583	0.01871480059867422
18.722803651877285	0.01598029871305352
18.733283763949988	0.013458428943474921
18.74376387602269	0.0111502974024355
18.754243988095393	0.009056917981246165
18.764724100168095	0.007179215558779937
18.775204212240798	0.005518016634522438
18.7856843243135	0.004074051502189578
18.796164436386203	0.0028479547024134726
18.806644548458905	0.0018402648483093864
18.817124660531608	0.0010514244774960072
18.82760477260431	0.0004817799305690996
18.838084884677013	0.0001315812560285303
18.848564996749715	9.821416586447877e-7
18.859045108822418	0.00009003987236201391
18.86952522089512	0.0003987153144465444
18.880005332967823	0.0009268729263659516
18.890485445040525	0.0016742807959135985
18.900965557113228	0.002640610703869696
18.91144566918593	0.00382543821410187
18.921925781258633	0.005228241109797513
18.932405893331335	0.006848400551284118
18.942886005404038	0.00868520509488168
18.95336611747674	0.010737848715802153
18.963846229549443	0.013005431008316479
18.973621256922527	0.015313313202997576
18.983396284295615	0.01780644056773692
18.9931713116687	0.020483861652680704
19.002946339041785	0.02334455440411213
19.01272136641487	0.026387426408248704
19.022496393787954	0.029611315152104856
19.042046448534123	0.03659714399561514
19.051821475907207	0.04035641115989131
19.061596503280292	0.044291349834281055
19.081146558026465	0.05268213836116085
19.120246667518806	0.07150098659214878
19.13002169489189	0.07661976399567517
19.139796722264975	0.0819003617062299
19.159346777011145	0.09293890392583534
19.198446886503486	0.11686512442566896
19.20822191387657	0.12321865555368733
19.21799694124966	0.1297161916158676
19.237546995995828	0.14313323887500395
19.276647105488166	0.1715820219714212
19.28642213286125	0.17901488266438345
19.296197160234335	0.18657043250850713
19.315747214980505	0.20203805144291073
19.354847324472846	0.23431585731994753
19.433047543457526	0.30353582215274083
19.58944798142689	0.4545565785062505
19.600048536345255	0.4651225136679884
19.61064909126362	0.4757041375438795
19.631850201100352	0.4968955402083338
19.674252420773815	0.5392577746751803
19.75905686012074	0.6228317439289145
19.769657415039106	0.6330790963348516
19.78025796995747	0.6432667258143387
19.801459079794203	0.66344443688712
19.843861299467665	0.7028819124625973
19.92866573881459	0.7771088999879793
19.939266293732956	0.7858698236957237
19.94986684865132	0.7945021647652063
19.971067958488053	0.8113653577892133
20.013470178161516	0.843382761726208
20.02407073307988	0.8510103246150107
20.034671287998247	0.8584802457160049
20.055872397834978	0.8729336994679628
20.09827461750844	0.8998038108691931
20.108875172426806	0.9060790556159802
20.119475727345172	0.9121717690885042
20.140676837181903	0.923798995289679
20.15127739210027	0.929328357707462
20.161877947018635	0.9346648896138109
20.183079056855366	0.9447498501055026
20.19367961177373	0.9494936328989567
20.204280166692097	0.9540352949983163
20.22548127652883	0.9625038009891465
20.236081831447194	0.9664269170229496
20.24668238636556	0.9701403659375575
20.26788349620229	0.9769319727610958
20.27777896642104	0.979809299012845
20.28767443663979	0.9824988289184594
20.297569906858538	0.9849994958127046
20.307465377077285	0.9873102880195906
20.317360847296033	0.9894302491239477
20.32725631751478	0.9913584782433963
20.33715178773353	0.9930941303007076
20.347047257952276	0.9946364324382987
20.356942728171024	0.9959848178476995
20.36683819838977	0.9971388578024691
20.376733668608523	0.9980981816391222
20.38662913882727	0.9988624759932575
20.39652460904602	0.9994314848304957
20.40642007926477	0.9998050094774223
20.416315549483517	0.9999829086525354
20.426211019702265	0.9999650984971978
20.436106489921013	0.9997515526065957
20.44600196013976	0.999342302060701
20.455897430358508	0.9987374354552391
20.465792900577256	0.9979370989326619
20.475688370796004	0.9969415136571541
20.48558384101475	0.9957511102037777
20.495479311233503	0.9943664544628082
20.50537478145225	0.9927881697449361
20.515270251670998	0.9910169359222707
20.52516572188975	0.9890534892165465
20.535061192108497	0.9868986219875642
20.544956662327245	0.9845531825218622
20.554852132545992	0.9820180748216298
20.56474760276474	0.9792942583938534
20.584538543202235	0.9732846136441222
20.594434013420983	0.9700009799657361
20.60432948363973	0.9665330446004535
20.624120424077226	0.959049997988914
20.634015894295974	0.9550379922052059
20.64391136451472	0.9508478214870654
20.66370230495222	0.9419397615821699
20.67359777517097	0.9372253865939111
20.68349324538972	0.932339874188353
20.703284185827215	0.9220630105689429
20.742866066702206	0.899541866564778
20.752761536920953	0.8935143643935535
20.7626570071397	0.887332736320319
20.7824479475772	0.8745170468813103
20.822029828452195	0.8471478461603104
20.90119359020218	0.7860699497644493
20.910894179802945	0.7780605002211634
20.920594769403706	0.7699464863796244
20.939995948605237	0.7534170145208516
20.97879830700829	0.7192393741397438
21.056403023814397	0.6471360479580339
21.21161245742661	0.49413807584807473
21.221313047027373	0.48444003668213914
21.231013636628138	0.4747478307870616
21.250414815829664	0.455395342781566
21.289217174232718	0.4169202187851749
21.366821891038825	0.34170029363043225
21.376522480639586	0.3325290994125118
21.38622307024035	0.32342086766969613
21.40562424944188	0.305407107019246
21.44442660784493	0.27028529784692934
21.522031324651042	0.204393749016953
21.53255744179709	0.19597033114790308
21.54308355894313	0.18768165601362277
21.564135793235216	0.1715232136347715
21.606240261819394	0.1409809133191692
21.616766378965437	0.13373484533079583
21.627292496111483	0.12665108387364324
21.648344730403572	0.11298291997333178
21.69044919898775	0.08772750332188353
21.700975316133793	0.08186365270282292
21.71150143327984	0.07618512458203923
21.732553667571928	0.06539400747944132
21.74307978471797	0.060286191635501536
21.753605901864013	0.0553732432498891
21.774658136156102	0.046140548698378206
21.78518425330215	0.041824898913262874
21.79571037044819	0.03771230187292556
21.806236487594234	0.03380458358510424
21.816762604740276	0.030103477760068293
21.82728872188632	0.026610625328594657
21.837814839032365	0.023327573986440336
21.858867073324454	0.01739659663034342
21.869393190470497	0.014751296104024883
21.879919307616543	0.012321046916692004
21.89044542476259	0.010106924683464727
21.900971541908632	0.008109909841630025
21.911497659054675	0.006330889680170297
21.922023776200717	0.004770653921019485
21.93254989334676	0.0034298944166853773
21.943076010492806	0.0023092054810894074
21.953602127638852	0.0014090837247976173
21.964128244784895	0.0007299279174078557
21.974654361930938	0.0002720388770963682
21.98518047907698	0.00003561938732403749
21.995706596223023	0.000020774140699910152
22.00623271336907	0.00022750971000369994
22.016758830515116	0.0006557345463665267
22.02728494766116	0.0013052590046101137
22.0378110648072	0.002175794602197972
22.048337181953247	0.003266954527930186
22.058863299099293	0.004578255257475332
22.069389416245336	0.0061091160825741675
22.07991553339138	0.007858859270720869
22.09044165053742	0.009826710252370783
22.100967767683464	0.012011797835011063
22.11149388482951	0.014413154444092737
22.122020001975557	0.01702971639082063
22.1325461191216	0.019860324166807986
22.143072236267642	0.022903722765593028
22.153598353413685	0.02615856203101172
22.164124470559727	0.029623397032435172
22.174650587705774	0.0332966879930802
22.195702821997862	0.041262016930500606
22.205523854444287	0.04525695369704127
22.215344886890716	0.049427328953626906
22.23498695178357	0.05828790628437412
22.244807984229993	0.06297469569730196
22.25462901667642	0.06783009909771807
22.274271081569275	0.07803919090817231
22.2840921140157	0.08338893684190182
22.293913146462128	0.08889941276499334
22.31355521135498	0.10039395852402869
22.352839341140687	0.12521393279151616
22.36266037358711	0.13178652171970717
22.37248140603354	0.1385011797912069
22.392123470926393	0.15234631023473297
22.4314076007121	0.18162397447738413
22.509975860283514	0.2458787413004459
22.519796892729943	0.25438517225352153
22.529617925176368	0.2629863996812582
22.549259990069224	0.28045994681533903
22.58854411985493	0.3163961236948776
22.667112379426342	0.3914364893505129
22.824248898569166	0.5476288558676742
22.834895458560872	0.5582155425233752
22.84554201855258	0.568775917215963
22.866835138535997	0.5897984457443882
22.909421378502824	0.6313159365460314
22.99459385843648	0.7112007197134288
23.005240418428187	0.7208025919908412
23.015886978419896	0.7303043107368706
23.03718009840331	0.7489897250364068
23.07976633837014	0.78497148767364
23.164938818303796	0.8504951333628715
23.1755853782955	0.8580079735549925
23.18623193828721	0.8653582947575793
23.207525058270626	0.8795585443847878
23.218171618262332	0.8864021868647266
23.228818178254038	0.8930707436664727
23.250111298237453	0.9058706502658539
23.260757858229162	0.9119961706632879
23.271404418220868	0.9179349482581519
23.29269753820428	0.9292412749470245
23.33528377817111	0.9494981320754969
23.345930338162816	0.9540584217197782
23.356576898154525	0.9584129735679281
23.37787001813794	0.9664970778178258
23.388516578129646	0.9702229114683717
23.399163138121356	0.9737355709207982
23.42045625810477	0.9801147105248841
23.431102818096477	0.9829781560106561
23.441749378088186	0.9856225216736283
23.452395938079896	0.9880467070517223
23.4630424980716	0.9902496866322542
23.473689058063307	0.9922305100800893
23.484335618055013	0.993988302465996
23.49498217804672	0.9955222644952106
23.50562873803843	0.9968316727362042
23.51557021333052	0.9978510516479732
23.525511688622608	0.9986736025983628
23.5354531639147	0.9992989167953656
23.54539463920679	0.9997266537256566
23.55533611449888	0.999956664650448
23.56527758979097	0.9999889547817904
23.57521906508306	0.9998235900646271
23.58516054037515	0.9994606950398679
23.595102015667237	0.9989004527697563
23.60504349095933	0.9981431047632644
23.61498496625142	0.99718895090152
23.624926441543508	0.9960383493632583
23.634867916835596	0.9946917165503025
23.644809392127687	0.9931495270130751
23.65475086741978	0.9914123133761379
23.664692342711867	0.9894806674760245
23.674633818003954	0.9873553239362289
23.684575293296046	0.9850372136104225
23.694516768588137	0.9825273367488027
23.704458243880225	0.9798267498130121
23.714399719172313	0.9769365651674405
23.724341194464404	0.9738579507710261
23.744224145048584	0.9671403806884488
23.75416562034067	0.9635040361260528
23.764107095632763	0.9596844834474192
23.783990046216942	0.9515015728013724
23.8237559473853	0.9330066711851276
23.83369742267739	0.9279502975306131
23.84363889796948	0.9227248479701883
23.86352184855366	0.9117750772674444
23.90328774972202	0.8879411978019783
23.913229225014106	0.8815930336120198
23.923170700306198	0.8750938689433166
23.943053650890377	0.8616531969451982
23.98281955205874	0.8330793397468564
23.99276102735083	0.8255997287744364
24.00270250264292	0.817991451252159
24.0225854532271	0.8024007667917423
24.06235135439546	0.7698090829952994
24.141883156732177	0.6997268566789218
24.151629751406283	0.6907543215364297
24.161376346080388	0.6817091659437077
24.1808695354286	0.6634149759883126
24.21985591412502	0.6261100760113512
24.29782867151786	0.5494337506709484
24.45377418630354	0.3943707328534805
24.463520780977646	0.3848647898560389
24.47326737565175	0.3754026387130741
24.492760564999962	0.3566240332324937
24.53174694369638	0.31974844867953783
24.60971970108922	0.24949961393165965
24.619466295763324	0.24111265380574975
24.62921289043743	0.23282410439858825
24.64870607978564	0.21655474262643568
24.68769245848206	0.1853321180238905
24.697439053156167	0.1778179211083475
24.707185647830272	0.17042611236253413
24.726678837178483	0.15602092236925522
24.7656652158749	0.12880013914128494
24.776237338094283	0.121800790497717
24.78680946031367	0.11497054757486799
24.807953704752443	0.10182948466455258
24.81852582697183	0.09552451903240132
24.829097949191215	0.08940036621100417
24.850242193629988	0.0777053176391174
24.860814315849375	0.07213964650092274
24.87138643806876	0.06676524222656412
24.89253068250753	0.05659979569034011
24.903102804726913	0.051813309781281285
24.9136749269463	0.047227202158594495
24.934819171385072	0.03866423374653232
24.94539129360446	0.03469119854570006
24.955963415823845	0.030926191739258865
24.96653553804323	0.027370893364337245
24.977107660262615	0.024026889486673624
24.987679782481997	0.02089567175970651
24.998251904701384	0.017978637010421537
25.00882402692077	0.015277086851948585
25.019396149140157	0.012792229800871776
25.029968271359543	0.010525183185358056
25.04054039357893	0.008476962282835662
25.051112515798316	0.0066484836654152005
25.0616846380177	0.005040565173982988
25.07225676023708	0.003653925689276269
25.082828882456468	0.0024891849308063384
25.093401004675854	0.0015468632836254145
25.10397312689524	0.0008273816529363494
25.114545249114627	0.00033106134654889245
25.125117371334014	0.00005812398518016794
25.1356894935534	8.69144059986963e-6
25.146261615772783	0.00018278580162006607
25.156833737992166	0.0005803293679299556
25.167405860211552	0.0012011446717754524
25.17797798243094	0.002044954439884831
25.188550104650325	0.003111379562483448
25.19912222686971	0.004399942129527837
25.209694349089098	0.005910066216191067
25.220266471308484	0.007641077353615281
25.230838593527867	0.009592202716579684
25.24141071574725	0.011762571338628132
25.251982837966636	0.014151214354650927
25.27312708240541	0.019578960262601423
25.283699204624796	0.02261563849868144
25.294271326844182	0.025865742494404334
25.31541557128295	0.03300031686364379
25.325987693502334	0.03688159255497495
25.33655981572172	0.04096990553860052
25.357704060160493	0.049760205215347644
25.36827618237988	0.054458260975992226
25.378848304599266	0.05935549286076203
25.39999254903804	0.06973866799985698
25.44228103791558	0.09279322997767885
25.452148075435346	0.09859788490762728
25.462015112955115	0.10455886936079094
25.48174918799465	0.11694045704306377
25.521217338073726	0.14347304549740325
25.600153638231873	0.2030196162027259
25.61002067575164	0.21101497912489123
25.61988771327141	0.21912291516453922
25.639621788310947	0.23566378987058642
25.679089938390018	0.2699539079379761
25.75802623854816	0.3426081365723189
25.76789327606793	0.352003699618661
25.7777603135877	0.3614569624855639
25.797494388627236	0.38052178142123605
25.83696253870631	0.4191793947856072
25.915898838864454	0.4977590246748833
26.073771439180746	0.6531312034602729
26.084464004245795	0.6632743447592837
26.095156569310845	0.6733426746810506
26.11654169944094	0.6932365125358458
26.159311959701135	0.7319282909490958
26.170004524766185	0.7413472764706184
26.180697089831234	0.7506559947559226
26.20208221996133	0.7689255016490046
26.244852480221525	0.8039551756829576
26.255545045286574	0.8123746860663513
26.266237610351624	0.8206513852932301
26.28762274048172	0.8367614636802228
26.330393000741914	0.8671067871910602
26.341085565806964	0.8742819454297582
26.351778130872013	0.881285782275231
26.373163261002112	0.8947666103673352
26.415933521262307	0.919538753776557
26.426626086327353	0.9252593129432399
26.437318651392403	0.9307855333892863
26.4587037815225	0.9412447745409954
26.46939634658755	0.9461728670504862
26.4800889116526	0.9508967659804882
26.5014740417827	0.959723210359716
26.51216660684775	0.9638219093325904
26.5228591719128	0.9677085258094864
26.53355173697785	0.9713813499919636
26.544244302042895	0.9748387449625936
26.55493686710794	0.9780791471167667
26.56562943217299	0.9811010665952303
26.57632199723804	0.983903087717361
26.58701456230309	0.9864838694151821
26.59770712736814	0.9888421456681109
26.60839969243319	0.9909767259384438
26.619092257498238	0.9928865189410637
26.629784822563284	0.9945707043638804
26.64047738762833	0.9960286359098655
26.65116995269338	0.997259745818781
26.66186251775843	0.9982635442532285
26.67255508282348	0.9990396193760165
26.68324764788853	0.999587637427547
26.693940212953578	0.9999073428032287
26.704632778018627	0.9999985581309109
26.715325343083673	0.9998611843483419
26.72601790814872	0.9994952007806488
26.73671047321377	0.998900665217841
26.74740303827882	0.9980777268831396
26.758095603343868	0.9970267885179587
26.76859328779093	0.9957737861651046
26.779090972237995	0.9943022536079064
26.789588656685062	0.9926129125762424
26.800086341132126	0.9907065564525567
26.81058402557919	0.9885840500128227
26.821081710026256	0.9862463291677901
26.83157939447332	0.9836944007045124
26.842077078920383	0.9809293420281433
26.852574763367446	0.9779523009040206
26.86307244781451	0.9747644952000255
26.884067816708637	0.9677619783374232
26.8945655011557	0.9639504798797743
26.905063185602764	0.9599344816009537
26.926058554496894	0.9512963557264618
26.936556238943957	0.9466780767366143
26.947053923391024	0.941862994042167
26.96804929228515	0.9316508224817823
27.010040030073405	0.9089617681357731
27.02053771452047	0.9028323160007097
27.031035398967532	0.8965253785551852
27.052030767861662	0.8833902875978673
27.09402150564992	0.8551169695710099
27.104519190096983	0.8476490878112208
27.115016874544047	0.8400279205893222
27.136012243438174	0.8243394692851407
27.17800298122643	0.7912767219745868
27.261984456802942	0.7192383001600208
27.429947407955968	0.5588520651441482
27.439740007703413	0.5491167593084084
27.449532607450863	0.5393626196525496
27.469117806945754	0.5198128983865269
27.508288205935543	0.4806527809371594
27.586629003915114	0.40292730131413457
27.59642160366256	0.39334030234063583
27.606214203410005	0.38379423828884857
27.6257994029049	0.3648394678634288
27.664969801894685	0.32758032170039025
27.74331059987426	0.25645747997305174
27.753103199621705	0.24795228649144546
27.762895799369154	0.23954373870618986
27.782480998864045	0.22302952686675567
27.821651397853834	0.19130075535746788
27.83144399760128	0.18365714241192183
27.841236597348725	0.17613488084104373
27.86082179684362	0.16146585928996823
27.899992195833406	0.13370728988241784
27.90978479558085	0.1271123438172168
27.919577395328297	0.12066043489113515
27.93916259482319	0.1081955857076589
27.948955194570637	0.10218742740539236
27.958747794318086	0.09633186900400423
27.978332993812977	0.08508745823589646
27.988125593560426	0.07970290684199362
27.99791819330787	0.07447955627172527
28.017503392802766	0.06452439566836655
28.05667379179255	0.04663251380004743
28.067291919085278	0.042257396919011946
28.07791004637801	0.03808871113727852
28.088528173670735	0.034128334791987854
28.09914630096346	0.030378051543598426
28.109764428256188	0.02683954987450419
28.120382555548915	0.023514422615083595
28.141618810134368	0.017510183482747667
28.152236937427094	0.014833782901551662
28.16285506471982	0.012376173653110797
28.17347319201255	0.010138465061114417
28.184091319305278	0.008121666670334735
28.194709446598004	0.006326687961576498
28.205327573890735	0.004754338095108208
28.21594570118346	0.0034053256825665023
28.226563828476188	0.0022802585873306076
28.237181955768914	0.001379643753376638
28.24780008306164	0.0007038870626036281
28.258418210354368	0.0002532932206346198
28.269036337647094	0.00002806569256486488
28.27965446493982	0.000028306331987962088
28.290272592232547	0.0002540148175971058
28.300890719525277	0.0007050892730138476
28.311508846818004	0.001381326363632591
28.32212697411073	0.0022824213538627084
28.33274510140346	0.0034079681929222783
28.343363228696187	0.004757459629183108
28.353981355988914	0.006330287353072127
28.36459948328164	0.008125742168521716
28.375217610574367	0.010143014192974465
28.385835737867094	0.012381193085940217
28.39645386515982	0.01483926822705905
28.407071992452547	0.01751612765403076
28.417690119745274	0.020410564331005857
28.428308247038004	0.023521275040875072
28.43892637433073	0.026846859243312933
28.449544501623457	0.030385819467614372
28.460162628916187	0.03413656173319017
28.48139888350164	0.04226653663303874
28.492017010794367	0.04664210292854373
28.502635138087093	0.05122211962245544
28.523871392672547	0.06098713378297424
28.566343901843457	0.08287344902548832
28.576962029136183	0.08882168226109953
28.587580156428913	0.09495535256316415
28.608816411014367	0.107767868886773
28.651288920185273	0.13549095908471914
28.661907047478	0.14284064784075554
28.672525174770726	0.15035136541699673
28.693761429356183	0.16584233500397144
28.736233938527093	0.19860353365294053
28.7461469811202	0.20657189570862272
28.75606002371331	0.2146556099546747
28.77588610889953	0.23115629055984596
28.81553827927197	0.2653985800940397
28.89484262001685	0.3380831111903527
29.053451301506605	0.49371939469623555
29.063364344099714	0.5036320937599625
29.073277386692823	0.5135433796400164
29.093103471879044	0.5333462268618963
29.13275564225148	0.5727642860776704
29.21205998299636	0.6499819898632808
29.22197302558947	0.6594084500501838
29.231886068182583	0.6687723321837521
29.2517121533688	0.6872976058034264
29.29136432374124	0.7234357116223722
29.370668664486118	0.7912792835867168
29.380386826461244	0.7991228120675584
29.39010498843637	0.8068533153924442
29.40954131238662	0.8219633415874634
29.44841396028712	0.8507010273995282
29.458132122262242	0.8575610247681085
29.467850284237368	0.864286049231477
29.487286608187617	0.8773210573064472
29.526159256088118	0.9016621268052473
29.535877418063244	0.90737336551563
29.545595580038366	0.9129306068754328
29.56503190398862	0.9235750444807062
29.57475006596374	0.9286583233097963
29.584468227938867	0.9335797708073673
29.603904551889116	0.9429298262928124
29.613622713864242	0.9473548749126014
29.623340875839368	0.951610974325367
29.642777199789617	0.9596097150150115
29.652495361764743	0.9633491736956911
29.662213523739865	0.9669134253753449
29.681649847690117	0.9735113235941768
29.691368009665243	0.9765426094835702
29.70108617164037	0.9793939634624373
29.710804333615492	0.9820643315583827
29.720522495590618	0.9845527107586257
29.730240657565744	0.9868581492430408
29.739958819540867	0.9889797466175178
29.749676981515993	0.9909166541476313
29.75939514349112	0.9926680749926151
29.769113305466245	0.9942332644396541
29.77883146744137	0.9956114977869819
29.788549629416494	0.9968022324945205
29.79826779139162	0.9978051379818226
29.807985953366746	0.9986199385962242
29.81770411534187	0.9992464121296469
29.827422277316995	0.9996843898104161
29.83714043929212	0.999933756295082
29.846858601267247	0.9999944496602409
29.856576763242373	0.9998664613943565
29.866294925217495	0.9995498363895831
29.87601308719262	0.9990446729335855
29.885731249167748	0.9983511227013636
29.89544941114287	0.997469390747075
29.905167573117996	0.996399735495857
29.914885735093122	0.9951424687356529
29.924603897068245	0.9936979556090348
29.93432205904337	0.992066621666343
29.944040221018497	0.9902490891387454
29.95375838299362	0.9882461662118712
29.963476544968746	0.986058718091408
29.973194706943872	0.9836876616589526
29.99263103089412	0.9783986480810419
30.003174720414528	0.9752268022089662
30.01371840993493	0.9718438636456354
30.034805788975746	0.9644507925090111
30.04534947849615	0.9604438745821358
30.055893168016556	0.9562322924223674
30.076980547057367	0.9472023151967649
30.08752423657777	0.9423876784796169
30.098067926098178	0.9373759457106762
30.11915530513899	0.9267706384796256
30.16133006322061	0.9033035542458012
30.171873752741014	0.8969821511487852
30.18241744226142	0.8904844306231446
30.203504821302232	0.8769715611251289
30.245679579383854	0.8479598419761206
30.330029095547097	0.7827313414128776
30.3405727850675	0.7739731514348223
30.351116474587908	0.7650932965047322
30.37220385362872	0.7469842695179286
30.41437861171034	0.7094805910353671
30.498728127873587	0.6302778659520436
30.667427160200077	0.46313394258017265
30.677265765020866	0.4533301292604267
30.687104369841656	0.4435444250522457
30.70678157948323	0.42404234745568775
30.746135998766384	0.3854199283632023
30.824844837332687	0.3105377029543512
30.834683442153477	0.30147020641196487
30.844522046974262	0.2924796045819808
30.86419925661584	0.27474288417715104
30.90355367589899	0.24034211825170318
30.982262514465297	0.17656651649954536
30.992101119286087	0.16912674863489763
31.001939724106876	0.16181510443972155
31.02161693374845	0.14758740767848924
31.060971353031604	0.1207900425657817
31.070809957852394	0.11445135887756525
31.080648562673183	0.10826195515802213
31.100325772314758	0.09634053503567216
31.13968019159791	0.0743906102993576
31.1495187964187	0.0693099543692829
31.15935740123949	0.06439604804416074
31.179034610881065	0.055076007348512646
31.188873215701854	0.05067348447671345
31.19871182052264	0.0464449294240472
31.218389030164218	0.038516217030375915
31.228227634985004	0.034819132963003485
31.238066239805793	0.03130216251541291
31.247904844626582	0.027966666821764036
31.257743449447368	0.02481393620463944
31.267582054268157	0.021845189863169977
31.277420659088946	0.01906157557872241
31.29709786873052	0.014053975574468379
31.308080704327523	0.011585754998094963
31.319063539924528	0.009353178620627229
31.330046375521533	0.007357325324285849
31.34102921111854	0.005599158740345942
31.352012046715544	0.004079527362915945
31.362994882312545	0.0027991642927582936
31.373977717909547	0.0017586870160975797
31.384960553506552	0.0009585972184203032
31.395943389103557	0.00039928063326281205
31.406926224700562	0.00008100692598708485
31.417909060297568	3.929612546973599e-6
31.42889189589457	0.0001680860132430866
31.43987473149157	0.0005733970619864644
31.450857567088576	0.0012196666708246186
31.46184040268558	0.002106582841567333
31.472823238282587	0.003233717825738047
31.48380607387959	0.004600528226595715
31.494788909476593	0.0062063551626950686
31.505771745073595	0.008050424466285878
31.5167545806706	0.010131846916546972
31.527737416267605	0.012449618507656237
31.53872025186461	0.015002620751700974
31.549703087461616	0.017789621016422754
31.560685923058617	0.0208092728977988
31.57166875865562	0.024060115534351195
31.582651594252624	0.02754057823746802
31.604617265446635	0.03518354962256362
31.61560010104364	0.039342377487552434
31.62658293664064	0.043723464789102884
31.64854860783465	0.05314386339775375
31.659531443431653	0.05817862968569092
31.670514279028655	0.06342656674408671
31.692479950222662	0.07455169971415983
31.73641129261068	0.09924164125173487
31.74739412820768	0.10590519912040063
31.758376963804686	0.11275891195596228
31.780342634998696	0.12702349625603282
31.82427397738671	0.1576829828981461
31.835256812983715	0.16577013762063603
31.84623964858072	0.17401851528775844
31.868205319774727	0.19098302761412916
31.912136662162744	0.22666734339787112
31.92311949775975	0.23592911517837353
31.93410233335675	0.2453183023582364
31.956068004550758	0.2644606350955025
31.967050840147763	0.2742044850817607
31.97803367574477	0.28405722784135395
31.989016511341774	0.29401414387483926
31.999999346938775	0.30407045737676186