6.530612244897958e-7	1.5353602655684683e-13
0.009814973457908056	0.000034678343910932436
0.019629293854591622	0.00013868263189344688
0.029443614251275188	0.00031194837593742603
0.03925793464795876	0.0005543681543143517
0.04907225504464233	0.0008657916606405039
0.05888657544132589	0.0012460260172133017
0.06870089583800945	0.0016948357075820826
0.07851521623469303	0.0022119428420834223
0.0883295366313766	0.002797027812818516
0.09814385702806017	0.0034497288671036064
0.10795817742474373	0.004169642987763942
0.11777249782142729	0.004956326416617612
0.12758681821811085	0.005809294058240304
0.13740113861479442	0.0067280212777053325
0.15702977940816157	0.008760456405225266
0.16684409980484516	0.009872917691987169
0.17665842020152872	0.011048648426521406
0.19628706099489585	0.01358700573305409
0.2061013813915794	0.014948083160240542
0.21591570178826297	0.01636933948153246
0.2355443425816301	0.019388912762742978
0.24535866297831369	0.020985401633077445
0.2551729833749973	0.022638424716629784
0.2748016241683644	0.026110081548377018
0.31405890575509865	0.033686157161112854
0.3238732261517822	0.03570550104681889
0.3336875465484658	0.037772636032980436
0.3533161873418329	0.04204543980492631
0.39257346892856715	0.051109871932051555
0.4710880321020357	0.07101654414482317
0.6281171584489728	0.1154056999348289
0.6387570063909369	0.11852187541445254
0.649396854332901	0.12164154412937027
0.6706765502168293	0.12788435769849163
0.7132359419846857	0.14033484294070395
0.7983547255203987	0.1647199737847943
0.8089945734623628	0.16768890689792998
0.819634421404327	0.17063522139727644
0.8409141172882552	0.17645449842924232
0.8834735090561117	0.18776309112855824
0.9685922925918247	0.20879011505938275
0.9792321405337888	0.21124871316285412
0.989871988475753	0.21366653612092215
1.0111516843596813	0.2183766821668363
1.0537110761275377	0.22727385041103465
1.064350924069502	0.22938539517046114
1.074990772011466	0.23145076454657215
1.096270467895394	0.23544096986629764
1.1388298596632507	0.2428472798524621
1.1494697076052147	0.24457750080129534
1.160109555547179	0.24625870304017397
1.1813892514311073	0.2494732389753354
1.1920290993730713	0.2510063160906713
1.2026689473150354	0.2524899031106408
1.2239486431989637	0.2553086769724214
1.234588491140928	0.25664394278635244
1.245228339082892	0.25792987597754663
1.26650803496682	0.26035425449425104
1.2771478829087841	0.261493163960095
1.2877877308507484	0.2625835791559103
1.3090674267346767	0.26462011432612437
1.3190021899770235	0.26550559818232017
1.3289369532193702	0.26634991434671584
1.3488064797040635	0.2679165813849957
1.3587412429464103	0.2686397565077509
1.3686760061887568	0.26932339984370224
1.3885455326734504	0.2705738992445451
1.3984802959157971	0.2711416960895562
1.408415059158144	0.2716718835123172
1.4183498224004907	0.27216505122867707
1.4282845856428374	0.27262180553192394
1.4382193488851842	0.27304276775580266
1.448154112127531	0.27342857418857197
1.4580888753698775	0.27377987600949116
1.4680236386122243	0.2740973392477373
1.477958401854571	0.27438164476375143
1.4878931650969176	0.2746334896362629
1.4978279283392644	0.2748536230483775
1.5077626915816111	0.2750428381314288
1.517697454823958	0.2752019422112861
1.5276322180663047	0.27533175787565484
1.5375669813086514	0.2754331229233719
1.5475017445509982	0.2755068903344968
1.557436507793345	0.2755539282612031
1.5673712710356917	0.2755751200394671
1.5773060342780383	0.2755713642215539
1.587240797520385	0.2755435895132451
1.5971755607627318	0.2754927633473429
1.6071103240050784	0.2754198644090479
1.6170450872474251	0.2753258865623342
1.626979850489772	0.27521183882068834
1.6369146137321187	0.27507874533483595
1.6468493769744654	0.2749276453994398
1.656784140216812	0.2747595934787668
1.6667189034591587	0.27457565925132676
1.6766536667015055	0.27437693172822425
1.686588429943852	0.27416452594139645
1.7064579564285456	0.27370316583561655
1.7163927196708924	0.2734564895622539
1.7263274829132391	0.27320069219235843
1.7461970093979324	0.2726664509786266
1.7859360623673193	0.27154120618120803
1.795870825609666	0.27125522363179055
1.8058055888520128	0.2709698470917925
1.8256751153367061	0.2704059587001733
1.835609878579053	0.2701300036089293
1.8455446418213994	0.2698597680445373
1.865414168306093	0.26934171459660144
1.8753489315484397	0.26909651559447856
1.8852836947907865	0.268862253878441
1.8952184580331333	0.26864022791879655
1.90515322127548	0.26843174752595406
1.9150879845178268	0.26823813377908085
1.9250227477601736	0.268060718968841
1.9349575110025201	0.2679008465542107
1.9448922742448669	0.2677598711333714
1.9546321568692289	0.2676413220291573
1.9643720394935906	0.26754350211187905
1.9741119221179526	0.26746762946934094
1.9838518047423146	0.26741492830696123
1.9935916873666766	0.26738663049811484
2.0033315699910386	0.2673839754635004
2.0130714526154003	0.26740821006228244
2.0228113352397625	0.267460588495006
2.0325512178641247	0.2675423722182863
2.0422911004884865	0.2676548299343451
2.0520309831128483	0.26779921828435366
2.0617708657372105	0.26797671989826755
2.0715107483615727	0.26818850291896373
2.0812506309859344	0.2684357394303194
2.090990513610296	0.2687196052738716
2.1007303962346584	0.2690412798770942
2.1104702788590206	0.26940194609329315
2.1202101614833824	0.2698027900531208
2.129950044107744	0.2702450010277074
2.1396899267321063	0.2707297682009122
2.1494298093564685	0.2712582122318796
2.1591696919808303	0.271831386778725
2.1786494572295543	0.27311612876123714
2.1883893398539165	0.2738297944508348
2.1981292224782782	0.2745923867158666
2.217608987727002	0.2762685321403055
2.2273488703513644	0.27718417140433393
2.237088752975726	0.2781528789968837
2.25656851822445	0.2802530498543622
2.2663084008488124	0.2813862361369002
2.276048283473174	0.2825759611790601
2.295528048721898	0.2851284021416081
2.3052679313462603	0.28649278784484933
2.315007813970622	0.28791705141584584
2.334487579219346	0.2909483590353191
2.3442274618437082	0.29255673368197427
2.35396734446807	0.29422773250751866
2.373447109716794	0.2977599589286622
2.412406640214242	0.30560112106167175
2.422146522838604	0.3077263291422538
2.431886405462966	0.3099183420109768
2.45136617071169	0.31450394133706483
2.4903257012091378	0.3244885665318897
2.5000655838335	0.32715546267172413
2.5098054664578617	0.3298910131864195
2.5292852317065857	0.3355681627061998
2.5682447622040336	0.34774429554147746
2.578810172373676	0.35123436213423176
2.589375582543319	0.35480422866311573
2.6105064028826037	0.36218213529379994
2.6527680435611742	0.3778759208865555
2.7372913249183144	0.41285554712897926
2.747856735087957	0.4175467585136367
2.758422145257599	0.42230502846580653
2.7795529655968845	0.4320177239538288
2.8218146062754546	0.45218925088899925
2.9063378876325947	0.4951617960327341
2.916903297802237	0.5007458845584417
2.9274687079718795	0.5063708898389341
2.948599528311165	0.5177356578504037
2.990861168989735	0.5408663910255148
3.075384450346875	0.5882489513415828
3.2444310130611558	0.6834386087074125
3.254291338531181	0.688858847444151
3.264151664001206	0.6942529638482218
3.2838723149412563	0.7049563292236286
3.323313616821357	0.7259779498455112
3.402196220581558	0.76612564239398
3.4120565460515833	0.7709384323436168
3.421916871521608	0.7757010197514824
3.4416375224616584	0.7850702719604871
3.481078824341759	0.8031538918482136
3.55996142810196	0.8364822354872121
3.5698217535719854	0.8403655714181314
3.5796820790420103	0.8441839429417134
3.5994027299820606	0.8516234916122124
3.638844031862161	0.865698755390147
3.6487043573321865	0.8690478912295004
3.6585646828022114	0.8723287371171019
3.6782853337422616	0.8786848675613159
3.717726635622362	0.8905705979018573
3.7275869610923875	0.8933693096693531
3.7374472865624124	0.896099144577499
3.7571679375024627	0.9013530090125053
3.767028262972488	0.9038774748867571
3.776888588442513	0.9063339359881539
3.7966092393825632	0.9110438145779622
3.8064695648525886	0.9132977417953071
3.8163298903226135	0.9154848037880043
3.8360505412626638	0.91966047232439
3.8754918431427643	0.9272335522440645
3.88617769615807	0.9291103957156608
3.896863549173376	0.9309140718025926
3.918235255203987	0.9343054843556003
3.928921108219293	0.9358952905773017
3.9396069612345985	0.9374159012835747
3.96097866726521	0.9402538011034545
3.971664520280516	0.9415732424826871
3.9823503732958216	0.9428277919900666
4.003722079326433	0.9451467351484341
4.014407932341738	0.9462136429500557
4.025093785357044	0.9472205730805222
4.046465491387655	0.9490597294492203
4.057151344402961	0.949894584239964
4.067837197418267	0.9506747176825523
4.0785230504335725	0.9514014563128684
4.0892089034488786	0.9520761512447989
4.0998947564641846	0.9527002403458529
4.11058060947949	0.9532751647135785
4.121266462494796	0.9538023679549925
4.131952315510102	0.9542832973661085
4.142638168525407	0.9547194036126564
4.153324021540713	0.9551121404259896
4.164009874556019	0.955462964314169
4.174695727571324	0.9557733343598598
4.18538158058663	0.956044741804584
4.196067433601936	0.956278684909592
4.206753286617241	0.9564766443661142
4.217439139632547	0.9566401030040451
4.228124992647853	0.9567705455632075
4.238810845663158	0.9568694584784825
4.249496698678464	0.9569383296787969
4.26018255169377	0.9569786483999668
4.270868404709075	0.9569919075876664
4.281554257724381	0.9569796045877264
4.292240110739687	0.9569431770417077
4.302925963754992	0.9568840523221275
4.313611816770298	0.9568036588575859
4.324297669785604	0.9567034260023239
4.3349835228009095	0.9565847839175654
4.3456693758162155	0.9564491634646602
4.3563552288315215	0.9562979961100156
4.367041081846827	0.9561327154462997
4.388412787877439	0.9557652215063566
4.399098640892744	0.9555655991177788
4.40978449390805	0.9553571199367326
4.431156199938661	0.9549187754823126
4.473899611999884	0.9539926525942615
4.48458546501519	0.9537579263312269
4.495271318030495	0.9535241505466721
4.516643024061107	0.9530638494064998
4.559386436122329	0.9522030082775291
4.56987740851965	0.9520098348881503
4.580368380916971	0.9518255204931768
4.590859353314292	0.9516508747454263
4.601350325711613	0.951486708348188
4.611841298108935	0.9513338330670503
4.622332270506256	0.9511930617455925
4.6328232429035765	0.951065208324939
4.643314215300897	0.9509510834402954
4.653805187698218	0.9508513739530949
4.664296160095539	0.9507666322221265
4.67478713249286	0.9506974052692749
4.68527810489018	0.9506442413806845
4.695769077287501	0.9506076901092388
4.706260049684822	0.950588302279296
4.716751022082143	0.9505866299936757
4.727241994479464	0.9506032266428963
4.737732966876786	0.9506386329771013
4.748223939274107	0.9506932243052537
4.758714911671428	0.9507672678100803
4.769205884068748	0.9508610300470786
4.779696856466069	0.9509747788067375
4.79018782886339	0.9511087830962793
4.800678801260711	0.9512633131227228
4.8111697736580314	0.9514386402772737
4.821660746055352	0.9516350371210271
4.832151718452673	0.9518527470037879
4.842642690849994	0.9520918218106049
4.853133663247315	0.9523522391621926
4.863624635644637	0.9526339774140534
4.874115608041958	0.9529370157842494
4.895097552836599	0.9536069138027404
4.90558852523392	0.9539737358110584
4.916079497631241	0.9543617825756687
4.937061442425883	0.9552010732106595
4.947552414823205	0.9556517458540474
4.958043387220526	0.9561226942585176
4.979025332015167	0.9571241920308599
4.989516304412488	0.957654128454881
5.000007276809809	0.9582031146305545
5.0209892216044505	0.9593569272135295
5.0629531111937345	0.961873472992641
5.073444083591056	0.9625427727284314
5.083935055988377	0.9632269793770936
5.1049170007830185	0.9646377870903754
5.146880890372302	0.9676092749995343
5.2308086695508695	0.9739670573331038
5.240594557248573	0.9747283000812831
5.250380444946277	0.9754908409725603
5.2699522203416835	0.9770164778278708
5.3090957711324975	0.9800462256697139
5.318881658830201	0.9807939089369391
5.328667546527905	0.9815357972236651
5.348239321923312	0.9829983816119109
5.387382872714126	0.9858120376292209
5.39716876041183	0.9864865521282932
5.406954648109533	0.9871474955237444
5.42652642350494	0.9884246200498238
5.436312311202644	0.9890387744278274
5.446098198900348	0.9896353043580778
5.465669974295755	0.9907714291538258
5.475455861993459	0.991308989974399
5.485241749691163	0.9918248356802187
5.504813525086569	0.992787319422482
5.514599412784273	0.9932319410788224
5.524385300481976	0.9936508052648153
5.543957075877383	0.9944072312468005
5.553742963575087	0.9947427793563809
5.563528851272791	0.9950485429041469
5.573314738970494	0.9953235102668645
5.583100626668197	0.9955667040799007
5.592886514365901	0.9957771910936076
5.602672402063604	0.9959540401976419
5.612458289761308	0.9960963219586945
5.622244177459011	0.9962031087830092
5.632030065156715	0.996273475083546
5.641815952854419	0.9963064974517934
5.651601840552122	0.996301254834229
5.661387728249825	0.9962568273897608
5.671173615947529	0.9961723232190123
5.680959503645232	0.9960469450503378
5.6907453913429356	0.99587991223033
5.700531279040639	0.9956704474574029
5.710317166738343	0.9954177769603209
5.720103054436047	0.9951211306805655
5.7298889421337496	0.9947797424585576
5.739674829831453	0.9943928502237193
5.749460717529157	0.9939596961883783
5.75924660522686	0.9934795353943738
5.7690324929245635	0.9929517393998822
5.778818380622267	0.9923757463661251
5.788604268319971	0.9917509996985372
5.798390156017675	0.9910769479185494
5.808176043715378	0.9903530448367738
5.817961931413082	0.9895787497290413
5.827747819110786	0.9887535275152863
5.83753370680849	0.9878768489412898
5.857105482203896	0.985967115327014
5.867716897446881	0.9848436940495805
5.878328312689865	0.9836579326001095
5.899551143175833	0.9810980117202448
5.910162558418817	0.9797231860007826
5.920773973661801	0.9782846879550927
5.941996804147768	0.9752154520763348
5.952608219390752	0.9735842930440061
5.963219634633736	0.9718887699645518
5.984442465119705	0.9683048616833659
6.026888126091642	0.9603677367705221
6.0374995413346255	0.9582237707498078
6.048110956577609	0.9560164251081581
6.069333787063578	0.9514135088756539
6.111779448035515	0.9414686610855422
6.122390863278499	0.9388314798896572
6.133002278521483	0.9361350452238972
6.154225109007451	0.9305678383591292
6.196670769979388	0.9187612767124851
6.207282185222372	0.9156749257896598
6.217893600465356	0.9125365410002607
6.2391164309513245	0.9061081106052786
6.281562091923261	0.8926797126155928
6.366453413867133	0.86382823554354
6.536236057754879	0.8008745212163496
6.546142388298246	0.7970943153164739
6.5560487188416126	0.7933113011818392
6.575861379928345	0.7857424388262294
6.615486702101812	0.7706323237201304
6.694737346448746	0.7408313834736756
6.704643676992113	0.7371715819170876
6.714550007535479	0.7335305665243651
6.734362668622213	0.726309801477143
6.77398799079568	0.7121468280191602
6.853238635142613	0.6851845110134077
6.86314496568598	0.6819618987217148
6.873051296229347	0.6787752794108696
6.89286395731608	0.6725132826560503
6.9324892794895465	0.6604554479621869
6.942395610032913	0.6575423436965403
6.95230194057628	0.6546711744260255
6.972114601663014	0.6490572295381951
7.011739923836481	0.6383570464275392
7.0216462543798475	0.6357945804691765
7.0315525849232134	0.6332779992708126
7.051365246009947	0.6283840955621445
7.090990568183415	0.6191616165379015
7.1008968987267815	0.6169748188796234
7.110803229270148	0.614835838906155
7.130615890356881	0.6107018309631004
7.170241212530348	0.6030118098287834
7.1799526624557295	0.6012444317023315
7.189664112381112	0.5995229843547996
7.209087012231876	0.5962173279819567
7.218798462157258	0.5946328278263944
7.2285099120826395	0.5930936766272986
7.247932811933404	0.5901506944862059
7.257644261858786	0.5887462541161119
7.267355711784168	0.587386017399833
7.286778611634931	0.5847966393273075
7.3256244113364595	0.5801315236973535
7.335335861261841	0.5790699720361635
7.345047311187223	0.5780493657415101
7.364470211037987	0.5761286054298609
7.3741816609633695	0.5752272607728012
7.383893110888751	0.5743644806519392
7.403316010739514	0.5727522426700824
7.413027460664896	0.5720016022472033
7.422738910590279	0.5712871605891641
7.442161810441043	0.5699641266520509
7.451873260366424	0.5693539857595643
7.461584710291806	0.5687770619268462
7.48100761014257	0.5677197860974728
7.490719060067953	0.5672379038555274
7.500430509993334	0.5667861784332932
7.510141959918716	0.5663638547072884
7.519853409844098	0.5659701670133314
7.529564859769479	0.5656042400852108
7.539276309694862	0.5652651518861728
7.558699209545626	0.564663831294198
7.568410659471008	0.5643997832017138
7.578122109396389	0.5641589425789696
7.587833559321771	0.5639404163917346
7.5975450092471535	0.5637433176779223
7.607256459172536	0.5635667652189996
7.616967909097918	0.5634098312832755
7.626679359023299	0.5632714976017384
7.636390808948681	0.5631507433560854
7.646102258874063	0.5630465549993994
7.655813708799445	0.5629579262769214
7.665525158724828	0.5628838582536432
7.675236608650209	0.5628233593487214
7.684948058575591	0.5627754453767106
7.694659508500973	0.5627391395956215
7.704370958426354	0.5627134633964079
7.714082408351737	0.5626973617448403
7.723793858277119	0.5626897472321528
7.733505308202501	0.562689540673134
7.743216758127883	0.562695670999659
7.752928208053264	0.5627070752547427
7.762639657978646	0.5627226985949371
7.772351107904028	0.5627414943010715
7.782062557829411	0.5627624237973349
7.791774007754793	0.5627844565834664
7.802310985225455	0.5628083796255042
7.812847962696118	0.5628309377389713
7.823384940166781	0.5628507175839087
7.833921917637443	0.56286631747062
7.8444588951081045	0.5628763473285889
7.854995872578767	0.5628794286920228
7.86553285004943	0.5628741947020167
7.876069827520093	0.5628592901253435
7.886606804990755	0.562833369934875
7.897143782461418	0.5627950533270621
7.907680759932081	0.5627429336813521
7.918217737402743	0.56267561823518
7.9287547148734046	0.5625917257264285
7.939291692344067	0.5624898863804719
7.94982866981473	0.5623687419171147
7.960365647285393	0.5622269455774274
7.9709026247560555	0.5620631621704755
7.981439602226718	0.5618760637607009
7.991976579697381	0.5616642981128049
8.002513557168044	0.5614265287029657
8.013050534638706	0.5611614338123179
8.02358751210937	0.5608677028205885
8.03412448958003	0.5605440362442047
8.044661467050693	0.5601891457975328
8.055198444521356	0.5598017544772419
8.065735421992017	0.559380596669803
8.07627239946268	0.5589244112027288
8.086809376933342	0.5584319447150496
8.097346354404005	0.5579019876458052
8.107883331874667	0.5573333430635521
8.128957286815993	0.5560752572573218
8.139494264286656	0.555383476168933
8.150031241757318	0.5546483281497216
8.171105196698644	0.5530433694383751
8.181642174169307	0.5521713444467378
8.19217915163997	0.551251571122794
8.213253106581293	0.5492647320083339
8.223790084051956	0.5481956688908832
8.234327061522617	0.5470748632388311
8.255401016463942	0.544674150963443
8.297548926346593	0.5392111561748094
8.308085903817256	0.5377029332176572
8.318622881287919	0.5361362041379321
8.339696836229244	0.5328242826986634
8.350233813699907	0.5310776462379478
8.36077079117057	0.5292696581090562
8.381844746111895	0.5254676146953717
8.392381723582558	0.5234726133509385
8.40291870105322	0.5214143455547113
8.423992655994546	0.5171062362385763
8.466140565877195	0.5077125039018496
8.47597245864824	0.5053707098371277
8.485804351419286	0.5029717629835434
8.505468136961376	0.4980020953570087
8.544795708045555	0.4873739897851148
8.5546276008166	0.4845735196956846
8.564459493587645	0.48171601490525273
8.584123279129736	0.47583084251009483
8.623450850213917	0.4633868563017179
8.633282742984962	0.46013708891350374
8.643114635756007	0.4568325710628329
8.662778421298098	0.45006157381686296
8.702105992382279	0.43588810327675526
8.78076113455064	0.40516373022347246
8.790593027321684	0.40111666197491447
8.80042492009273	0.39702680832488435
8.82008870563482	0.38872256919674414
8.859416276719	0.3716481404314874
8.938071418887361	0.33591597592982536
9.095381703224083	0.26069435675281494
9.106039123540409	0.2555406119116384
9.116696543856733	0.25039164692199495
9.138011384489385	0.2401171738886757
9.180641065754688	0.21972446843998528
9.265900428285295	0.18005819260392697
9.276557848601621	0.17524760917444382
9.287215268917947	0.17047688205340392
9.308530109550599	0.16106346399688987
9.3511597908159	0.14280565976196685
9.436419153346506	0.10898761409776972
9.447076573662832	0.10504725774041666
9.457733993979158	0.10117593044891594
9.47904883461181	0.09364612717705133
9.521678515877111	0.07947534867007833
9.532335936193437	0.07612494879254092
9.542993356509761	0.0728536847184223
9.564308197142413	0.06655255618441565
9.606937878407717	0.05494016244047613
9.617595298724043	0.05224758555330926
9.628252719040368	0.04964046014923338
9.64956755967302	0.04468459019063066
9.660224979989346	0.042336701867817086
9.670882400305672	0.040075933930115236
9.692197240938322	0.03581662545718768
9.702854661254648	0.03381837929916273
9.713512081570972	0.03190784222060796
9.734826922203624	0.028349873533122988
9.74548434251995	0.026702290917375814
9.756141762836275	0.025142076149227484
9.777456603468927	0.022282557188298992
9.787919143167269	0.02100552801072937
9.798381682865609	0.019811313380333137
9.808844222563948	0.018699452280716598
9.81930676226229	0.017669436966370595
9.829769301960631	0.01672071315534051
9.840231841658973	0.015852673265564266
9.850694381357314	0.015064618879919046
9.861156921055654	0.014355792013321947
9.871619460753994	0.013725394495689052
9.882082000452336	0.013172588094620019
9.892544540150677	0.012696494634398724
9.903007079849019	0.012296196159434164
9.91346961954736	0.011970735142142494
9.9239321592457	0.01171911473524868
9.93439469894404	0.011540288011392735
9.944857238642381	0.011433133862874463
9.955319778340723	0.011396491145596502
9.965782318039064	0.011429167206158712
9.976244857737406	0.01152993798974435
9.986707397435746	0.011697548189464982
9.997169937134085	0.011930711437164312
10.007632476832427	0.012228110535680738
10.018095016530769	0.012588397653331534
10.02855755622911	0.013010182998047596
10.039020095927452	0.013492031163358717
10.049482635625791	0.014032483329387129
10.059945175324131	0.014630058670394642
10.070407715022473	0.015283254457956986
10.080870254720814	0.015990546202666874
10.091332794419156	0.016750387834366866
10.112257873815837	0.018421429598558726
10.122720413514177	0.019329425515575992
10.133182953212518	0.020283570964277235
10.154108032609201	0.022323740745205465
10.195958191402564	0.02688491427449612
10.206420731100906	0.028115513738569714
10.216883270799247	0.029378812737784643
10.237808350195928	0.031996703912681154
10.279658508989293	0.03754987072861211
10.290121048687634	0.03899428691281766
10.300583588385974	0.040457712236654265
10.321508667782656	0.04343483567347658
10.36335882657602	0.049543804554568145
10.447059144162747	0.062016069863748635
10.45681659916147	0.06346409646762795
10.466574054160194	0.06490660081832957
10.486088964157641	0.06777028951107406
10.525118784152536	0.07338098613889087
10.53487623915126	0.07475314934782071
10.544633694149983	0.07611103327542014
10.56414860414743	0.07877990285771048
10.603178424142325	0.08390275191126735
10.612935879141048	0.08513347948989262
10.622693334139772	0.08634253491897172
10.642208244137219	0.08869238629640268
10.681238064132113	0.09309718839914599
10.690995519130837	0.0941327523226286
10.70075297412956	0.09514080226265058
10.720267884127008	0.09707201754970793
10.7592977041219	0.10057937908481564
10.769055159120622	0.10137921541713837
10.778812614119346	0.10214737741897857
10.798327524116793	0.10358728527627303
10.808084979115517	0.1042583764687378
10.81784243411424	0.10489648380151267
10.837357344111687	0.10607262004259652
10.847114799110411	0.10661012674121878
10.856872254109135	0.10711360921688486
10.866629709107858	0.10758291153867276
10.876387164106582	0.10801794001873448
10.886144619105306	0.1084186194277422
10.895902074104029	0.10878489182894194
10.905659529102753	0.10911671650633269
10.915416984101476	0.10941406991527022
10.9251744391002	0.10967694565549486
10.934931894098924	0.10990535446658302
10.944689349097647	0.11009932426310136
10.95444680409637	0.11025892413453343
10.964204259095094	0.11038430911085748
10.973961714093818	0.1104756636969627
10.983719169092542	0.11053318985750303
10.993476624091265	0.11055710696683396
11.003234079089989	0.11054765178105083
11.012991534088712	0.11050507843212723
11.022748989087436	0.11042965844415414
11.03250644408616	0.11032168077168014
11.042263899084883	0.11018145565443521
11.052021354083607	0.11000936389481385
11.06177880908233	0.10980584183322563
11.071536264081054	0.1095713438041116
11.082119246625059	0.10928253671813495
11.092702229169062	0.10895846994933427
11.103285211713064	0.10859979174779914
11.11386819425707	0.10820717420734692
11.124451176801074	0.10778131335341898
11.135034159345079	0.10732293291630503
11.156200124433086	0.10631190302482779
11.166783106977089	0.10576102416107978
11.177366089521094	0.10518112182664378
11.198532054609103	0.10393804126980707
11.240863984785118	0.10114671951125094
11.251446967329123	0.10039158869338463
11.262029949873128	0.09961586796121168
11.283195914961135	0.09800751453767534
11.325527845137152	0.09459836472313658
11.410191705489185	0.0873170492920538
11.420774688033188	0.08639208142716465
11.431357670577192	0.08546898124018235
11.452523635665202	0.0836348471099805
11.494855565841217	0.08006086976733912
11.505438548385222	0.07919677238079467
11.516021530929226	0.07834784491708294
11.537187496017234	0.07670240721675858
11.57951942619325	0.07366998622243286
11.590102408737256	0.07297598449532898
11.600685391281258	0.07231117513408725
11.611268373825261	0.0716773342187331
11.621851356369266	0.07107622071795132
11.63243433891327	0.07050959426429708
11.643017321457275	0.0699792156105758
11.65360030400128	0.06948684642417906
11.664183286545283	0.06903424911205899
11.674766269089286	0.06862318667634174
11.68534925163329	0.06825542260057935
11.695932234177295	0.06793271672117618
11.7065152167213	0.06765678268634363
11.717098199265305	0.06742930758718181
11.727681181809308	0.06725197131503832
11.73826416435331	0.0671264462780388
11.748847146897315	0.06705439712960608
11.758725044741702	0.06703686028640074
11.768602942586089	0.06706869511328949
11.778480840430475	0.06715123592737833
11.788358738274862	0.0672858016295576
11.798236636119249	0.06747364684762047
11.808114533963636	0.06771599489032738
11.817992431808023	0.06801405650898673
11.82787032965241	0.06836902964330561
11.837748227496796	0.06878209918855965
11.847626125341183	0.06925443678562929
11.85750402318557	0.06978720063390159
11.867381921029956	0.07038153532703864
11.877259818874343	0.07103856890548317
11.88713771671873	0.07175935979831155
11.906893512407503	0.07339615671623743
11.91677141025189	0.07431408211353079
11.926649308096277	0.07529960468895593
11.936527205940664	0.07635363323087545
11.94640510378505	0.0774770557780485
11.956283001629437	0.07867073944132433
11.966160899473824	0.07993553007765049
11.985916695162597	0.08268148444454987
11.995794593006984	0.08416398267355162
12.00567249085137	0.08572033299234681
12.025428286540144	0.08905694130525436
12.06493987791769	0.09664069304464816
12.074817775762074	0.09872898674212897
12.084695673606461	0.10089486343842423
12.104451469295235	0.1054602554933683
12.143963060672782	0.11552997385544404
12.153840958517169	0.11824353654151594
12.163718856361555	0.12103553069608877
12.183474652050329	0.1268541294178852
12.222986243427876	0.1394228836578495
12.232864141272263	0.1427572806459678
12.24274203911665	0.1461677730030725
12.262497834805423	0.15321497975004408
12.30200942618297	0.1681961660666624
12.381032608938064	0.2015264896459318
12.391736034327732	0.2063653410863767
12.4024394597174	0.21127705100230262
12.423846310496733	0.22131264949040327
12.466660012055403	0.24218449051677218
12.55228741517274	0.2867033637423144
12.723542221407417	0.38290609178911045
12.734245646797085	0.3890667377542389
12.74494907218675	0.395230015384656
12.766355922966085	0.407554681620144
12.809169624524754	0.4321268118125156
12.894797027642092	0.4804245525693815
12.90550045303176	0.48633729229953926
12.916203878421427	0.49221498991792134
12.937610729200761	0.5038572682176202
12.980424430759431	0.5266332542734532
13.066051833876768	0.5697307745002763
13.076560378648452	0.5747629178889146
13.087068923420134	0.5797338756967754
13.108086012963497	0.5894876993836997
13.150120192050228	0.6082132569859515
13.16062873682191	0.6127256118306431
13.171137281593593	0.6171682916359669
13.192154371136958	0.6258412557726586
13.234188550223688	0.6423207981764149
13.24469709499537	0.6462568735383556
13.255205639767054	0.6501183286951631
13.276222729310419	0.6576154264774086
13.31825690839715	0.671700895721362
13.328765453168831	0.6750323401508559
13.339273997940515	0.678287654256855
13.36029108748388	0.6845696604134679
13.402325266570609	0.6962234546892184
13.412833811342292	0.6989490887084597
13.423342356113974	0.7016002850285329
13.444359445657337	0.7066808205665853
13.454867990429019	0.7091109332255485
13.465376535200702	0.711468337704158
13.486393624744068	0.7159677644945974
13.49690216951575	0.7181111829544482
13.507410714287433	0.72018468509461
13.528427803830798	0.7241248356202438
13.570461982917529	0.731199452111181
13.58097052768921	0.7328055719562375
13.591479072460894	0.7343486560487422
13.612496162004259	0.7372497442595777
13.62300470677594	0.7386097808862714
13.633513251547624	0.7399108460502624
13.65453034109099	0.7423404895681326
13.665038885862671	0.7434714426929424
13.675547430634355	0.7445480797324594
13.69656452017772	0.7465432379045507
13.707073064949402	0.7474641921491038
13.717581609721083	0.7483356959534454
13.738598699264449	0.7499353373677451
13.748402159336514	0.7506184536858486
13.758205619408578	0.7512629477816742
13.768009079480644	0.751869896591251
13.77781253955271	0.752440381889021
13.787615999624775	0.7529754901312875
13.79741945969684	0.7534763123134088
13.81702637984097	0.7543794844133691
13.826829839913035	0.7547840495269679
13.836633299985099	0.7551587696142009
13.846436760057165	0.7555047564446653
13.85624022012923	0.7558231258553434
13.866043680201296	0.756114998301158
13.875847140273361	0.7563814987579243
13.885650600345425	0.7566237566373242
13.89545406041749	0.7568429057139283
13.905257520489556	0.7570400840642427
13.91506098056162	0.757216435577568
13.924864440633685	0.7573731086370032
13.934667900705751	0.7575112082399151
13.944471360777817	0.7576318347288005
13.954274820849882	0.7577360930818225
13.964078280921946	0.7578250928615643
13.973881740994011	0.7578999481738286
13.983685201066077	0.7579617776364775
13.99348866113814	0.7580117043583168
14.003292121210206	0.7580508559280241
14.013095581282272	0.7580803631943428
14.022899041354338	0.7581012996599475
14.032702501426403	0.7581147038858943
14.042505961498467	0.7581216190084014
14.052309421570532	0.7581230929062045
14.062112881642598	0.7581201781843626
14.071916341714662	0.7581139321660504
14.081719801786727	0.7581054168923242
14.091523261858793	0.758095699129871
14.101326721930858	0.7580858505616935
14.111130182002924	0.7580769000052161
14.120933642074988	0.7580697931692387
14.130737102147053	0.7580654725179768
14.140540562219119	0.7580648853453894
14.150344022291183	0.7580689837637413
14.160147482363248	0.7580787246982182
14.169950942435314	0.7580950698875941
14.17975440250738	0.7581189858909478
14.189557862579445	0.7581514441004366
14.199361322651509	0.7581934020669643
14.209164782723574	0.7582457058938347
14.21896824279564	0.7583091652141603
14.228771702867704	0.758384594332612
14.23857516293977	0.7584728122089158
14.248378623011835	0.758574642437142
14.2581820830839	0.7586909132294397
14.267985543155966	0.7588224574042133
14.27778900322803	0.7589701123787392
14.287592463300095	0.7591347172664004
14.29739592337216	0.759317025662784
14.307199383444225	0.7595176931622845
14.31700284351629	0.7597373741706372
14.326806303588356	0.759976727200743
14.336609763660421	0.7602364148231542
14.346413223732487	0.7605171036198524
14.366020143876616	0.7611441708668286
14.376649131493963	0.761522256481889
14.387278119111308	0.761928216767748
14.397907106728653	0.7623626839424799
14.408536094345997	0.7628262608682345
14.419165081963342	0.7633195546684608
14.429794069580689	0.76384317660142
14.45105204481538	0.764983869843943
14.461681032432725	0.7656021832661747
14.472310020050072	0.7662533058647522
14.493567995284764	0.7676558648146375
14.504196982902108	0.7684080087146976
14.514825970519455	0.7691945306145287
14.536083945754147	0.7708721252496289
14.546712933371492	0.771763910673074
14.557341920988838	0.7726914991412344
14.57859989622353	0.7746552956016346
14.589228883840875	0.7756917605426099
14.599857871458221	0.776764706574809
14.621115846692913	0.7790203471107181
14.631744834310258	0.7802031920811456
14.642373821927604	0.7814228186652435
14.663631797162296	0.7839726596078092
14.706147747631677	0.7895112842302936
14.716776735249024	0.7909861896584983
14.727405722866369	0.7924967633962365
14.748663698101058	0.7956240194704146
14.791179648570441	0.8022931992979118
14.876211549509208	0.8171782234578282
14.886840537126552	0.8191721991927696
14.897469524743899	0.8211933584888107
14.91872749997859	0.8253140904258262
14.961243450447974	0.8338460532983917
15.046275351386738	0.8518540673428004
15.056199254304467	0.8540188665200719
15.066123157222194	0.8561935819237375
15.085970963057651	0.8605688650706751
15.125666574728564	0.8693951133287107
15.20505779807039	0.8871180175052861
15.214981700988119	0.889319083763365
15.224905603905846	0.8915133075533
15.244753409741303	0.8958768821433808
15.284449021412216	0.9044739100266223
15.363840244754043	0.9209009089473785
15.373764147671771	0.9228614801892431
15.383688050589498	0.9247979152031892
15.403535856424956	0.9285941323191136
15.443231468095869	0.9358524244664648
15.453155371013597	0.9375919702010816
15.463079273931324	0.9392996538563014
15.482927079766782	0.9426157277042408
15.522622691437695	0.9488259308795182
15.532546594355424	0.9502860535923132
15.54247049727315	0.9517077413733219
15.562318303108608	0.9544328989814699
15.572242206026337	0.9557349167334621
15.582166108944065	0.9569955956068391
15.602013914779521	0.9593903830484793
15.61193781769725	0.9605234825484643
15.621861720614977	0.961613073216581
15.641709526450434	0.9636598104218109
15.651633429368163	0.9646160069344664
15.661557332285891	0.9655267947319116
15.681405138121347	0.967210302172128
15.69113416042109	0.9679675801495831
15.700863182720834	0.9686798719477651
15.710592205020578	0.9693469899713161
15.720321227320323	0.969968750856987
15.730050249620067	0.9705449754945751
15.73977927191981	0.9710754890481718
15.749508294219552	0.9715601209777303
15.759237316519297	0.9719987050609501
15.768966338819041	0.9723910802397691
15.778695361118784	0.9727371697041115
15.788424383418526	0.973037046403772
15.79815340571827	0.9732908032126739
15.807882428018015	0.9734985375196227
15.817611450317758	0.9736603511921986
15.8273404726175	0.9737763505409947
15.837069494917245	0.9738466462842081
15.846798517216989	0.9738713535125835
15.856527539516732	0.9738505916546968
15.866256561816474	0.9737845027379267
15.875985584116219	0.9736733781597219
15.885714606415963	0.9735175814120682
15.895443628715705	0.9733174802979021
15.905172651015448	0.9730734465253118
15.914901673315192	0.9727858556209581
15.924630695614937	0.9724550868443845
15.93435971791468	0.9720815231032004
15.944088740214422	0.9716655508691556
15.953817762514166	0.9712075607712033
15.96354678481391	0.9707080183795896
15.973275807113653	0.9701675164309458
15.99273385171314	0.968966063657343
16.002462874012885	0.968306334262105
16.01219189631263	0.967608087925659
16.031649940912114	0.9660985134197614
16.041378963211855	0.965288425084865
16.0511079855116	0.9644423137277669
16.070566030111088	0.9626450712329401
16.080295052410833	0.9616955348143384
16.090024074710577	0.9607131192911199
16.109482119310062	0.9586528482099389
16.148398208509036	0.9541730026792403
16.15812723080878	0.9529830567169595
16.167856253108525	0.9517669300436865
16.18731429770801	0.9492598251723798
16.226230386906984	0.9439719749230685
16.304062565304932	0.9325126639397161
16.314617115149957	0.9308888458698338
16.32517166499498	0.9292522011588007
16.346280764685027	0.925945452066018
16.388498964065125	0.9192327041798574
16.472935362825318	0.9056808053699565
16.483489912670343	0.9039976900983491
16.494044462515365	0.9023207286793745
16.515153562205413	0.8989896715186856
16.55737176158551	0.892447957643574
16.641808160345704	0.8800586557065703
16.65236271019073	0.8785920288823832
16.66291726003575	0.87714616774137
16.6840263597258	0.8743196505092754
16.726244559105897	0.8689466045935174
16.73679910895092	0.8676649356190989
16.747353658795944	0.8664088791101388
16.768462758485995	0.8639755208935173
16.81068095786609	0.8594366277465741
16.821235507711116	0.8583722019835228
16.831790057556137	0.8573363438447685
16.852899157246185	0.8553511694304314
16.86345370709121	0.8544022699504582
16.874008256936232	0.8534827720012373
16.89511735662628	0.8517326616714799
16.905671906471305	0.8509020612685629
16.916226456316327	0.8501010064527128
16.937335556006374	0.8485872572258321
16.9478901058514	0.8478744265067538
16.958444655696425	0.8471908690252047
16.979553755386473	0.8459112955875698
16.989403220531877	0.8453538936584404
16.999252685677284	0.8448213565334847
17.0189516159681	0.8438297513505837
17.028801081113507	0.8433701249906436
17.038650546258914	0.8429342469634995
17.05834947654973	0.8421326399865134
17.068198941695137	0.8417663662435156
17.078048406840544	0.8414226600752939
17.087897871985952	0.8411010324841403
17.097747337131356	0.8408009871686828
17.10759680227676	0.8405220304612926
17.117446267422167	0.8402636713620819
17.127295732567575	0.8400254215750511
17.137145197712982	0.8398067955463807
17.14699466285839	0.8396073105048708
17.156844128003797	0.8394264865045291
17.166693593149205	0.8392638118762069
17.17654305829461	0.8391186294057013
17.186392523440013	0.8389902457705783
17.19624198858542	0.8388779708094282
17.206091453730828	0.8387811175169788
17.215940918876235	0.8386990020525317
17.225790384021643	0.8386309437515007
17.23563984916705	0.8385762651400618
17.245489314312458	0.8385342919529046
17.255338779457862	0.8385043462583686
17.265188244603266	0.8384856443329066
17.275037709748673	0.838477321746603
17.28488717489408	0.8384785154893882
17.29473664003949	0.8384883658327479
17.304586105184896	0.8385060163208738
17.314435570330303	0.8385306137663552
17.32428503547571	0.8385613082504232
17.334134500621115	0.8385972531277406
17.34398396576652	0.8386376048817666
17.353833430911926	0.8386814717873432
17.37353236120274	0.8387757550456142
17.38338182634815	0.8388241638384616
17.393231291493557	0.8388720842648353
17.403080756638964	0.8389185203824929
17.412930221784368	0.8389624793826594
17.422779686929772	0.8390029715990115
17.43262915207518	0.8390390105230144
17.442478617220587	0.8390695989165364
17.452328082365995	0.839093651800281
17.462177547511402	0.8391100588850449
17.47202701265681	0.8391177134812365
17.481876477802217	0.839115511804964
17.49172594294762	0.8391023529943935
17.501575408093025	0.8390771391344309
17.511424873238433	0.8390387752897434
17.52127433838384	0.8389861695461039
17.531123803529248	0.8389182315134958
17.540973268674655	0.8388338236941351
17.550822733820063	0.8387317752576018
17.56067219896547	0.8386109215966225
17.570521664110874	0.8384701008647121
17.580371129256278	0.8383081540318927
17.590220594401686	0.8381239249506945
17.600070059547093	0.8379162604324362
17.6099195246925	0.8376840103337859
17.62059451738319	0.8374032001031153
17.631269510073874	0.8370906816966865
17.64194450276456	0.8367449486927022
17.652619495455248	0.8363645160665559
17.663294488145937	0.8359479028375748
17.673969480836625	0.835493632175269
17.695319466218	0.8344662331395942
17.705994458908684	0.8338901736640594
17.716669451599373	0.8332705935067178
17.72734444429006	0.8326060189285897
17.73801943698075	0.8318950259385104
17.74869442967144	0.8311362112933098
17.759369422362123	0.8303281765401956
17.780719407743497	0.8285588785564015
17.791394400434186	0.8275948450053201
17.80206939312487	0.8265760513741429
17.823419378506244	0.8243687269702831
17.834094371196933	0.8231776204964254
17.84476936388762	0.8219265741069177
17.866119349268995	0.8192397740671654
17.87679434195968	0.8178015936248065
17.88746933465037	0.8162986205291487
17.908819320031746	0.8130935306366001
17.951519290794494	0.8058571647022479
17.962194283485182	0.8038703346780924
17.972869276175867	0.8018105285093459
17.99421926155724	0.7974683011154381
18.00489425424793	0.7951841104550877
18.015569246938618	0.7928235974112382
18.036919232319992	0.7878711962739771
18.047594225010677	0.7852781286629947
18.058269217701366	0.7826063806653727
18.079619203082743	0.7770246033683187
18.12231917384549	0.7648951641010375
18.13299416653618	0.7616601932592298
18.143669159226864	0.7583438878624706
18.165019144608237	0.751466790249102
18.207719115370985	0.7367333628840504
18.293119056896483	0.703411909598925
18.303599168969185	0.6989774867786515
18.314079281041888	0.6944699545787818
18.335039505187293	0.6852389517043764
18.376959953478103	0.6659376346917072
18.460800850059723	0.6242341266585604
18.628482643222963	0.5311650042334773
18.638962755295665	0.5250520252055322
18.649442867368368	0.5189166060740464
18.670403091513773	0.5065877170504798
18.712323539804583	0.4817632566168939
18.796164436386203	0.4319672596476801
18.963846229549443	0.3359902001773272
18.973621256922527	0.3306924338121405
18.983396284295615	0.3254383718624225
19.002946339041785	0.3150676748347417
19.042046448534123	0.2949185713809616
19.051821475907207	0.2900131603309481
19.061596503280292	0.285163244752648
19.081146558026465	0.27563513058502537
19.120246667518806	0.25730050451960446
19.13002169489189	0.252873940900818
19.139796722264975	0.24851231070126575
19.159346777011145	0.2399877164117992
19.198446886503486	0.2237583212121049
19.20822191387657	0.21987658507284283
19.21799694124966	0.2160665196463655
19.237546995995828	0.20866371907897358
19.276647105488166	0.1947417916873594
19.28642213286125	0.19144800886729688
19.296197160234335	0.18822966208941766
19.315747214980505	0.1820201934860244
19.354847324472846	0.1705133377017071
19.36462235184593	0.167826944809463
19.37439737921902	0.16521666420423006
19.393947433965188	0.16022414063249174
19.433047543457526	0.15114473329701197
19.44282257083061	0.1490616558272049
19.452597598203695	0.14705253199859547
19.472147652949868	0.14325443349547107
19.481922680322953	0.1414645360494193
19.49169770769604	0.1397466660138882
19.51124776244221	0.13652432921022242
19.521022789815294	0.13501847190425498
19.53079781718838	0.13358186285848012
19.550347871934548	0.13091339831618026
19.560122899307633	0.12968000062015467
19.569897926680717	0.1285127672415159
19.58944798142689	0.12637328090934524
19.600048536345255	0.12531968442114302
19.61064909126362	0.12433934389796567
19.621249646181987	0.12343097055212003
19.631850201100352	0.12259325860675882
19.642450756018718	0.12182488563944294
19.653051310937084	0.12112451295710018
19.66365186585545	0.12049078554061884
19.674252420773815	0.11992228309347772
19.68485297569218	0.1194174829039974
19.695453530610546	0.1189748444913724
19.706054085528912	0.11859281920959569
19.716654640447278	0.11826985049645028
19.727255195365643	0.11800437415151209
19.73785575028401	0.11779481864316388
19.748456305202374	0.11763960544462039
19.75905686012074	0.11753714605704783
19.769657415039106	0.11748578460273032
19.78025796995747	0.11748381257915157
19.790858524875837	0.11752952063677123
19.801459079794203	0.11762119992978357
19.81205963471257	0.11775714230301275
19.822660189630934	0.11793564050629907
19.8332607445493	0.11815498843637456
19.843861299467665	0.11841348140622907
19.85446185438603	0.11870940781713883
19.865062409304397	0.11904100467528794
19.875662964222762	0.11940649823819037
19.886263519141128	0.119804122854347
19.896864074059494	0.12023212076810082
19.90746462897786	0.1206887422306172
19.92866573881459	0.12168089769521595
19.939266293732956	0.12221297360980661
19.94986684865132	0.12276674380744604
19.971067958488053	0.12393238581136573
20.013470178161516	0.12644797117888815
20.09827461750844	0.13184281081458876
20.108875172426806	0.13251980173229255
20.119475727345172	0.13319220383618388
20.140676837181903	0.134517247558061
20.183079056855366	0.13704796025620977
20.19367961177373	0.13764765366612072
20.204280166692097	0.13823145439043488
20.22548127652883	0.13934614609635063
20.236081831447194	0.13987450113209413
20.24668238636556	0.14038192129839003
20.26788349620229	0.1413293004060779
20.27777896642104	0.1417386538990924
20.28767443663979	0.14212586795340632
20.297569906858538	0.14249006214444307
20.307465377077285	0.14283037303016075
20.317360847296033	0.14314595509180794
20.32725631751478	0.14343601391958344
20.33715178773353	0.1436998047072643
20.347047257952276	0.14393660130063607
20.356942728171024	0.14414569519950754
20.36683819838977	0.1443263955058421
20.376733668608523	0.1444780288942483
20.38662913882727	0.1445999396048302
20.39652460904602	0.14469148945839705
20.40642007926477	0.14475205779609873
20.416315549483517	0.1447810653268445
20.426211019702265	0.14477800662022874
20.436106489921013	0.1447424012968356
20.44600196013976	0.14467378667141365
20.455897430358508	0.14457171771952587
20.465792900577256	0.14443576706759084
20.475688370796004	0.1442655250063161
20.48558384101475	0.14406059952752162
20.495479311233503	0.14382061638435611
20.50537478145225	0.14354522893530533
20.515270251670998	0.14323417580623074
20.52516572188975	0.1428872392649603
20.535061192108497	0.14250421890980164
20.544956662327245	0.14208493164170344
20.554852132545992	0.14162921168182457
20.56474760276474	0.14113691061325292
20.584538543202235	0.14004205871139402
20.594434013420983	0.13943930061706258
20.60432948363973	0.13879960242880557
20.624120424077226	0.13740961799943124
20.634015894295974	0.13665949290519125
20.64391136451472	0.13587274762629217
20.66370230495222	0.1341899017677543
20.67359777517097	0.13329409584724206
20.68349324538972	0.13236225932393855
20.703284185827215	0.13039147530149903
20.742866066702206	0.12603122789677393
20.752761536920953	0.12485617833007873
20.7626570071397	0.12364796311374004
20.7824479475772	0.12113383190505121
20.822029828452195	0.11573046588103825
20.90119359020218	0.10357223526930395
20.910894179802945	0.10197286165635022
20.920594769403706	0.1003523642527533
20.939995948605237	0.09705148722492163
20.97879830700829	0.09023537956927548
21.056403023814397	0.07597254420861228
21.06610361341516	0.074151612269046
21.075804203015924	0.07232604121142162
21.09520538221745	0.06866589465841112
21.134007740620504	0.0613441469711628
21.21161245742661	0.04697867105940824
21.221313047027373	0.045234796505828234
21.231013636628138	0.04350688169416843
21.250414815829664	0.04010427275061977
21.289217174232718	0.033550453722957875
21.29891776383348	0.03197238294668005
21.308618353434245	0.030421179171245774
21.32801953263577	0.027404732810751797
21.366821891038825	0.021753140368400453
21.376522480639586	0.020427486298241482
21.38622307024035	0.019139358442213598
21.40562424944188	0.016680817941148878
21.41532483904264	0.015512935578561987
21.425025428643405	0.01438764004639291
21.44442660784493	0.012269747265751123
21.454127197445693	0.011279585633881657
21.46382778704646	0.010336867949439003
21.473528376647224	0.009442757443098056
21.483228966247985	0.00859839530402319
21.49292955584875	0.007804900577099828
21.502630145449515	0.007063370087063735
21.512330735050277	0.006374878389522543
21.522031324651042	0.00574047854373044
21.53255744179709	0.005114481635829368
21.54308355894313	0.004554662679892694
21.553609676089174	0.004062256795560517
21.564135793235216	0.00363845968220182
21.57466191038126	0.0032844274048272463
21.585188027527305	0.003001276227029982
21.59571414467335	0.0027900824909550107
21.606240261819394	0.0026518825442957274
21.616766378965437	0.0025876713965042476
21.627292496111483	0.0025983864767735163
21.63781861325753	0.00268490923324937
21.648344730403572	0.0028480739533878552
21.658870847549615	0.0030886676836591725
21.66939696469566	0.0034074300569249152
21.679923081841707	0.0038050531696799447
21.69044919898775	0.004282181509159582
21.700975316133793	0.004839411930312081
21.71150143327984	0.005477286893411285
21.722027550425885	0.006196272921527105
21.732553667571928	0.00699677813060251
21.74307978471797	0.007879157900766699
21.753605901864013	0.008843714721610246
21.774658136156102	0.011020304483628776
21.78518425330215	0.012232677327024091
21.79571037044819	0.013527907005706198
21.816762604740276	0.016366952253848828
21.82728872188632	0.017910604103676505
21.837814839032365	0.019536806458159486
21.858867073324454	0.02303592140593257
21.869393190470497	0.024908224071950646
21.879919307616543	0.02686185753915816
21.900971541908632	0.031011265364483606
21.911497659054675	0.03320594430267712
21.922023776200717	0.03547978294828962
21.943076010492806	0.04026213805187022
21.953602127638852	0.042769115371706204
21.964128244784895	0.04535217436002386
21.98518047907698	0.050742850560481674
22.02728494766116	0.06239359209278104
22.0378110648072	0.06548083159760829
22.048337181953247	0.06863543640654336
22.069389416245336	0.07514141561950868
22.11149388482951	0.08890063339490785
22.195702821997862	0.1190587048584465
22.205523854444287	0.12277457265281032
22.215344886890716	0.12652681753770423
22.23498695178357	0.1341343424851533
22.274271081569275	0.1497173465637346
22.352839341140687	0.18199802468415663
22.509975860283514	0.24810586582293043
22.519796892729943	0.25219316119564994
22.529617925176368	0.2562660175036265
22.549259990069224	0.2643623325893436
22.58854411985493	0.28031932448654545
22.667112379426342	0.31099793894547995
22.676933411872767	0.31469307596380713
22.686754444319195	0.31835354299228336
22.70639650921205	0.325566238448835
22.745680638997754	0.33952983982879587
22.824248898569166	0.3654231245044274
22.834895458560872	0.36870731692598574
22.84554201855258	0.37193554548480867
22.866835138535997	0.3782217766859033
22.909421378502824	0.3900975779276852
22.920067938494533	0.3929183253111993
22.93071449848624	0.39567908990846395
22.95200761846965	0.40101987519320065
22.99459385843648	0.4109735984579146
23.005240418428187	0.4133095243373825
23.015886978419896	0.41558435013031775
23.03718009840331	0.4199513351509043
23.047826658395017	0.4220438485599654
23.058473218386723	0.4240759676233553
23.07976633837014	0.4279598745177753
23.090412898361848	0.4298121188803813
23.101059458353554	0.4316049089448907
23.122352578336965	0.4350139173966232
23.164938818303796	0.44113984948321266
23.1755853782955	0.44253026496589115
23.18623193828721	0.4438653742554805
23.207525058270626	0.4463723351550841
23.218171618262332	0.4475457155932083
23.228818178254038	0.44866674396359296
23.250111298237453	0.45075497246306157
23.260757858229162	0.45172382073172507
23.271404418220868	0.4526436127850088
23.29269753820428	0.45433954858029524
23.303344098195986	0.45511762851049964
23.313990658187695	0.45585045837833693
23.33528377817111	0.45718447806839574
23.345930338162816	0.4577877583762567
23.356576898154525	0.4583499693014036
23.367223458146235	0.4588721908989479
23.37787001813794	0.45935552639790916
23.388516578129646	0.4598011410505384
23.399163138121356	0.46021021428003417
23.409809698113065	0.46058393869438524
23.42045625810477	0.46092352154335303
23.431102818096477	0.46123018461659654
23.441749378088186	0.46150516416948745
23.452395938079896	0.4617497108766197
23.4630424980716	0.4619650898130084
23.473689058063307	0.4621525940847206
23.484335618055013	0.4623135362906571
23.49498217804672	0.46244922767059243
23.50562873803843	0.4625609943297587
23.51557021333052	0.46264494230941605
23.525511688622608	0.4627103020901261
23.5354531639147	0.4627581883881326
23.54539463920679	0.4627897271805821
23.55533611449888	0.46280605572741057
23.56527758979097	0.46280832748849376
23.57521906508306	0.4627976862902238
23.58516054037515	0.4627752642273562
23.595102015667237	0.4627422045588003
23.60504349095933	0.46269966182983363
23.61498496625142	0.4626488018574603
23.624926441543508	0.46259080172969536
23.634867916835596	0.46252684981878284
23.644809392127687	0.4624581458083401
23.664692342711867	0.462311313922925
23.674633818003954	0.4622355411846794
23.684575293296046	0.46215975051024616
23.694516768588137	0.46208511966717875
23.704458243880225	0.46201283727366044
23.714399719172313	0.46194410278452985
23.724341194464404	0.4618801264891309
23.734282669756496	0.4618221295209873
23.744224145048584	0.46177134415555743
23.75416562034067	0.4617289915933246
23.764107095632763	0.46169622678823635
23.774048570924855	0.46167420074073845
23.783990046216942	0.46166407432564244
23.79393152150903	0.4616670182336171
23.803872996801122	0.461684212922738
23.813814472093213	0.4617168485800913
23.8237559473853	0.46176612509343584
23.83369742267739	0.4618332520329165
23.84363889796948	0.461919437442067
23.853580373261572	0.4620258070590973
23.86352184855366	0.46215345449231954
23.873463323845748	0.4623034813852187
23.88340479913784	0.46247699739942616
23.89334627442993	0.4626751201155921
23.90328774972202	0.46289897494304627
23.913229225014106	0.46314969503825054
23.923170700306198	0.46342842123203987
23.93311217559829	0.4637362986433603
23.943053650890377	0.46407439758577795
23.95299512618247	0.4644437129937437
23.96293660147456	0.4648452420701095
23.98281955205874	0.4657489567919737
23.99276102735083	0.4662531631289406
24.00270250264292	0.46679362422507237
24.01264397793501	0.46737136269247065
24.0225854532271	0.4679874056043178
24.03252692851919	0.4686427300515713
24.04246840381128	0.4693381950193873
24.06235135439546	0.4708529286798115
24.072292829687548	0.47167389307929414
24.08223430497964	0.4725383889883549
24.10211725556382	0.4744013826046887
24.112058730855907	0.4754015865626533
24.122000206147998	0.476448709097129
24.141883156732177	0.47868643138373157
24.151629751406283	0.47985447956412414
24.161376346080388	0.4810701299996949
24.1808695354286	0.48364663675502495
24.190616130102704	0.4850086856723285
24.20036272477681	0.48642072161764544
24.21985591412502	0.48939699721202873
24.229602508799125	0.49096210524577055
24.23934910347323	0.492579023008086
24.25884229282144	0.495969733097343
24.29782867151786	0.5033883848221485
24.30757526619196	0.5053777152513167
24.317321860866066	0.5074213606891109
24.336815050214277	0.5116719767742388
24.375801428910698	0.5208285713360774
24.385548023584803	0.5232545532960524
24.39529461825891	0.5257353212440834
24.41478780760712	0.5308607524648542
24.45377418630354	0.5417611622055283
24.463520780977646	0.544620154306487
24.47326737565175	0.5475321515283846
24.492760564999962	0.5535139074025653
24.53174694369638	0.5660955882812827
24.60971970108922	0.5936023575154578
24.619466295763324	0.5972469981301116
24.62921289043743	0.6009347326571899
24.64870607978564	0.6084358942422419
24.68769245848206	0.6239146386534723
24.7656652158749	0.6565371088398576
24.776237338094283	0.6611060443107672
24.78680946031367	0.6657047620435771
24.807953704752443	0.6749847665444031
24.850242193629988	0.6938262815136967
24.934819171385072	0.7322269553234977
24.94539129360446	0.7370575824904417
24.955963415823845	0.7418885148703006
24.977107660262615	0.7515435710650258
25.019396149140157	0.7707728492404204
25.10397312689524	0.8084746250996436
25.114545249114627	0.8130797757045872
25.125117371334014	0.8176548742215918
25.146261615772783	0.8267075303175758
25.188550104650325	0.8443757896641058
25.19912222686971	0.8486923901979224
25.209694349089098	0.8529655780923048
25.230838593527867	0.8613752616863709
25.27312708240541	0.8776072306581172
25.283699204624796	0.8815352416465172
25.294271326844182	0.8854086990816314
25.31541557128295	0.8929868679462372
25.357704060160493	0.9074358699770921
25.44228103791558	0.9333034477931293
25.452148075435346	0.9360445343746004
25.462015112955115	0.9387263317341993
25.48174918799465	0.9439107092295852
25.521217338073726	0.9535538759105342
25.531084375593494	0.9558123755455747
25.540951413113262	0.9580099134548984
25.5606854881528	0.9622221873936456
25.600153638231873	0.9699165831834345
25.61002067575164	0.9716885082020903
25.61988771327141	0.9734002376484946
25.639621788310947	0.9766445233512542
25.649488825830716	0.9781778064636264
25.659355863350484	0.9796523472806654
25.679089938390018	0.9824267394905921
25.688956975909782	0.9837273775831543
25.69882401342955	0.9849708939054737
25.718558088469088	0.9872890400496375
25.728425125988856	0.9883649649714825
25.738292163508625	0.9893863321677726
25.75802623854816	0.991268054049724
25.76789327606793	0.9921297538850049
25.7777603135877	0.9929395858346131
25.787627351107467	0.9936982470851136
25.797494388627236	0.9944065515232733
25.807361426147004	0.9950653707089722
25.817228463666773	0.9956755799383463
25.82709550118654	0.9962380591821919
25.83696253870631	0.9967536928485395
25.846829576226078	0.9972233695508886
25.856696613745846	0.9976479818820883
25.866563651265615	0.9980284261938713
25.876430688785383	0.9983656029615039
25.886297726305152	0.9986604701448447
25.89616476382492	0.9989140501693237
25.90603180134469	0.9991273652458352
25.915898838864454	0.9993014403839744
25.92576587638422	0.9994373031841628
25.935632913903987	0.999535983635979
25.945499951423756	0.9995985139226846
25.955366988943524	0.9996259282319575
25.965234026463293	0.9996192625728211
25.97510106398306	0.999579569981503
25.98496810150283	0.9995079508240717
25.994835139022598	0.9994054946286708
26.004702176542366	0.9992732910037212
26.014569214062135	0.9991124305664962
26.024436251581903	0.9989240047883788
26.034303289101672	0.9987091058463755
26.04417032662144	0.998468826480887
26.05403736414121	0.9982042598597267
26.073771439180746	0.997606668531529
26.084464004245795	0.9972472497827275
26.095156569310845	0.9968645531413607
26.11654169944094	0.9960348077602813
26.127234264505987	0.9955904988479705
26.137926829571036	0.9951283914266673
26.159311959701135	0.9941562575755504
26.170004524766185	0.9936489452956025
26.180697089831234	0.9931291889696712
26.20208221996133	0.9920574073730278
26.244852480221525	0.9898201474720861
26.255545045286574	0.9892486626966553
26.266237610351624	0.9886747132578612
26.28762274048172	0.9875237744021012
26.330393000741914	0.9852401438685099
26.341085565806964	0.9846793587984316
26.351778130872013	0.9841247358127039
26.373163261002112	0.9830374662440177
26.415933521262307	0.9809746835779507
26.426626086327353	0.9804872302036037
26.437318651392403	0.9800127666879612
26.4587037815225	0.9791055393191674
26.46939634658755	0.9786739347076691
26.4800889116526	0.9782577713234774
26.5014740417827	0.9774740725765269
26.51216660684775	0.9771076890427426
26.5228591719128	0.9767590504910586
26.53355173697785	0.976428702561112
26.544244302042895	0.9761169963343537
26.55493686710794	0.9758242069267293
26.56562943217299	0.9755506096174861
26.57632199723804	0.9752964800287163
26.58701456230309	0.9750620941582437
26.59770712736814	0.9748477284138896
26.60839969243319	0.9746536596491234
26.619092257498238	0.9744801647675314
26.629784822563284	0.9743274310790282
26.64047738762833	0.9741954467654987
26.65116995269338	0.9740841738929907
26.66186251775843	0.973993575205625
26.67255508282348	0.9739236141350248
26.68324764788853	0.9738742548107557
26.693940212953578	0.9738454620717838
26.704632778018627	0.9738372014789568
26.715325343083673	0.9738494301874934
26.72601790814872	0.973881942754212
26.73671047321377	0.9739343937721827
26.74740303827882	0.9740064339700278
26.758095603343868	0.9740977147815197
26.76859328779093	0.9742057133522399
26.779090972237995	0.9743315936992035
26.789588656685062	0.9744750278759844
26.800086341132126	0.9746356885448432
26.81058402557919	0.9748132210653822
26.821081710026256	0.9750070865500567
26.842077078920383	0.9754413664562049
26.852574763367446	0.975680556694934
26.86307244781451	0.9759336316247933
26.884067816708637	0.9764789910936115
26.926058554496894	0.9777082419645379
26.936556238943957	0.9780397774299359
26.947053923391024	0.9783792673624965
26.96804929228515	0.9790786336045886
27.010040030073405	0.9805341543363174
27.02053771452047	0.9809041468205351
27.031035398967532	0.9812744274135916
27.052030767861662	0.9820114987793892
27.09402150564992	0.9834410947197542
27.104519190096983	0.9837825624015616
27.115016874544047	0.9841151904401533
27.136012243438174	0.984748908235125
27.146509927885237	0.9850474873919941
27.1570076123323	0.9853322058366849
27.17800298122643	0.9858550308534755
27.188500665673494	0.9860905418590239
27.19899835012056	0.9863069828907928
27.209496034567625	0.9865029997272833
27.21999371901469	0.9866772381717603
27.230491403461752	0.986828344177338
27.240989087908815	0.9869549639819248
27.25148677235588	0.9870557442530377
27.261984456802942	0.9871293322424775
27.272482141250006	0.9871743659215421
27.28297982569707	0.9871894455744679
27.293477510144136	0.9871731938608027
27.3039751945912	0.9871242375590557
27.314472879038263	0.9870412046363283
27.32497056348533	0.9869227244564412
27.335468247932393	0.9867674279990254
27.345965932379457	0.9865739480895929
27.35646361682652	0.986340919640577
27.366961301273584	0.9860669691929425
27.377458985720647	0.9857507430689411
27.38795667016771	0.9853909378810333
27.398454354614774	0.9849862542059794
27.408952039061838	0.984535395671577
27.419449723508905	0.9840370692446289
27.429947407955968	0.9834899855302298
27.439740007703413	0.9829345591033817
27.449532607450863	0.9823345463643498
27.459325207198308	0.9816889065893426
27.469117806945754	0.9809966586373727
27.478910406693203	0.9802568827278288
27.488703006440648	0.979468663798059
27.508288205935543	0.9777432570187654
27.518080805682988	0.976804260173248
27.527873405430434	0.9758132028240775
27.54745860492533	0.9736713411777631
27.557251204672774	0.9725188042723247
27.567043804420223	0.9713108618555869
27.586629003915114	0.9687259768396118
27.59642160366256	0.9673476571390506
27.606214203410005	0.9659111782485931
27.6257994029049	0.9628610592081737
27.635592002652345	0.9612460946465339
27.645384602399794	0.9595703347734265
27.664969801894685	0.956034546840219
27.674762401642134	0.9541737094281937
27.68455500138958	0.9522503828415231
27.704140200884474	0.9482147283438068
27.74331059987426	0.9393772421177994
27.753103199621705	0.9370066194626537
27.762895799369154	0.9345712878907375
27.782480998864045	0.9295063260213767
27.821651397853834	0.9185984988310992
27.83144399760128	0.9157094721358863
27.841236597348725	0.9127558917476483
27.86082179684362	0.9066563916872773
27.899992195833406	0.8936977622098253
27.90978479558085	0.8903019768338787
27.919577395328297	0.8868445102155318
27.93916259482319	0.8797468660000843
27.978332993812977	0.8648410094547297
28.05667379179255	0.8323620803518802
28.067291919085278	0.8277065643983718
28.07791004637801	0.8229948911958497
28.09914630096346	0.8134087395341935
28.141618810134368	0.793628697001746
28.226563828476188	0.7520343956975662
28.39645386515982	0.6642419964118259
28.407071992452547	0.6587011796881204
28.417690119745274	0.6531671183341075
28.43892637433073	0.642127953520959
28.48139888350164	0.6202250824993789
28.566343901843457	0.5775856803935291
28.576962029136183	0.5724039418451305
28.587580156428913	0.5672614444824882
28.608816411014367	0.5571012600289665
28.651288920185273	0.5373279769946157
28.736233938527093	0.5003194617879899
28.7461469811202	0.49624592871243545
28.75606002371331	0.4922272524598374
28.77588610889953	0.48435790306541593
28.81553827927197	0.4693123203543762
28.82545132186508	0.46569943427472466
28.83536436445819	0.4621472656350059
28.85519044964441	0.4552274747234988
28.89484262001685	0.4421382134505515
28.904755662609958	0.4390242477967704
28.91466870520307	0.4359742313342153
28.934494790389287	0.4300670970562048
28.97414696076173	0.41902876757881696
28.984060003354838	0.41643090409528327
28.993973045947946	0.41389763427177717
29.013799131134167	0.40902455154424155
29.053451301506605	0.4000484626260284
29.063364344099714	0.3979633242136107
29.073277386692823	0.39594099328210447
29.093103471879044	0.3920831417726651
29.103016514472152	0.3902467855874355
29.112929557065264	0.38847156624667495
29.13275564225148	0.3851026812973967
29.142668684844594	0.38350784245727537
29.152581727437703	0.3819718412559155
29.172407812623923	0.3790735981582708
29.182320855217032	0.3777099625614018
29.19223389781014	0.37640237772875296
29.21205998299636	0.37395250443779887
29.22197302558947	0.3728087511704685
29.231886068182583	0.37171799210987716
29.2517121533688	0.3696917495780582
29.261625195961912	0.36875440812500826
29.27153823855502	0.3678663453786472
29.29136432374124	0.3662343253658655
29.30127736633435	0.3654885006555975
29.31119040892746	0.364788215260175
29.32110345152057	0.3641324382121246
29.33101649411368	0.3635200618567075
29.34092953670679	0.36294997899295506
29.3508425792999	0.3624210854735922
29.370668664486118	0.3614824661325782
29.380386826461244	0.36107828844302686
29.39010498843637	0.36070950505873967
29.399823150411493	0.36037509237283605
29.40954131238662	0.36007399217896996
29.419259474361745	0.35980505781904953
29.428977636336867	0.3595671357944413
29.438695798311993	0.35935907901019437
29.44841396028712	0.35917974686252657
29.458132122262242	0.35902800533573825
29.467850284237368	0.35890272710855814
29.477568446212494	0.3588027916699193
29.487286608187617	0.3587270854441629
29.497004770162743	0.3586744964266183
29.50672293213787	0.35864385071412164
29.51644109411299	0.35863393922745357
29.526159256088118	0.3586435616778528
29.535877418063244	0.3586715269287425
29.545595580038366	0.35871665303486994
29.555313742013492	0.35877776729165445
29.56503190398862	0.35885370629473856
29.57475006596374	0.3589433160097462
29.584468227938867	0.35904545185190956
29.594186389913993	0.35915895500426304
29.603904551889116	0.3592826168763983
29.613622713864242	0.3594152332703856
29.623340875839368	0.3595556109431702
29.642777199789617	0.3598549318872629
29.681649847690117	0.3604954198005373
29.691368009665243	0.36065758905882844
29.70108617164037	0.3608182646386596
29.720522495590618	0.36113053981197957
29.730240657565744	0.3612798717509278
29.739958819540867	0.36142317466036195
29.75939514349112	0.3616872889869349
29.769113305466245	0.3618059279963915
29.77883146744137	0.3619141811028241
29.788549629416494	0.362010959223372
29.79826779139162	0.3620951915543797
29.807985953366746	0.36216581966602873
29.81770411534187	0.3622217974016845
29.827422277316995	0.36226209085371547
29.83714043929212	0.3622856783541917
29.846858601267247	0.3622915504804592
29.856576763242373	0.3622787100755911
29.866294925217495	0.36224617077559673
29.87601308719262	0.3621929467121968
29.885731249167748	0.3621180799929572
29.89544941114287	0.36202062948049873
29.905167573117996	0.36189966623324527
29.914885735093122	0.36175427349034606
29.924603897068245	0.3615835466732852
29.93432205904337	0.3613865934041773
29.944040221018497	0.36116253354074984
29.95375838299362	0.3609104992280117
29.963476544968746	0.36062963084611666
29.973194706943872	0.3603191009859715
29.982912868918994	0.35997811958803927
29.99263103089412	0.35960590876945214
30.003174720414528	0.3591658677849494
30.01371840993493	0.3586872023145892
30.02426209945534	0.3581689663536946
30.034805788975746	0.35761023051155716
30.04534947849615	0.35701008214238544
30.055893168016556	0.3563676242633836
30.076980547057367	0.35495251542707407
30.08752423657777	0.35417834864758835
30.098067926098178	0.3533587901046704
30.11915530513899	0.35158064236662584
30.129698994659392	0.35062066570670286
30.1402426841798	0.3496125227521681
30.16133006322061	0.3474492629004346
30.171873752741014	0.34629312834884163
30.18241744226142	0.3450866997207615
30.203504821302232	0.34252117729929754
30.214048510822636	0.34116123026378786
30.224592200343043	0.3397492831743855
30.245679579383854	0.33676788405915903
30.256223268904257	0.3351978884032822
30.266766958424665	0.3335748035772624
30.287854337465475	0.3301688035253497
30.330029095547097	0.32271434675782856
30.3405727850675	0.32071647596811576
30.351116474587908	0.3186650440521647
30.37220385362872	0.3144022768179202
30.41437861171034	0.30524330678268363
30.424922301230744	0.302823046385643
30.43546599075115	0.300351251729538
30.456553369791962	0.2952552471465634
30.498728127873587	0.28446960428683843
30.509271817393994	0.281652989290045
30.519815506914398	0.2787895445756347
30.540902885955212	0.27292552829062156
30.583077644036834	0.2606749722285912
30.667427160200077	0.23430813616533583
30.677265765020866	0.23109173462212282
30.687104369841656	0.2278495407626624
30.70678157948323	0.2212920068121087
30.746135998766384	0.20791814654202911
30.824844837332687	0.18042135710293583
30.834683442153477	0.17694007254692204
30.844522046974262	0.17345374619590515
30.86419925661584	0.16647172008326117
30.90355367589899	0.15251035013826747
30.982262514465297	0.12493911469745016
30.992101119286087	0.12155545074598438
31.001939724106876	0.11819088207737666
31.02161693374845	0.11152532109387574
31.060971353031604	0.09849137675888422
31.070809957852394	0.09530349183138238
31.080648562673183	0.09214679183220177
31.100325772314758	0.08593300601897307
31.13968019159791	0.0739448462562287
31.1495187964187	0.07104755875675849
31.15935740123949	0.06819287464964661
31.179034610881065	0.06261660486947969
31.218389030164218	0.052033066706289065
31.228227634985004	0.04951297346597381
31.238066239805793	0.0470455455377732
31.257743449447368	0.04227310994307769
31.29709786873052	0.0334076645645105
31.308080704327523	0.031102011443607212
31.319063539924528	0.02887226249796745
31.34102921111854	0.024645147928394603
31.352012046715544	0.02264996719165812
31.362994882312545	0.020735080394031453
31.384960553506552	0.017149959598901133
31.395943389103557	0.015481445814364518
31.406926224700562	0.013896667256777361
31.417909060297568	0.012396319801881562
31.42889189589457	0.010981033435425402
31.43987473149157	0.009651372270652988
31.450857567088576	0.008407839542677669
31.472823238282587	0.0061808245216013954
31.48380607387959	0.005198000848893167
31.494788909476593	0.004302627147527468
31.505771745073595	0.0034948650704556307
31.5167545806706	0.0027748091181335867
31.527737416267605	0.00214248669724016
31.53872025186461	0.0015978585166333957
31.549703087461616	0.0011408140487429988
31.560685923058617	0.0007711698884939951
31.57166875865562	0.0004886774471047015
31.582651594252624	0.0002930232769689509
31.59363442984963	0.0001838290533306556
31.604617265446635	0.00016065162480298682
31.61560010104364	0.0002229831327328394
31.62658293664064	0.0003702511684040129
31.637565772237643	0.0006018164371841415
31.64854860783465	0.0009169742196309104
31.659531443431653	0.0013149602811886943
31.670514279028655	0.0017949510974984574
31.681497114625657	0.0023560638819461782
31.692479950222662	0.002997356679626779
31.703462785819667	0.003717828527723799
31.714445621416672	0.004516419682306216
31.725428457013678	0.005392011177042276
31.73641129261068	0.006343433099295798
31.74739412820768	0.007369471932344944
31.758376963804686	0.008468863498663435
31.780342634998696	0.010882393848161935
31.7913254705957	0.012193750380266594
31.802308306192703	0.013572895541454631
31.82427397738671	0.016528443597244435
31.835256812983715	0.018101719144803498
31.84623964858072	0.01973653269846425
31.868205319774727	0.023184146374175443
31.912136662162744	0.030742675639423143
31.92311949775975	0.03275996096538913
31.93410233335675	0.034824646150692334
31.956068004550758	0.03908874619554611
31.967050840147763	0.04128435314429193
31.97803367574477	0.04351974430930002
31.989016511341774	0.04579294327404001
31.999999346938775	0.048101945597157754