6.530612244897958e-7	1.0662224071283703e-13
0.009814973457908056	0.000024083175191110584
0.019629293854591622	0.00009632395157483799
0.029443614251275188	0.0002167154583228491
0.03925793464795876	0.00038524621910932054
0.04907225504464233	0.000601899926577871
0.05888657544132589	0.0008666557126190797
0.06870089583800945	0.0011794880759266062
0.07851521623469303	0.0015403668844532798
0.0883295366313766	0.0019492573770736041
0.09814385702806017	0.002406120151256816
0.10795817742474373	0.002910911203491171
0.11777249782142729	0.003463581924386438
0.12758681821811085	0.0040640790940778574
0.13740113861479442	0.0047123448854278676
0.15702977940816157	0.006151928009344982
0.16684409980484516	0.0069431066839789075
0.17665842020152872	0.007781776672753699
0.19628706099489585	0.00960126278750024
0.2061013813915794	0.010581903555945422
0.21591570178826297	0.011609685023538418
0.2355443425816301	0.013806269753982643
0.24535866297831369	0.01497486153686942
0.2551729833749973	0.016190171071636544
0.2748016241683644	0.01876047072989113
0.31405890575509865	0.024456231720441056
0.3238732261517822	0.025995036601892164
0.3336875465484658	0.027579497566851848
0.3533161873418329	0.030884773346217784
0.39257346892856715	0.03803619348690655
0.4023877893252507	0.03993573117814951
0.4122021097219343	0.04187958223088185
0.4318307505153014	0.04589947043801248
0.4710880321020357	0.05446248443877094
0.48090235249871927	0.05671104996154601
0.4907166728954029	0.05900231346374386
0.51034531368877	0.06371204725586119
0.5496025952755043	0.07363390014655358
0.6281171584489728	0.0954323140766106
0.6387570063909369	0.09858126129363423
0.649396854332901	0.10177565015664816
0.6706765502168293	0.10829930208124894
0.7132359419846857	0.1218756717334299
0.7983547255203987	0.15105692398841655
0.9685922925918247	0.21676988639451808
0.9792321405337888	0.22116992087867965
0.989871988475753	0.22560151059192696
1.0111516843596813	0.2345573573877042
1.0537110761275377	0.2528255240166542
1.1388298596632507	0.2906711502784295
1.3090674267346767	0.370624228293352
1.3190021899770235	0.37542876256347374
1.3289369532193702	0.38024559944686576
1.3488064797040635	0.3899142726746534
1.3885455326734504	0.4093781663839477
1.4680236386122243	0.44870377961945157
1.626979850489772	0.5280769155019721
1.6369146137321187	0.5330349596735867
1.6468493769744654	0.5379897298648096
1.6667189034591587	0.547887513719391
1.7064579564285456	0.5676225043614503
1.7859360623673193	0.6067417156753389
1.9448922742448669	0.6827150269628902
1.9546321568692289	0.6872394294059461
1.9643720394935906	0.6917460844987702
1.9838518047423146	0.7007044381512434
2.0228113352397625	0.7183893709861074
2.1007303962346584	0.752737865322388
2.1104702788590206	0.7569277205267471
2.1202101614833824	0.7610932098609537
2.1396899267321063	0.7693495267475705
2.1786494572295543	0.7855526509835288
2.25656851822445	0.8166353250855433
2.2663084008488124	0.820389251779697
2.276048283473174	0.8241127418195798
2.295528048721898	0.8314670253270758
2.334487579219346	0.8457953606268859
2.412406640214242	0.8728573648486202
2.422146522838604	0.876084359216554
2.431886405462966	0.8792756983866307
2.45136617071169	0.8855501880685982
2.4903257012091378	0.8976579863042035
2.5682447622040336	0.9200442073477677
2.578810172373676	0.9228861466202017
2.589375582543319	0.9256808890313302
2.6105064028826037	0.9311275704812089
2.6527680435611742	0.941441449969682
2.6633334537308166	0.9438975173932442
2.673898863900459	0.9463040649248992
2.6950296842397443	0.9509675147418446
2.7372913249183144	0.9596884628403521
2.747856735087957	0.9617409724406742
2.758422145257599	0.9637418976681253
2.7795529655968845	0.967588053538644
2.790118375766527	0.9694328629722536
2.8006837859361697	0.9712252367654397
2.8218146062754546	0.974651936320657
2.832380016445097	0.9762859025624734
2.8429454266147394	0.9778667141436981
2.8640762469540246	0.9808682030556407
2.9063378876325947	0.9862262017870129
2.916903297802237	0.9874304576432341
2.9274687079718795	0.9885803345806387
2.948599528311165	0.9907164250629474
2.959164938480807	0.9917023866295672
2.96973034865045	0.9926334653412254
2.990861168989735	0.9943305203586015
3.0014265791593773	0.9950962811857453
3.0119919893290197	0.9958067282212573
3.0225573994986625	0.9964617662274915
3.033122809668305	0.9970613233210592
3.0436882198379474	0.9976053487567597
3.05425363000759	0.998093797017647
3.0648190401772326	0.9985266272536099
3.075384450346875	0.998903803281354
3.0859498605165174	0.9992252935843859
3.09651527068616	0.9994910713129963
3.1070806808558027	0.9997011142842414
3.117646091025445	0.9998554049819275
3.1282115011950875	0.9999539305565939
3.1387769113647304	0.9999966828254947
3.1493423215343728	0.9999836582725833
3.159907731704015	0.9999148580484942
3.170473141873658	0.9997902879705269
3.1810385520433004	0.9996099585226287
3.191603962212943	0.9993738848553773
3.2021693723825857	0.9990820867859636
3.212734782552228	0.9987345887981757
3.2233001927218705	0.9983314200423817
3.2338656028915134	0.997872614335512
3.2444310130611558	0.9973582101610426
3.254291338531181	0.9968280161290348
3.264151664001206	0.9962494730466257
3.274011989471231	0.9956226247963156
3.2838723149412563	0.9949475362293768
3.2937326404112817	0.9942242864032126
3.3035929658813066	0.9934529580202864
3.323313616821357	0.9917664138036703
3.333173942291382	0.9908513807627567
3.343034267761407	0.9898886347360979
3.3627549187014574	0.9878204073594217
3.3726152441714827	0.9867151364367402
3.3824755696415076	0.9855625733684849
3.402196220581558	0.9831160293791182
3.4120565460515833	0.9818222862878986
3.421916871521608	0.980481726696424
3.4416375224616584	0.9776606710833488
3.481078824341759	0.9714625950205167
3.4909391498117843	0.9697980769860103
3.5007994752818092	0.9680878563070631
3.5205201262218595	0.9645309277765421
3.55996142810196	0.9568760293271972
3.5698217535719854	0.9548507276650596
3.5796820790420103	0.9527812021850224
3.5994027299820606	0.94851031890558
3.638844031862161	0.9394472710243194
3.717726635622362	0.9192870060478925
3.7275869610923875	0.9165809261323067
3.7374472865624124	0.9138343331639899
3.7571679375024627	0.9082206400254651
3.7966092393825632	0.8965187175761327
3.8754918431427643	0.871283163255186
3.88617769615807	0.8676834639137283
3.896863549173376	0.8640418120310374
3.918235255203987	0.8566343177676655
3.96097866726521	0.8413344222925462
4.046465491387655	0.8088926329802526
4.217439139632547	0.7374933276415518
4.228124992647853	0.7327782491547089
4.238810845663158	0.7280365806303387
4.26018255169377	0.7184756015729407
4.302925963754992	0.6990582205698914
4.388412787877439	0.6591683695134682
4.559386436122329	0.5762029618071763
4.56987740851965	0.5710145674560099
4.580368380916971	0.5658183557512959
4.601350325711613	0.5554047904841997
4.643314215300897	0.5345092528839579
4.727241994479464	0.49257355844789574
4.895097552836599	0.40915263172243516
4.90558852523392	0.40399955805214355
4.916079497631241	0.39885706428628576
4.937061442425883	0.38860607414958653
4.979025332015167	0.36825578418196475
5.0629531111937345	0.32828596961747036
5.2308086695508695	0.25224515234732453
5.240594557248573	0.24800712718120319
5.250380444946277	0.24379324121449902
5.2699522203416835	0.23543949035399261
5.3090957711324975	0.21903915243313996
5.387382872714126	0.18755364653953144
5.39716876041183	0.18374864579175773
5.406954648109533	0.17997392699453602
5.42652642350494	0.17251678695636227
5.465669974295755	0.15798167714405753
5.543957075877383	0.1305051932413312
5.553742963575087	0.1272265060334445
5.563528851272791	0.12398352149577475
5.583100626668197	0.11760589533419433
5.622244177459011	0.10529245924284975
5.632030065156715	0.10230786256769293
5.641815952854419	0.09936134509889999
5.661387728249825	0.09358366700115262
5.700531279040639	0.0824973852855555
5.710317166738343	0.07982510026472785
5.720103054436047	0.07719304999608344
5.739674829831453	0.0720506623017624
5.778818380622267	0.0622595719677242
5.788604268319971	0.05991602664162881
5.798390156017675	0.057614627678748476
5.817961931413082	0.05313914678038745
5.857105482203896	0.04470336601007034
5.867716897446881	0.04253617924477305
5.878328312689865	0.04042050546621028
5.899551143175833	0.03634464218955825
5.910162558418817	0.034384910680016784
5.920773973661801	0.032477608102222166
5.941996804147768	0.02882114082223625
5.952608219390752	0.027072386834159745
5.963219634633736	0.025376883177368723
5.984442465119705	0.02214638274606615
6.026888126091642	0.016332371835140472
6.0374995413346255	0.015014626127905759
6.048110956577609	0.013751490098669234
6.069333787063578	0.011389610636249343
6.079945202306563	0.010291133435792563
6.090556617549547	0.009247798359994603
6.111779448035515	0.007327018437309066
6.122390863278499	0.006449789881839506
6.133002278521483	0.0056281360186244845
6.1436136937644665	0.004862149323810511
6.154225109007451	0.0041519159935570135
6.164836524250436	0.0034975159379705576
6.17544793949342	0.002899022775482817
6.186059354736404	0.0023565038276726316
6.196670769979388	0.0018700201145323543
6.207282185222372	0.0014396263501780461
6.217893600465356	0.0010653709390037543
6.22850501570834	0.0007472959722798461
6.2391164309513245	0.00048543722519536677
6.249727846194309	0.00027982415434453707
6.260339261437293	0.0001304798956571542
6.270950676680277	0.00003742126277310019
6.281562091923261	6.587458609559136e-7
6.292173507166245	0.000020196510880592304
6.302784922409229	0.00009603239928982811
6.313396337652213	0.00022815792819513373
6.324007752895197	0.00041655829094638177
6.334619168138181	0.0006612123188349145
6.345230583381165	0.0009620921735214546
6.355841998624149	0.0013191638191826643
6.366453413867133	0.0017323869816421441
6.377064829110118	0.002201715096896098
6.387676244353102	0.0027270953143793027
6.398287659596086	0.0033084685006717833
6.40889907483907	0.003945769243645971
6.419510490082054	0.004638925857054596
6.430121905325038	0.005387860385559264
6.451344735811006	0.007052720054303332
6.46195615105399	0.007968457989836364
6.4725675662969735	0.00893959944419438
6.493790396782942	0.01104764983994757
6.504401812025927	0.012184321680571686
6.515013227268911	0.013375922855145451
6.536236057754879	0.015923370698908618
6.546142388298246	0.017187171694867467
6.5560487188416126	0.01849835418269555
6.575861379928345	0.0212623441639427
6.615486702101812	0.027352926568245242
6.625393032645179	0.028991914761309082
6.635299363188546	0.03067712445543706
6.6551120242752795	0.034185540358545256
6.694737346448746	0.0417494183357762
6.704643676992113	0.043753279558057356
6.714550007535479	0.04580191198470351
6.734362668622213	0.05003268441929212
6.77398799079568	0.059022373573415846
6.853238635142613	0.07906361883221662
6.86314496568598	0.08175734797985747
6.873051296229347	0.08449212515918829
6.89286395731608	0.09008374494367673
6.9324892794895465	0.10174746494578418
7.011739923836481	0.12693116414088926
7.0216462543798475	0.13024715356097005
7.0315525849232134	0.1335994210957331
7.051365246009947	0.14041147874557391
7.090990568183415	0.15445630241228955
7.170241212530348	0.18415078873108304
7.1799526624557295	0.18792987480039708
7.189664112381112	0.19173840177368606
7.209087012231876	0.19944233670689002
7.247932811933404	0.21518747220169632
7.3256244113364595	0.2479423035558875
7.48100761014257	0.3178054988209832
7.791774007754793	0.4689155585093261
7.802310985225455	0.4741755289315579
7.812847962696118	0.47943838180137066
7.833921917637443	0.48997038676313803
7.876069827520093	0.5110430996380191
7.960365647285393	0.5530912590234967
8.128957286815993	0.6357615760187345
8.139494264286656	0.6408245920537206
8.150031241757318	0.6458719455358953
8.171105196698644	0.6559173829546155
8.213253106581293	0.6757957035237577
8.297548926346593	0.7145810516135445
8.466140565877195	0.7873174528652118
8.47597245864824	0.7913266173067824
8.485804351419286	0.7953076194425568
8.505468136961376	0.8031836265125154
8.544795708045555	0.818581187052471
8.623450850213917	0.8478764419179077
8.633282742984962	0.851390743627307
8.643114635756007	0.8548710736507347
8.662778421298098	0.8617284403417215
8.702105992382279	0.8750205115220889
8.78076113455064	0.8998440503219362
8.790593027321684	0.902776189193993
8.80042492009273	0.9056694215229842
8.82008870563482	0.9113380587069165
8.859416276719	0.9221964224665683
8.869248169490044	0.9248096893531996
8.879080062261089	0.9273819060959303
8.89874384780318	0.932402170874312
8.938071418887361	0.9419390593004721
8.947903311658406	0.9442169391694177
8.95773520442945	0.9464518205897038
8.977398989971542	0.9507917781106976
9.016726561055723	0.9589469998704035
9.026558453826768	0.9608753910973709
9.036390346597813	0.962759251147032
9.056054132139902	0.9663926723227193
9.095381703224083	0.9731175617049341
9.106039123540409	0.9748144415462254
9.116696543856733	0.976457424361309
9.138011384489385	0.9795809354125008
9.14866880480571	0.9810610932798647
9.159326225122037	0.9824866134131643
9.180641065754688	0.9851730501385563
9.191298486071014	0.9864336330909222
9.20195590638734	0.9876389110595131
9.223270747019992	0.9898829691541513
9.233928167336318	0.9909215177652825
9.244585587652644	0.9919042751139198
9.265900428285295	0.9937020318732068
9.276557848601621	0.994516851151536
9.287215268917947	0.9952755189103918
9.297872689234273	0.9959779570437846
9.308530109550599	0.9966240922366915
9.319187529866925	0.9972138559688878
9.32984495018325	0.9977471845187831
9.340502370499575	0.9982240189672553
9.3511597908159	0.9986443052014873
9.361817211132227	0.9990079939188032
9.37247463144855	0.9993150406305078
9.383132051764877	0.9995654056657238
9.393789472081203	0.9997590541752327
9.404446892397528	0.9998959561353149
9.415104312713854	0.9999760863515917
9.42576173303018	0.9999994244628676
9.436419153346506	0.9999659549449739
9.447076573662832	0.9998756671146121
9.457733993979158	0.9997285551332012
9.468391414295484	0.9995246181038963
9.47904883461181	0.9992638722103602
9.489706254928135	0.9989463627536171
9.500363675244461	0.9985721427269373
9.511021095560785	0.9981412699451346
9.521678515877111	0.997653807037203
9.532335936193437	0.9971098214389545
9.542993356509761	0.9965093853856636
9.553650776826087	0.995852575904712
9.564308197142413	0.9951394748082386
9.574965617458739	0.9943701686857928
9.585623037775065	0.9935447488969897
9.606937878407717	0.9917259575650642
9.617595298724043	0.9907327925254559
9.628252719040368	0.9896839268118548
9.64956755967302	0.9874195584883736
9.660224979989346	0.9862043002492082
9.670882400305672	0.9849338300628416
9.692197240938322	0.9822277943864942
9.702854661254648	0.9807925109002329
9.713512081570972	0.9793025794596003
9.734826922203624	0.9761593969551036
9.777456603468927	0.9692251569512463
9.787919143167269	0.9673924596963135
9.798381682865609	0.9655086107571275
9.81930676226229	0.9615883104140973
9.861156921055654	0.9531434971774497
9.871619460753994	0.9509077547781518
9.882082000452336	0.9486226718106031
9.903007079849019	0.9439054663464905
9.944857238642381	0.9338899947180646
9.955319778340723	0.9312666014487582
9.965782318039064	0.928595962766422
9.986707397435746	0.9231141725308551
10.02855755622911	0.9115973089383289
10.112257873815837	0.886423605777079
10.122720413514177	0.8830828952462032
10.133182953212518	0.879700246702001
10.154108032609201	0.8728105829993172
10.195958191402564	0.8585442386890836
10.279658508989293	0.8281538186431685
10.447059144162747	0.7607101137392864
10.45681659916147	0.7565346905917983
10.466574054160194	0.7523348560202158
10.486088964157641	0.743863563432682
10.525118784152536	0.7266458377782031
10.603178424142325	0.6912017486155302
10.7592977041219	0.6170419546413871
11.071536264081054	0.46205553710581004
11.082119246625059	0.45678148077499514
11.092702229169062	0.45151226447282433
11.11386819425707	0.4409907268251909
11.156200124433086	0.4200317746909474
11.240863984785118	0.3785813868072622
11.410191705489185	0.29858002263007344
11.420774688033188	0.2937482786752101
11.431357670577192	0.28893963605524214
11.452523635665202	0.2793937952730671
11.494855565841217	0.2606027084767987
11.57951942619325	0.2243399555696225
11.748847146897315	0.15798513951080725
11.758725044741702	0.15439913270328037
11.768602942586089	0.15084684249236624
11.788358738274862	0.14384480211641598
11.82787032965241	0.13026041172808417
11.906893512407503	0.10484355421080183
11.91677141025189	0.10183678607221064
11.926649308096277	0.09886886891746922
11.94640510378505	0.09305073879055165
11.985916695162597	0.08189313512508296
12.06493987791769	0.06155211745881777
12.074817775762074	0.05919948101968489
12.084695673606461	0.05688985579713947
12.104451469295235	0.05240053694066106
12.143963060672782	0.04394766927037354
12.153840958517169	0.04194519621222172
12.163718856361555	0.03998741755507493
12.183474652050329	0.03620670203801186
12.222986243427876	0.029189700964414613
12.232864141272263	0.027549876580385668
12.24274203911665	0.02595614860327841
12.262497834805423	0.02290759851852794
12.27237573264981	0.021453074839056046
12.282253630494196	0.020045243456451242
12.30200942618297	0.01737020344631425
12.311887324027357	0.016103256194688078
12.321765221871743	0.014883523975741848
12.341521017560517	0.01258617637028157
12.351398915404904	0.011508785218665512
12.36127681324929	0.010479057555827571
12.381032608938064	0.008562989839455578
12.391736034327732	0.007604951911194483
12.4024394597174	0.00670332412400193
12.413142885107067	0.005858209691847283
12.423846310496733	0.005069705351005514
12.4345497358864	0.0043379013531386346
12.445253161276067	0.0036628814588434266
12.455956586665735	0.003044722931664732
12.466660012055403	0.0024834965325737928
12.47736343744507	0.0019792665149127196
12.488066862834737	0.0015320906198045398
12.498770288224403	0.001142020072028577
12.50947371361407	0.000809099576361887
12.520177139003739	0.0005333673377129435
12.530880564393406	0.0003148551158813879
12.541583989783074	0.00015358793932720492
12.55228741517274	0.00004958425383090004
12.562990840562406	2.855951967784523e-6
12.573694265952074	0.000013408372257700293
12.584397691341742	0.00008124029878338988
12.59510111673141	0.0002063439612776379
12.605804542121078	0.00038870503567920453
12.616507967510744	0.0006283026451574536
12.62721139290041	0.0009251093616059108
12.637914818290078	0.0012790912076044187
12.648618243679746	0.0016902076588499446
12.659321669069413	0.0021584116470564517
12.670025094459081	0.002683649563323313
12.680728519848747	0.00326586126197245
12.691431945238413	0.0039049800648545963
12.702135370628081	0.004600932766123899
12.723542221407417	0.006163014433886448
12.734245646797085	0.00702896439973996
12.74494907218675	0.007951390275531706
12.766355922966085	0.009965240242520813
12.777059348355753	0.011056433343310022
12.78776277374542	0.012203639925830817
12.809169624524754	0.014665561072803538
12.81987304991442	0.015979993943253303
12.830576475304088	0.017349876632203724
12.851983326083424	0.020255358316009
12.894797027642092	0.02672440137391941
12.90550045303176	0.028477691703284302
12.916203878421427	0.03028500180809575
12.937610729200761	0.03406084733289914
12.980424430759431	0.04225125420591097
12.991127856149099	0.0444305610565285
13.001831281538765	0.04666205887054246
13.023238132318099	0.05128059633828834
13.066051833876768	0.06113228260533451
13.076560378648452	0.06367401753493056
13.087068923420134	0.06626393362063052
13.108086012963497	0.07158716324010232
13.150120192050228	0.08279889307213185
13.234188550223688	0.10741248186064457
13.24469709499537	0.11068795047308796
13.255205639767054	0.11400641033360923
13.276222729310419	0.12077082776937732
13.31825690839715	0.13479904735013493
13.402325266570609	0.16476488591964972
13.412833811342292	0.16868164871899954
13.423342356113974	0.17263500471194793
13.444359445657337	0.18064974749975413
13.486393624744068	0.19709887838283385
13.570461982917529	0.23157243898341992
13.738598699264449	0.30595016617932963
13.748402159336514	0.3104769809669489
13.758205619408578	0.31502201109375744
13.77781253955271	0.3241649572206278
13.81702637984097	0.34264995622049654
13.89545406041749	0.38031653009172073
14.052309421570532	0.45762212113490797
14.062112881642598	0.4625081465180778
14.071916341714662	0.4673977551094702
14.091523261858793	0.4771858639277412
14.130737102147053	0.49678460331422325
14.209164782723574	0.5359673011914736
14.366020143876616	0.6134298753161138
14.376649131493963	0.6185992156338435
14.387278119111308	0.6237551715228636
14.408536094345997	0.6340246149461621
14.45105204481538	0.6543774603655809
14.536083945754147	0.6942103130718603
14.546712933371492	0.699096458121113
14.557341920988838	0.7039600668350146
14.57859989622353	0.713617523805369
14.621115846692913	0.7326384418184919
14.706147747631677	0.7693861683905961
14.716776735249024	0.7738481678389081
14.727405722866369	0.7782792422302244
14.748663698101058	0.7870465892057474
14.791179648570441	0.8041880163152992
14.876211549509208	0.8367902151336281
14.886840537126552	0.8406990468590703
14.897469524743899	0.8445694147228784
14.91872749997859	0.852193022998
14.961243450447974	0.8669597517579697
15.046275351386738	0.8944781205244562
15.056199254304467	0.8975074346999405
15.066123157222194	0.9004975724675197
15.085970963057651	0.9063591856552972
15.125666574728564	0.9175999919039526
15.135590477646293	0.9203081042649724
15.14551438056402	0.92297484924799
15.165362186399477	0.9281831974030184
15.20505779807039	0.9380922168679314
15.214981700988119	0.9404622599174804
15.224905603905846	0.9427889347720204
15.244753409741303	0.9473112376867764
15.284449021412216	0.9558252364091432
15.294372924329945	0.9578419050708579
15.304296827247672	0.9598134434735791
15.32414463308313	0.9636204047404278
15.363840244754043	0.9706849797588077
15.373764147671771	0.9723356976795204
15.383688050589498	0.9739399233588738
15.403535856424956	0.9770082814327954
15.413459759342684	0.9784721141046561
15.423383662260413	0.9798888551077604
15.443231468095869	0.9825805005105993
15.453155371013597	0.9838551327596161
15.463079273931324	0.9850821290565128
15.482927079766782	0.9873927077382343
15.49285098268451	0.9884760458334954
15.50277488560224	0.9895112594156366
15.522622691437695	0.9914368631057756
15.532546594355424	0.9923270307978479
15.54247049727315	0.9931686252319912
15.55239440019088	0.9939615778742148
15.562318303108608	0.9947058272448092
15.572242206026337	0.9954013154831738
15.582166108944065	0.9960479883485139
15.592090011861792	0.9966457952205412
15.602013914779521	0.9971946891001707
15.61193781769725	0.9976946266102189
15.621861720614977	0.9981455679961043
15.631785623532705	0.9985474771265441
15.641709526450434	0.9989003214942539
15.651633429368163	0.9992040722166459
15.661557332285891	0.999458704036528
15.671481235203618	0.9996641953228026
15.681405138121347	0.9998205280711648
15.69113416042109	0.9999260569632085
15.700863182720834	0.9999843150712636
15.710592205020578	0.9999952955861255
15.720321227320323	0.9999589950513371
15.730050249620067	0.9998754133638225
15.73977927191981	0.9997445537745201
15.749508294219552	0.9995664228890151
15.759237316519297	0.9993410306681736
15.768966338819041	0.9990683904287748
15.778695361118784	0.9987485188441454
15.788424383418526	0.998381435944791
15.79815340571827	0.9979671651190315
15.807882428018015	0.997505733113633
15.817611450317758	0.9969971700344414
15.8273404726175	0.9964415093470165
15.837069494917245	0.9958387878772641
15.846798517216989	0.9951890462661814
15.856527539516732	0.9944923440865957
15.875985584116219	0.9929583901274757
15.885714606415963	0.9921213143718475
15.895443628715705	0.9912376289321977
15.914901673315192	0.9893308171770089
15.924630695614937	0.9883078931202107
15.93435971791468	0.9872387638810445
15.953817762514166	0.9849623301530813
15.99273385171314	0.9798600247675147
16.002462874012885	0.9784706995317325
16.01219189631263	0.9770361335015029
16.031649940912114	0.974031822082711
16.070566030111088	0.967486460448213
16.080295052410833	0.9657391651459452
16.090024074710577	0.9639477972568672
16.109482119310062	0.9602334874603893
16.148398208509036	0.9522832519452478
16.15812723080878	0.9501880341913571
16.167856253108525	0.9480501167727505
16.18731429770801	0.9436470436946504
16.226230386906984	0.9343382669683891
16.304062565304932	0.9137631413025618
16.314617115149957	0.9107773541098076
16.32517166499498	0.907745859867377
16.346280764685027	0.9015471021750261
16.388498964065125	0.8886161766660585
16.472935362825318	0.8607010030409947
16.483489912670343	0.8570263576417507
16.494044462515365	0.853311857525222
16.515153562205413	0.8457650248448578
16.55737176158551	0.8302123120793193
16.641808160345704	0.797371291260363
16.65236271019073	0.7931124041996795
16.66291726003575	0.7888209086875176
16.6840263597258	0.780141994244417
16.726244559105897	0.7624139173341822
16.81068095786609	0.7255862719573178
16.979553755386473	0.6473788918120124
16.989403220531877	0.6426660048437955
16.999252685677284	0.6379393032905941
17.0189516159681	0.6284462762928343
17.05834947654973	0.6093144979429639
17.137145197712982	0.5705707388115849
17.29473664003949	0.4920104482227906
17.304586105184896	0.48708689950503786
17.314435570330303	0.4821646229948814
17.334134500621115	0.47232578454474217
17.37353236120274	0.45268421193370834
17.452328082365995	0.4136508628625121
17.6099195246925	0.33742899985620345
17.62059451738319	0.33239093690653715
17.631269510073874	0.327371989197039
17.652619495455248	0.3173937140924305
17.695319466218	0.297691413972394
17.780719407743497	0.2594277106142692
17.791394400434186	0.254762365470037
17.80206939312487	0.2501249621698388
17.823419378506244	0.24093610627709688
17.866119349268995	0.22291685979859216
17.951519290794494	0.1884262211718954
17.962194283485182	0.1842696298331716
17.972869276175867	0.18014902189144333
17.99421926155724	0.17201762137651125
18.036919232319992	0.15620689274682525
18.12231917384549	0.12649283929723995
18.13299416653618	0.12296575814977265
18.143669159226864	0.11948164450933546
18.165019144608237	0.11264390553898414
18.207719115370985	0.09950118985308211
18.293119056896483	0.07542883436077416
18.303599168969185	0.07268459980441903
18.314079281041888	0.0699872930941877
18.335039505187293	0.0647346442151408
18.376959953478103	0.05480520648690692
18.387440065550805	0.05244442048290042
18.397920177623508	0.05013279143158985
18.418880401768913	0.045658015311616416
18.460800850059723	0.03730915826917159
18.471280962132425	0.03534843363229035
18.481761074205128	0.03343874349683594
18.502721298350533	0.02977329895347082
18.513201410423235	0.02801794650467752
18.523681522495938	0.02631443244805829
18.544641746641343	0.023063660866094775
18.555121858714045	0.021516759733732703
18.565601970786748	0.020022409755197552
18.586562194932153	0.017192013835502777
18.597042307004855	0.015856279986281335
18.607522419077558	0.014573720217005311
18.628482643222963	0.012168681273335898
18.638962755295665	0.011046466509680853
18.649442867368368	0.009977954629247228
18.65992297944107	0.00896326303038788
18.670403091513773	0.008002503173708736
18.680883203586475	0.007095780574408629
18.691363315659178	0.006243194795030657
18.712323539804583	0.004700802142323421
18.722803651877285	0.004011164571324718
18.733283763949988	0.0033760024132924163
18.74376387602269	0.0027953853731633744
18.754243988095393	0.002269377168368115
18.764724100168095	0.0017980355244626037
18.775204212240798	0.001381412171171524
18.7856843243135	0.0010195528388430367
18.796164436386203	0.0007124972553150253
18.806644548458905	0.00046027914319284415
18.817124660531608	0.00026292621753854335
18.82760477260431	0.00012046018397159118
18.838084884677013	0.00003289674412744806
18.848564996749715	2.4556464760558653e-7
18.859045108822418	0.00002251019618816439
18.86952522089512	0.00009968816123051421
18.880005332967823	0.0002317709628299373
18.890485445040525	0.0004187440851985921
18.900965557113228	0.0006605869947009015
18.91144566918593	0.0009572731412613473
18.921925781258633	0.0013087699601846696
18.932405893331335	0.001715038874388467
18.942886005404038	0.0021760352970482018
18.95336611747674	0.002691708634654618
18.963846229549443	0.00326200229048355
18.973621256922527	0.0038431042473700966
18.983396284295615	0.004471614330160491
18.9931713116687	0.005147472510825599
19.002946339041785	0.0058706142308999
19.01272136641487	0.006640970405336695
19.022496393787954	0.00745846742663599
19.042046448534123	0.009234566994222293
19.051821475907207	0.010192999754193263
19.061596503280292	0.011198233798550747
19.081146558026465	0.013348716655049614
19.120246667518806	0.018206764673801504
19.13002169489189	0.01953666420469651
19.139796722264975	0.020912471538364154
19.159346777011145	0.02380128026333981
19.198446886503486	0.030123724425655266
19.20822191387657	0.03181696754598043
19.21799694124966	0.033554946709299344
19.237546995995828	0.037164445120649765
19.276647105488166	0.04491268604959634
19.28642213286125	0.046958931493330275
19.296197160234335	0.04904846581873516
19.315747214980505	0.053356596928100804
19.354847324472846	0.06248324457390021
19.433047543457526	0.08272784166427992
19.44282257083061	0.08544045379780447
19.452597598203695	0.08819267919046918
19.472147652949868	0.09381491581619891
19.51124776244221	0.10552294058179039
19.58944798142689	0.13072929146729573
19.600048536345255	0.13432347135237982
19.61064909126362	0.13795873478605397
19.631850201100352	0.14535086758552038
19.674252420773815	0.16060988970669748
19.75905686012074	0.19292987560348288
19.92866573881459	0.2639431184623192
19.939266293732956	0.2686286395278484
19.94986684865132	0.27334016399138816
19.971067958488053	0.2828391110649638
20.013470178161516	0.302125634668077
20.09827461750844	0.3417309141275758
20.26788349620229	0.42406006117932965
20.27777896642104	0.4289540628539439
20.28767443663979	0.43385503438806483
20.307465377077285	0.44367596087152616
20.347047257952276	0.46338019901640015
20.426211019702265	0.502929136669048
20.584538543202235	0.5817244836497995
20.594434013420983	0.5866016947083615
20.60432948363973	0.591470421163289
20.624120424077226	0.6011804881308831
20.66370230495222	0.6204775971239787
20.742866066702206	0.6584750541549063
20.90119359020218	0.7312627083370515
20.910894179802945	0.7355519954454549
20.920594769403706	0.7398190553411479
20.939995948605237	0.7482849371034845
20.97879830700829	0.7649329362257504
21.056403023814397	0.797008671471975
21.06610361341516	0.8008964387623313
21.075804203015924	0.8047559333705862
21.09520538221745	0.8123886514638045
21.134007740620504	0.8272989330573083
21.21161245742661	0.8556198970564628
21.221313047027373	0.8590126972316616
21.231013636628138	0.8623716325460359
21.250414815829664	0.8689866581462858
21.289217174232718	0.8817970658421201
21.366821891038825	0.9056753032720442
21.376522480639586	0.9084913272291185
21.38622307024035	0.9112689584260284
21.40562424944188	0.9167080038950972
21.44442660784493	0.9271141046694511
21.522031324651042	0.9459836274888618
21.53255744179709	0.9483385207987328
21.54308355894313	0.9506436643122598
21.564135793235216	0.9551036087271655
21.606240261819394	0.9634155411915613
21.616766378965437	0.9653656213444223
21.627292496111483	0.9672641315107477
21.648344730403572	0.9709056585626679
21.69044919898775	0.9775614977227636
21.700975316133793	0.9790937462122208
21.71150143327984	0.9805729704899555
21.732553667571928	0.9833717020040627
21.74307978471797	0.984690898016657
21.753605901864013	0.9859564473918052
21.774658136156102	0.9883260323270984
21.78518425330215	0.9894297920245089
21.79571037044819	0.9904793533809012
21.806236487594234	0.9914745896027888
21.816762604740276	0.9924153783715736
21.82728872188632	0.9933016018545204
21.837814839032365	0.9941331467157434
21.858867073324454	0.9956317697796753
21.869393190470497	0.9962986438938238
21.879919307616543	0.9969104312311515
21.89044542476259	0.9974670465482873
21.900971541908632	0.9979684402941662
21.911497659054675	0.9984145785456918
21.922023776200717	0.9988054320072968
21.93254989334676	0.9991409759965123
21.943076010492806	0.9994211904417996
21.953602127638852	0.9996460598803786
21.964128244784895	0.9998155734560589
21.974654361930938	0.9999297249170703
21.98518047907698	0.9999885126138935
21.995706596223023	0.9999919394970915
22.00623271336907	0.9999400131151407
22.016758830515116	0.9998327456122635
22.02728494766116	0.9996701537262598
22.0378110648072	0.9994522587863394
22.048337181953247	0.9991790867109548
22.058863299099293	0.998850668005635
22.069389416245336	0.9984670377608179
22.07991553339138	0.9980282356496839
22.09044165053742	0.9975343059259911
22.100967767683464	0.9969852974219082
22.11149388482951	0.9963812635458493
22.122020001975557	0.9957222622803098
22.1325461191216	0.9950083561797006
22.143072236267642	0.9942396123681843
22.153598353413685	0.9934161025375098
22.164124470559727	0.9925379029448496
22.174650587705774	0.9916050944106358
22.195702821997862	0.9895759966025965
22.205523854444287	0.9885550096505338
22.215344886890716	0.9874868019258091
22.23498695178357	0.9852091748877002
22.244807984229993	0.9840000096023036
22.25462901667642	0.9827441181723161
22.274271081569275	0.980092701943153
22.2840921140157	0.9786974579577047
22.293913146462128	0.9772560494336637
22.31355521135498	0.9742353366039691
22.352839341140687	0.9676466954025809
22.36266037358711	0.9658864796254621
22.37248140603354	0.9640813795039157
22.392123470926393	0.9603372275490406
22.4314076007121	0.9523182040180548
22.509975860283514	0.9342006174569915
22.519796892729943	0.9317449625761535
22.529617925176368	0.9292475926063206
22.549259990069224	0.9241286226683381
22.58854411985493	0.913401046197584
22.667112379426342	0.8900494027829308
22.676933411872767	0.8869582510479795
22.686754444319195	0.8838298213282687
22.70639650921205	0.8774623441761096
22.745680638997754	0.8642935731396978
22.824248898569166	0.8362920537535957
22.834895458560872	0.8323339858543667
22.84554201855258	0.8283381927234169
22.866835138535997	0.8202351763758583
22.909421378502824	0.8035963608067946
22.99459385843648	0.7686976782936359
23.164938818303796	0.6933295506787179
23.50562873803843	0.5281434048757043
23.51557021333052	0.523179293351373
23.525511688622608	0.5182128386237174
23.54539463920679	0.5082749339103549
23.58516054037515	0.48839310670907726
23.664692342711867	0.4487162688566201
23.8237559473853	0.3705848771487056
23.83369742267739	0.3657899445554074
23.84363889796948	0.3610082785227984
23.86352184855366	0.35148664533862173
23.90328774972202	0.33262336276001947
23.98281955205874	0.2957205686852909
24.141883156732177	0.22601371765327188
24.151629751406283	0.2219502935486548
24.161376346080388	0.21791328997623244
24.1808695354286	0.209920074785577
24.21985591412502	0.19426736738581266
24.29782867151786	0.16437887090180742
24.30757526619196	0.16078258164786544
24.317321860866066	0.15721851217630559
24.336815050214277	0.1501883907893315
24.375801428910698	0.136529537415574
24.45377418630354	0.11088906453308024
24.463520780977646	0.10784723086337669
24.47326737565175	0.10484265119727708
24.492760564999962	0.09894638868439953
24.53174694369638	0.08761318992313837
24.54149353837048	0.08487715256430184
24.551240133044587	0.08218054531618892
24.570733322392798	0.07690664777691865
24.60971970108922	0.0668430786623845
24.619466295763324	0.06442947011857035
24.62921289043743	0.06205724023564892
24.64870607978564	0.05743781461676593
24.68769245848206	0.048705160134431165
24.697439053156167	0.04662866914923444
24.707185647830272	0.044595247387695776
24.726678837178483	0.04065837889513424
24.7656652158749	0.03330968117023195
24.776237338094283	0.031438697892877364
24.78680946031367	0.029620083062933907
24.807953704752443	0.02614076569701855
24.81852582697183	0.02448045361316199
24.829097949191215	0.022873289297892372
24.850242193629988	0.019819117732301352
24.860814315849375	0.018372452274017036
24.87138643806876	0.01697961814443122
24.89253068250753	0.01435606081621324
24.903102804726913	0.01312563088867608
24.9136749269463	0.011949618811513523
24.934819171385072	0.009761367647916843
24.94539129360446	0.008749372983418494
24.955963415823845	0.007792284996102158
24.96653553804323	0.006890210561429027
24.977107660262615	0.006043250406808734
24.987679782481997	0.005251499104575157
24.998251904701384	0.004515045065394866
25.00882402692077	0.0038339705321064873
25.019396149140157	0.0032083515739899635
25.029968271359543	0.0026382580814680017
25.04054039357893	0.002123753761238372
25.051112515798316	0.001664896140481149
25.0616846380177	0.0012617367448196954
25.07225676023708	0.0009143207237626057
25.082828882456468	0.0006226868956455467
25.093401004675854	0.00038686784375988157
25.10397312689524	0.00020688991407685113
25.114545249114627	0.0000827732134079955
25.125117371334014	0.000014531608001239507
25.1356894935534	2.172722572750165e-6
25.146261615772783	0.000045697939774557246
25.156833737992166	0.00014510240009800993
25.167405860211552	0.00030037500221304525
25.17797798243094	0.0005114984037430132
25.188550104650325	0.0007784490224755519
25.19912222686971	0.001101197038009108
25.209694349089098	0.0014797063938352675
25.220266471308484	0.001913934799856862
25.230838593527867	0.002403833735341685
25.24141071574725	0.0029493484523126453
25.251982837966636	0.003550417979372983
25.262554960186023	0.00420697512596704
25.27312708240541	0.004918946487077833
25.283699204624796	0.005686252448359676
25.294271326844182	0.006508807191706749
25.31541557128295	0.008319288385394976
25.325987693502334	0.009307011814202307
25.33655981572172	0.010349578674845277
25.357704060160493	0.01259877096519925
25.36827618237988	0.013805145305471436
25.378848304599266	0.015065860916167129
25.39999254903804	0.017749746967990483
25.44228103791558	0.02376301690556402
25.452148075435346	0.025289024965093988
25.462015112955115	0.026861250606006817
25.48174918799465	0.030143737837392357
25.521217338073726	0.03725628561611426
25.531084375593494	0.03914749567004305
25.540951413113262	0.041083572593201396
25.5606854881528	0.04508956662801589
25.600153638231873	0.05363135830640662
25.61002067575164	0.05587597768170418
25.61988771327141	0.058163835876068444
25.639621788310947	0.06286837522522973
25.679089938390018	0.0727862553158196
25.75802623854816	0.09460179669662226
25.76789327606793	0.09750921776858763
25.7777603135877	0.10045582143834146
25.797494388627236	0.10646542083432647
25.83696253870631	0.11894194085956228
25.915898838864454	0.14565521876449047
26.073771439180746	0.20552196959858995
26.084464004245795	0.20985938455021588
26.095156569310845	0.21422997619470271
26.11654169944094	0.22306868996942408
26.159311959701135	0.2411220165566568
26.244852480221525	0.27861521195022804
26.415933521262307	0.35817223455663966
26.758095603343868	0.5272651590008878
26.76859328779093	0.5325045852104944
26.779090972237995	0.537740444117171
26.800086341132126	0.5481991509890457
26.842077078920383	0.5690483389412216
26.926058554496894	0.6103444551674322
27.09402150564992	0.6903181112808872
27.104519190096983	0.6951612697172227
27.115016874544047	0.6999828883161933
27.136012243438174	0.7095594201515527
27.17800298122643	0.7284311571064372
27.261984456802942	0.7649346645285428
27.429947407955968	0.8320939638330599
27.439740007703413	0.8357382318764704
27.449532607450863	0.8393503327741328
27.469117806945754	0.8464766529120675
27.508288205935543	0.8603282267229857
27.586629003915114	0.8863526713645695
27.59642160366256	0.8894420482707106
27.606214203410005	0.8924940358505856
27.6257994029049	0.8984847220143264
27.664969801894685	0.9100052413462277
27.74331059987426	0.9311435832660167
27.753103199621705	0.9336025401741957
27.762895799369154	0.9360199411963912
27.782480998864045	0.9407291325232365
27.821651397853834	0.9496386343407092
27.83144399760128	0.9517586860802655
27.841236597348725	0.9538353721553186
27.86082179684362	0.9578578138678461
27.899992195833406	0.9653739031071876
27.90978479558085	0.967141768145818
27.919577395328297	0.9688648431075529
27.93916259482319	0.9721759941274047
27.948955194570637	0.9737637639057709
27.958747794318086	0.9753061310640945
27.978332993812977	0.9782540805873363
27.988125593560426	0.9796593826241821
27.99791819330787	0.9810187214012368
28.017503392802766	0.9835989845067008
28.02729599255021	0.9848196547211227
28.037088592297657	0.9859938534642291
28.05667379179255	0.9882023646570971
28.067291919085278	0.9893214807804547
28.07791004637801	0.9903854141779119
28.088528173670735	0.9913940309232278
28.09914630096346	0.9923472017240245
28.109764428256188	0.9932448019341825
28.120382555548915	0.9940867173393998
28.141618810134368	0.9956031720141881
28.152236937427094	0.9962775732783538
28.16285506471982	0.9968960063960896
28.17347319201255	0.9974584142256011
28.184091319305278	0.9979647443718611
28.194709446598004	0.9984149491879757
28.205327573890735	0.9988089857765465
28.21594570118346	0.9991468159910375
28.226563828476188	0.9994284064371379
28.237181955768914	0.9996537284741284
28.24780008306164	0.9998227582162452
28.258418210354368	0.9999354765340458
28.269036337647094	0.9999918690557732
28.27965446493982	0.9999919261687227
28.290272592232547	0.9999356430206056
28.300890719525277	0.9998230195209159
28.311508846818004	0.9996540603422962
28.32212697411073	0.9994287749219023
28.33274510140346	0.9991471774627699
28.343363228696187	0.9988092869351803
28.353981355988914	0.9984151270780278
28.36459948328164	0.9979647264001833
28.375217610574367	0.9974581181993832
28.385835737867094	0.9968953501768136
28.39645386515982	0.9962765002964242
28.407071992452547	0.9956016554162607
28.417690119745274	0.9948709071058787
28.428308247038004	0.9940843516366213
28.43892637433073	0.9932420899719037
28.449544501623457	0.9923442277575015
28.460162628916187	0.9913908753118477
28.48139888350164	0.9893181643056196
28.492017010794367	0.9881990496579421
28.502635138087093	0.9870249325854404
28.523871392672547	0.9845122299259766
28.566343901843457	0.9788329797435632
28.576962029136183	0.9772778424546392
28.587580156428913	0.9756688996987197
28.608816411014367	0.972290283053745
28.651288920185273	0.9648951902220902
28.661907047478	0.9629146923000352
28.672525174770726	0.960881964950451
28.693761429356183	0.9566608018505173
28.736233938527093	0.9476027395640214
28.7461469811202	0.9453718206720099
28.75606002371331	0.9430971666012075
28.77588610889953	0.9384175581005393
28.81553827927197	0.9285436502881602
28.89484262001685	0.9067917340936325
28.904755662609958	0.9038898400910305
28.91466870520307	0.9009481991152352
28.934494790389287	0.8949468869124653
28.97414696076173	0.8824807874607999
29.053451301506605	0.8557660555320005
29.063364344099714	0.8522660009397954
29.073277386692823	0.8487313552335009
29.093103471879044	0.8415596670062182
29.13275564225148	0.8268164708320532
29.21205998299636	0.7958113439671217
29.370668664486118	0.7284295571761142
29.380386826461244	0.7240966299679198
29.39010498843637	0.7197425328568334
29.40954131238662	0.7109724456664082
29.44841396028712	0.6931961327432261
29.526159256088118	0.6567944679313745
29.681649847690117	0.5813768571106663
29.99263103089412	0.42651660848693534
30.003174720414528	0.4213061511797791
30.01371840993493	0.4161044544051916
30.034805788975746	0.40572965787014387
30.076980547057367	0.38511056305310054
30.16133006322061	0.34452168023251317
30.330029095547097	0.2669405690552317
30.3405727850675	0.2622895319296809
30.351116474587908	0.25766491949301984
30.37220385362872	0.24849700996845323
30.41437861171034	0.23050057977904553
30.498728127873587	0.19597658587645891
30.667427160200077	0.13364462170719438
30.677265765020866	0.1303146073631594
30.687104369841656	0.12702037769418473
30.70678157948323	0.12054054803425056
30.746135998766384	0.10802412931430995
30.75597460358717	0.10498913982212318
30.76581320840796	0.10199238932314107
30.785490418049534	0.09611476064595093
30.824844837332687	0.08483086415676398
30.834683442153477	0.0821096848138252
30.844522046974262	0.07942895444773511
30.86419925661584	0.07418987121139013
30.90355367589899	0.06420822562230447
30.982262514465297	0.04628389997046375
30.992101119286087	0.04423880840346282
31.001939724106876	0.04223783459648898
31.02161693374845	0.038369010140190056
31.060971353031604	0.031168999790174796
31.070809957852394	0.029482026405284828
31.080648562673183	0.02784059728875116
31.100325772314758	0.02469500181879832
31.13968019159791	0.01895702967600677
31.1495187964187	0.017638608903157795
31.15935740123949	0.016366879467309418
31.179034610881065	0.013963982946380031
31.188873215701854	0.012833048605622578
31.19871182052264	0.01174927107640216
31.218389030164218	0.009723601519496888
31.228227634985004	0.008781905533089057
31.238066239805793	0.007887758428904643
31.247904844626582	0.007041246709189354
31.257743449447368	0.006242452259135642
31.267582054268157	0.005491452341932021
31.277420659088946	0.00478831959409571
31.29709786873052	0.0035259229931833046
31.308080704327523	0.002904875058596074
31.319063539924528	0.0023437872877372316
31.330046375521533	0.0018427273302901526
31.34102921111854	0.0014017556161613402
31.352012046715544	0.001020925352212036
31.362994882312545	0.0007002826568961176
31.373977717909547	0.0004398662815145571
31.384960553506552	0.00023970759009695736
31.395943389103557	0.00009983068600062265
31.406926224700562	0.000020252410095661302
31.417909060297568	9.823394973529998e-7
31.42889189589457	0.00004202278684531106
31.43987473149157	0.00014336880012962063
31.450857567088576	0.00030500816306393584
31.46184040268558	0.0005269213960052623
31.472823238282587	0.0008090817574209286
31.48380607387959	0.0011514552459023475
31.494788909476593	0.0015540006027255774
31.505771745073595	0.002016669314959328
31.5167545806706	0.002539405619119334
31.527737416267605	0.003122146505369418
31.53872025186461	0.0037648217222703327
31.549703087461616	0.00446735378207491
31.560685923058617	0.005229657966570033
31.57166875865562	0.006051642333466491
31.582651594252624	0.0069332077233346424
31.604617265446635	0.008874648894007757
31.61560010104364	0.009934290340331666
31.62658293664064	0.011053044158365093
31.64854860783465	0.013467341215234097
31.659531443431653	0.014762591828301981
31.670514279028655	0.01611637055696327
31.692479950222662	0.018998853100008227
31.703462785819667	0.02052720980705804
31.714445621416672	0.022113400441020434
31.73641129261068	0.02545851266365106
31.74739412820768	0.027217031499832213
31.758376963804686	0.029032578788167555
31.780342634998696	0.03283387725489468
31.82427397738671	0.041110735214015946
31.835256812983715	0.04331897553934469
31.84623964858072	0.04558230351193042
31.868205319774727	0.050273122966778744
31.912136662162744	0.06030334428341524
31.92311949775975	0.06294426156747848
31.93410233335675	0.06563789391130674
31.956068004550758	0.07118199000486991
31.967050840147763	0.07403178294353167
31.97803367574477	0.07693295118345832
31.989016511341774	0.0798851461761539
31.999999346938775	0.08288801319894659