5.10204081632653e-7	-0.9999999997969852
0.00766794801399067	-0.9883530533246297
0.015335385823899707	-0.954040865609266
0.023002823633808744	-0.8983789278712189
0.030670261443717782	-0.8231505941904229
0.03833769925362682	-0.7305548404122825
0.04600513706353586	-0.623146062275982
0.053672574873444893	-0.503765253919677
0.06134001268335393	-0.3754686452769976
0.06900745049326296	-0.2414503413754009
0.076674888303172	-0.10496558836956832
0.08434232611308104	0.030747198376882712
0.09200976392299007	0.16254095200796714
0.09967720173289911	0.2874314101204367
0.10734463954280815	0.4026636242138781
0.11501207735271718	0.5057705246212013
0.12267951516262622	0.5946235931086383
0.13034695297253526	0.6674746234067385
0.1380143907824443	0.7229890937558214
0.14568182859235335	0.7602667194970764
0.15334926640226237	0.7788529704345591
0.1610167042121714	0.7787394939518166
0.16868414202208043	0.7603541625105789
0.17635157983198946	0.7245411791765295
0.1840190176418985	0.672531920567805
0.19168645545180757	0.6059074077395238
0.1993538932617166	0.5265533937869473
0.20702133107162562	0.43660991854046627
0.21468876888153465	0.33841514596501926
0.22235620669144368	0.2344463644419597
0.23002364450135274	0.12725909530690116
0.24535852012117082	-0.08652455460280135
0.25302595793107985	-0.18816438245833894
0.26069339574098893	-0.28322107102320954
0.26836083355089796	-0.369628144019141
0.276028271360807	-0.44556742353734297
0.283695709170716	-0.5095063477577149
0.29136314698062504	-0.560226370972796
0.29903058479053407	-0.5968463713669058
0.3066980226004431	-0.618832653079374
0.3143654604103521	-0.62600497104875
0.32203289822026115	-0.6185329921127576
0.32970033603017024	-0.5969242750872525
0.33736777384007927	-0.5620040261260563
0.3450352116499883	-0.5148894368870851
0.3527026494598974	-0.4569561882549149
0.3603700872698064	-0.38980114661038234
0.36803752507971543	-0.31519990071138715
0.37570496288962446	-0.23506130081362997
0.3833724006995335	-0.15137992463672156
0.39870727631935154	0.0184947058620447
0.4063747141292606	0.10070422828795612
0.4140421519391696	0.17858000129780954
0.4217095897490787	0.25040485180138744
0.4293770275589877	0.3146416684647908
0.43704446536889674	0.3699648148699706
0.4447119031788058	0.4152874075500251
0.45237934098871485	0.44977958704803567
0.4600467787986239	0.47288382208982244
0.4677142166085329	0.4843194756787159
0.47538165441844193	0.4840863407357181
0.48304909222835096	0.47245475513126517
0.49071653003826	0.4499551313264417
0.4990289112429194	0.41418708041471214
0.5073412924475789	0.36782763951526737
0.5156536736522384	0.3124063703000406
0.5239660548568978	0.24966341560304062
0.5322784360615573	0.18149646748062367
0.5405908172662168	0.10990480787300498
0.5572155796755358	-0.03539022747631537
0.5655279608801953	-0.10509899220872697
0.5738403420848548	-0.17035059196276536
0.5821527232895143	-0.2294688987801429
0.5904651044941737	-0.2809869245446204
0.598777485698833	-0.3236818236383594
0.6070898669034925	-0.35660243560590715
0.615402248108152	-0.37908828615257595
0.6237146293128115	-0.3907809021216123
0.632027010517471	-0.3916261341337153
0.6403393917221305	-0.38186807953255897
0.64865177292679	-0.3620350057321779
0.6569641541314495	-0.33291788899746866
0.665276535336109	-0.2955419882465029
0.6735889165407685	-0.25113435950242585
0.681901297745428	-0.20108315873800345
0.6902136789500873	-0.14689720077552434
0.6985260601547467	-0.09016133853891184
0.7068384413594062	-0.0324912389900647
0.7151508225640657	0.02451159756110175
0.7234632037687252	0.07930339672438229
0.7317755849733847	0.1304389787858023
0.7400879661780442	0.17660938615323485
0.7484003473827037	0.2166724871163589
0.7567127285873632	0.24968249162108228
0.7650251097920227	0.2749097072139677
0.7733374909966821	0.2918549823461346
0.7816498722013416	0.30025898315292343
0.789962253406001	0.30010202165569944
0.7982746346106604	0.2915991743782156
0.8065870158153199	0.2751885613340202
0.8148993970199794	0.25151401578878824
0.8232117782246389	0.2214025455288351
0.8315241594292984	0.18583691425885257
0.8398365406339579	0.14592482678182897
0.8564613030432768	0.05791540032680181
0.8647736842479363	0.012350903946770284
0.8730860654525958	-0.032565532628021504
0.8813984466572553	-0.07562064568473259
0.8897108278619147	-0.11568184441864943
0.8980232090665741	-0.15172639498748505
0.9063355902712336	-0.18286669611554185
0.914647971475893	-0.20837123544802172
0.9229603526805525	-0.22768077031224127
0.931272733885212	-0.24041938046412475
0.9395851150898715	-0.24640023164171385
0.947897496294531	-0.24562615904230028
0.9562098774991905	-0.23828438717500464
0.96452225870385	-0.22473782904332051
0.9728346399085095	-0.2055102092320789
0.981147021113169	-0.18126772945389372
0.9894594023178284	-0.15279734850071613
0.9977717835224877	-0.12098231908384377
1.0060841647271472	-0.08677570448636854
1.0227089271364662	-0.015182045087743512
1.0304704609195494	0.0178946502322782
1.0382319947026328	0.049663698652278626
1.0459935284857163	0.07939679438059827
1.0537550622687997	0.1064297315511084
1.061516596051883	0.1301790269409435
1.0692781298349665	0.15015311819506322
1.07703966361805	0.1659615770881386
1.0848011974011333	0.17732262619101596
1.0925627311842168	0.18406743046333504
1.1003242649673002	0.18614091065367577
1.1080857987503836	0.18360099356003923
1.1158473325334668	0.17661469918729555
1.12360886631655	0.16545127206438814
1.1313704000996334	0.15047342307307288
1.1391319338827168	0.1321267480563977
1.1468934676658002	0.11092709657572596
1.1546550014488837	0.08744659669952952
1.162416535231967	0.06229866981311778
1.177939602798134	0.009566943736749503
1.1857011365812173	-0.01672475668292999
1.1934626703643008	-0.042130697522798854
1.2012242041473842	-0.06606436294846493
1.2089857379304674	-0.08798786178157188
1.2167472717135506	-0.10742364487133826
1.224508805496634	-0.12396458831367427
1.2322703392797174	-0.13728221812128905
1.2400318730628008	-0.14713265585428595
1.2477934068458842	-0.15336058274791092
1.2555549406289677	-0.155900295273217
1.263316474412051	-0.15477610436086073
1.2710780081951345	-0.15009919257471782
1.278839541978218	-0.14206305430923477
1.2866010757613013	-0.13093697878535243
1.2943626095443848	-0.1170578728677347
1.302124143327468	-0.10082065616806939
1.3098856771105511	-0.08266750326972466
1.3176472108936346	-0.0630761374761
1.3331702784598014	-0.021594176006993482
1.3409318122428848	-0.0007258884410569193
1.3486933460259682	0.019560598439209043
1.3564548798090517	0.038794052437172995
1.364216413592135	0.056539241695162
1.3719779473752185	0.07240655014400833
1.379739481158302	0.08605998745470558
1.3875010149413853	0.097224500908363
1.3952625487244685	0.10569062371957166
1.4030240825075517	0.1113181208783303
1.4107856162906351	0.11403801885261804
1.4185471500737186	0.11385225311855308
1.426308683856802	0.11083201925292338
1.4340702176398854	0.1051147785582816
1.4418317514229688	0.09689923533007816
1.4495932852060522	0.08643911014969559
1.4573548189891357	0.07403589365084619
1.465116352772219	0.06003064774505329
1.4728778865553025	0.044794834245208956
1.488400954121469	0.01221161751211001
1.4961624879045523	-0.004328103939672631
1.5039240216876357	-0.020502594148173403
1.5116855554707191	-0.03593381006438756
1.5194470892538026	-0.0502702850372662
1.5270563725540853	-0.06295670667890338
1.534665655854368	-0.07402520496172889
1.5422749391546509	-0.08325792881018614
1.5498842224549336	-0.09048406614426938
1.5574935057552164	-0.09558309507637769
1.5651027890554992	-0.09848607945242908
1.572712072355782	-0.09917591700954162
1.580321355656065	-0.09768663662046029
1.587930638956348	-0.09410132411375009
1.5955399222566307	-0.08854981833902038
1.6031492055569134	-0.08120420525022609
1.6107584888571962	-0.07227364575138365
1.618367772157479	-0.06199887827207264
1.6259770554577617	-0.05064617572503739
1.6411956220583273	-0.025859483903852974
1.64880490535861	-0.013023782017747119
1.6564141886588928	-0.00029293286506867477
1.6640234719591755	0.012043054794659964
1.6716327552594583	0.023709767458673592
1.679242038559741	0.034454344916902184
1.6868513218600238	0.04405079477883888
1.6944606051603066	0.05230461327255572
1.7020698884605896	0.05905654747451705
1.7096791717608726	0.06418545635120988
1.7172884550611554	0.06761010272811856
1.7248977383614381	0.06929029277757685
1.7325070216617209	0.06922687405876402
1.7401163049620036	0.0674606173653266
1.7477255882622864	0.06407048698305422
1.7553348715625692	0.059171024323135375
1.762944154862852	0.052908849045627655
1.7705534381631347	0.04545854006133554
1.7781627214634175	0.03701801090957826
1.7857720047637002	0.027803470933851673
1.793381288063983	0.018044037303415673
1.8009905713642658	0.00797616324094095
1.8085998546645485	-0.0021619509777272283
1.8238184212651143	-0.02172021115248359
1.8314277045653973	-0.030703631929318596
1.83903698786568	-0.038893376674869445
1.8466462711659628	-0.04611914521414981
1.8542555544662456	-0.05223688325940061
1.8618648377665283	-0.05713116835545211
1.869474121066811	-0.06071712063316086
1.8770834043670939	-0.06294169643613172
1.8846926876673766	-0.06378460750325278
1.8923019709676594	-0.0632578551349903
1.8999112542679422	-0.06140446322345581
1.907520537568225	-0.0582968196790499
1.9151298208685077	-0.05403447197296826
1.9227391041687905	-0.04874153065122133
1.9303483874690732	-0.04256291375845624
1.937957670769356	-0.03566044561739125
1.945566954069639	-0.028208924239462155
1.953176237369922	-0.020391937796116023
1.9607855206702047	-0.012397316471618753
1.9683948039704875	-0.004412624719518757
1.9760040872707703	0.003378980231751953
1.983613370571053	0.010802779105127575
1.9912226538713358	0.01769672429584256
1.9988319371716186	0.023914296871948876
2.0064412204719013	0.02932801413569279
2.0146954471669343	0.034168757866802596
2.0229496738619677	0.03783452473866795
2.031203900557001	0.04025518344865101
2.0394581272520345	0.04139580386581446
2.047712353947068	0.04125691608149735
2.055966580642101	0.03987359438740123
2.0642208073371338	0.0373135430319738
2.072475034032167	0.03367471891516283
2.0807292607272005	0.029081704466489368
2.0889834874222335	0.02368178517591413
2.0972377141172664	0.017640446482763816
2.1054919408123	0.01113645705637398
2.1137461675073332	0.004356687987949847
2.1220003942023666	-0.0025091239767396113
2.138508847592433	-0.015756572812599318
2.146763074287466	-0.02179001232298864
2.1550173009824993	-0.02722202960099483
2.1632715276775327	-0.03192070090747432
2.171525754372566	-0.03577713686922268
2.1797799810675995	-0.0387078589732336
2.1880342077626325	-0.040656417726493484
2.1962884344576654	-0.0415942512605978
2.204542661152699	-0.04152077152312133
2.212796887847732	-0.04046269528536672
2.221051114542765	-0.03847265621494482
2.229305341237798	-0.035627152842997556
2.2375595679328315	-0.03202390366163587
2.245813794627865	-0.027778694522400806
2.2540680213228983	-0.023021815021442973
2.2705764747129646	-0.012543281031552644
2.2788307014079976	-0.007118986294563616
2.287084928103031	-0.0017695370543556925
2.2953391547980644	0.00336264315537049
2.303593381493098	0.008144238481310366
2.311847608188131	0.01245465153402753
2.320101834883164	0.01618925108492394
2.328356061578197	0.019261393365758477
2.3366102882732305	0.021604151287854083
2.344864514968264	0.023172044896336202
2.353118741663297	0.023941965694587505
2.3613729683583298	0.02391268280697637
2.369627195053363	0.023104316872749237
2.3778814217483966	0.021557615949977134
2.38613564844343	0.019332854677237585
2.3943898751384634	0.016506420700093564
2.4026441018334963	0.013169113256556546
2.4108983285285293	0.009423839618313529
2.4191525552235627	0.005381509513827293
2.4356610086136294	-0.0031267829661131554
2.443915235308663	-0.007357211158205201
2.452169462003696	-0.01141974341802846
2.4604236886987287	-0.015208993026877254
2.468677915393762	-0.018629522344535986
2.4769321420887955	-0.02159769816601367
2.4851863687838285	-0.02404463152884049
2.4934405954788614	-0.02591700316724028
2.501694822173895	-0.02717832245610504
2.5099490488689282	-0.0278095218105776
2.5182032755639616	-0.02780894751534657
2.526457502258995	-0.027192062521868975
2.534711728954028	-0.025990608025371884
2.542415108227485	-0.02438299619173451
2.550118487500942	-0.02235534693028826
2.5578218667743995	-0.019964965811578632
2.565525246047857	-0.017276412533359434
2.573228625321314	-0.014359769848411176
2.580932004594771	-0.011288892255048321
2.596338763141685	-0.004987734084916386
2.6040421424151425	-0.001907606076143755
2.6117455216885994	0.001029962827531802
2.6194489009620563	0.0037590932493579863
2.6271522802355136	0.0062203172040978675
2.634855659508971	0.00836182894378072
2.642559038782428	0.010140529197152944
2.6502624180558847	0.011522840897418486
2.657965797329342	0.012485283998420993
2.6656691766027993	0.013014802063585625
2.673372555876256	0.013108827069685455
2.681075935149713	0.012775066551914275
2.6887793144231704	0.012031233641166452
2.6964826936966277	0.01090417868684124
2.704186072970085	0.009429124578427149
2.7118894522435424	0.007648730877662104
2.7195928315169993	0.005611921775931127
2.727296210790456	0.0033724928155323243
2.7349995900639135	0.0009877564422246423
2.750406348610828	-0.0039791929656756465
2.7581097278842854	-0.006441945838980011
2.7658131071577423	-0.008813919094695727
2.773516486431199	-0.011041368361246154
2.7812198657046565	-0.013075168778194845
2.788923244978114	-0.0148718617329867
2.7966266242515707	-0.016394569988141847
2.8043300035250276	-0.01761373087278891
2.812033382798485	-0.018507596299792338
2.8197367620719422	-0.019062575119603513
2.827440141345399	-0.01927333530793214
2.835143520618856	-0.01914275644898681
2.8428468998923133	-0.018681700175740484
2.8505502791657706	-0.017908593132502867
2.8582536584392275	-0.01684877215186089
2.8659570377126844	-0.01553372634798777
2.8736604169861417	-0.014000223931070591
2.881363796259599	-0.012289337847725255
2.8890671755330564	-0.010445391940267326
2.9044739340799706	-0.0065450892394172825
2.9121773133534274	-0.004583360281192655
2.9198806926268848	-0.002675727892476983
2.927584071900342	-0.0008657307838889159
2.9352874511737994	0.0008062034207043395
2.9429908304472567	0.002303791824931036
2.9506942097207136	0.0035960012478046515
2.9583975889941705	0.004656846560791425
2.966100968267628	0.005466776573169222
2.973804347541085	0.0060125777347746715
2.981507726814542	0.006287128753999832
2.989211106087999	0.006290467967623202
2.996914485361456	0.006028608834452523
3.0046178646349135	0.005513640220334608
3.0123212439083704	0.0047637141054762844
3.0200246231818273	0.0038016416463376498
3.0277280024552846	0.0026549794716751443
3.036076325123492	0.001240249444256288
3.0444246477916996	-0.00031110315265154334
3.0611212931281147	-0.0036373751166590912
3.069469615796322	-0.0053171953082698075
3.0778179384645297	-0.006946025374734399
3.086166261132737	-0.00848013351621609
3.094514583800945	-0.009879548710026968
3.102862906469153	-0.011109001434877766
3.1112112291373606	-0.012138721720899859
3.119559551805568	-0.012945170506756927
3.1279078744737756	-0.013511724941432053
3.136256197141983	-0.013828581745800247
3.1446045198101906	-0.013893205364775575
3.152952842478398	-0.013710054753758086
3.1613011651466056	-0.0132903011840063
3.169649487814813	-0.012651386898979594
3.1779978104830207	-0.011816383915625065
3.186346133151228	-0.010813182289544948
3.1946944558194357	-0.009673636305607013
3.203042778487643	-0.008432575763692489
3.2113911011558507	-0.007126770793652043
3.228087746492266	-0.004471339194887512
3.236436069160474	-0.0031954267653047106
3.2447843918286816	-0.0020002007039054853
3.253132714496889	-0.000916658918629526
3.2614810371650966	0.000028049804945668756
3.269829359833304	0.0008112802827795992
3.2781776825015116	0.0014154037250441332
3.286526005169719	0.0018281754808875228
3.2948743278379267	0.002042934637941383
3.303222650506134	0.002058650441377166
3.3115709731743417	0.0018798124882840272
3.319919295842549	0.0015161691056811788
3.3282676185107567	0.0009823201566254765
3.336615941178964	0.00029722767439192333
3.3449642638471717	-0.0005164429736399644
3.3533125865153792	-0.001433064455325804
3.361660909183587	-0.0024248021638010866
3.370009231851795	-0.0034624131870344414
3.3783575545200026	-0.004516111623471829
3.38670587718821	-0.005556427151265524
3.3950541998564177	-0.0065549705166051755
3.403402522524625	-0.007485194395406284
3.4117508451928327	-0.008323116359646976
3.42009916786104	-0.009047894858868933
3.4284474905292477	-0.009642325795519045
3.436795813197455	-0.010093224361408954
3.4451441358656627	-0.010391688312889084
3.45349245853387	-0.010533239226447258
3.461840781202078	-0.01051785033543298
3.470189103870286	-0.010349847899344334
3.4785374265384936	-0.010037629231963673
3.486885749206701	-0.009593383601794717
3.4952340718749086	-0.00903264054042688
3.503582394543116	-0.0083737610768012
3.5119307172113237	-0.007637360827024697
3.5286273625477387	-0.006021955994665326
3.536975685215946	-0.005189704651508385
3.5453240078841537	-0.0043721157784201185
3.553672330552361	-0.0035913958027467933
3.562020653220569	-0.0028681841468101606
3.5702167254059765	-0.0022320437072174746
3.5784127975913833	-0.0016843635669195349
3.58660886977679	-0.001237570677437846
3.594804941962197	-0.0009011060550100297
3.603001014147604	-0.0006812450438861681
3.611197086333011	-0.0005810071024559473
3.6193931585184185	-0.0006001620053239227
3.6275892307038253	-0.0007352813597733366
3.635785302889232	-0.0009799822959633774
3.643981375074639	-0.0013250469729193136
3.652177447260046	-0.0017588683856742044
3.660373519445453	-0.0022677771266437262
3.6685695916308605	-0.002836376435587874
3.6767656638162673	-0.003448082901668214
3.693157808187081	-0.004731263446769522
3.701353880372488	-0.005367758453499055
3.7095499525578948	-0.005978353852508315
3.7177460247433016	-0.0065473977793509604
3.725942096928709	-0.007060777397082759
3.7341381691141162	-0.007506199566691887
3.742334241299523	-0.007873402584191325
3.75053031348493	-0.008154557706486643
3.758726385670337	-0.008344310069697452
3.7669224578557436	-0.008439705199759182
3.7751185300411505	-0.008440636737355742
3.7833146022265574	-0.008349293533948159
3.7915106744119647	-0.008170338585534464
3.799706746597372	-0.007910741641305284
3.807902818782779	-0.007579270914538188
3.8160988909681857	-0.007186563999227032
3.8242949631535925	-0.006744542803618305
3.8324910353389994	-0.006266151571645093
3.8406871075244062	-0.00576501816243238
3.8570792518952204	-0.00474998704508621
3.8652753240806277	-0.004263199873942572
3.8734713962660345	-0.0038071845183675437
3.8816674684514414	-0.003393330020360471
3.8898635406368482	-0.003031627648593463
3.898059612822255	-0.002730437241514925
3.9062556850076624	-0.0024963052923088393
3.9144517571930697	-0.002333834572193424
3.9226478293784766	-0.0022456088057099975
3.9308439015638834	-0.0022321738570423235
3.9390399737492903	-0.002292073729509526
3.947236045934697	-0.0024219349950491804
3.9554321181201044	-0.002616587963981193
3.9636281903055117	-0.002869279814599439
3.9718242624909186	-0.003171885020754381
3.9800203346763254	-0.003515138249310217
3.9882164068617323	-0.003888907246732891
3.9964124790471396	-0.0042825051987134925
4.004608551232547	-0.00468497968026159
4.021000695603361	-0.005473145076399553
4.0291967677887675	-0.00583823260664988
4.037392839974174	-0.006171461950649376
4.045588912159581	-0.006464757780742902
4.053784984344988	-0.006711298999439933
4.061981056530395	-0.006905625020558268
4.070177128715802	-0.007043861904990476
4.0783732009012095	-0.0071236776878526266
4.086569273086616	-0.007144370693355032
4.094214497850448	-0.007111133827711098
4.101859722614279	-0.007029130596390796
4.10950494737811	-0.006901367721919795
4.11715017214194	-0.006731844071551557
4.124795396905771	-0.006525437068970589
4.132440621669602	-0.0062877666151009756
4.140085846433433	-0.006025053488458633
4.1477310711972635	-0.005743957430058594
4.155376295961094	-0.00545141146835193
4.163021520724925	-0.005154456468915414
4.170666745488756	-0.004860076829977147
4.178311970252587	-0.0045750401152214815
4.185957195016417	-0.0043057426275408695
4.193602419780248	-0.00405807081941399
4.201247644544079	-0.003837276120367701
4.208892869307911	-0.0036478677016415287
4.216538094071742	-0.0034935248362012936
4.224183318835573	-0.003377031617636884
4.231828543599404	-0.003300227635663452
4.239473768363235	-0.003263995113396355
4.247118993127065	-0.0032682557323134237
4.254764217890896	-0.00331199348561227
4.262409442654727	-0.003393297538357399
4.270054667418558	-0.0035094297826955344
4.2776998921823886	-0.0036569136758648657
4.285345116946219	-0.0038316067058712265
4.29299034171005	-0.004028853245878293
4.300635566473881	-0.004243554077193559
4.308280791237712	-0.004470355160080387
4.3159260160015425	-0.004703712527523552
4.331216465529205	-0.005167973188848526
4.338861690293037	-0.005388201671566392
4.346506915056867	-0.005593842315300903
4.354152139820698	-0.005780499155017765
4.361797364584529	-0.005944228109549257
4.36944258934836	-0.006081795539073162
4.3770878141121905	-0.006190580198904048
4.384733038876021	-0.006268713088105229
4.392378263639852	-0.006315105871378005
4.400023488403683	-0.0063293505875856495
4.407668713167514	-0.00631190833128236
4.415313937931344	-0.0062638550697871834
4.422959162695175	-0.006187012046615693
4.430604387459006	-0.006083814879344075
4.438249612222837	-0.0059572543904588705
4.4458948369866675	-0.005810794803132305
4.453540061750499	-0.00564828261586974
4.461185286514331	-0.00547384910680305
4.468830511278162	-0.00529180835214317
4.484120960805823	-0.004922451997207228
4.491766185569654	-0.004743746678088116
4.499411410333485	-0.004574458113608535
4.507056635097316	-0.0044182974067041875
4.514701859861146	-0.004278587075908118
4.522347084624977	-0.004158192920833152
4.529992309388808	-0.00405946801243587
4.537637534152639	-0.003984213357102038
4.5452827589164695	-0.003933638759561569
4.5529279836803	-0.003908362172181901
4.560573208444131	-0.003908375385707966
4.568218433207962	-0.003933139055255866
4.5758636579717935	-0.003981484690268037
4.584153826130375	-0.004058640455750432
4.592443994288956	-0.004158859018486423
4.600734162447537	-0.00427882822916951
4.609024330606118	-0.004414809568875188
4.617314498764699	-0.0045627051631873606
4.625604666923281	-0.004718192251660697
4.642185003240444	-0.005034291664669163
4.650475171399025	-0.0051862534964382465
4.658765339557607	-0.005328731193644963
4.667055507716189	-0.005458075832423907
4.67534567587477	-0.0055711043404147115
4.6836358440333505	-0.005665123387495638
4.691926012191932	-0.005738043076685164
4.700216180350514	-0.005788413218619792
4.708506348509095	-0.005815394205556013
4.716796516667676	-0.005818834838314969
4.725086684826258	-0.005799231600879151
4.73337685298484	-0.0057576555481541605
4.741667021143421	-0.005695817696145465
4.749957189302002	-0.005615874445190503
4.758247357460583	-0.005520453178882454
4.766537525619164	-0.005412533152142033
4.774827693777746	-0.005295353144866884
4.7831178619363275	-0.005172334994015724
4.7914080300949085	-0.005046969437968555
4.799698198253489	-0.004922720533419215
4.80798836641207	-0.004802962385847834
4.816278534570651	-0.004690819447181889
4.824568702729233	-0.004589183475635236
4.832858870887815	-0.0045005386165681335
4.841149039046396	-0.0044269935089343605
4.849439207204977	-0.004370185571724987
4.857729375363559	-0.004331238340656024
4.866019543522141	-0.004310773257275662
4.874309711680722	-0.0043089056607318425
4.882599879839303	-0.004325219670866152
4.8908900479978845	-0.004358820965499181
4.899180216156466	-0.004408380168919083
4.907470384315047	-0.004472154095704228
4.915760552473628	-0.004548044916943568
4.92405072063221	-0.004633703254451914
4.940631056949373	-0.004823880575806918
4.948921225107954	-0.004922938524969917
4.957211393266535	-0.005020988010984117
4.965501561425116	-0.005115374877076551
4.973791729583698	-0.0052036325249321036
4.98208189774228	-0.005283495352238251
4.990372065900861	-0.005353001879007362
4.9986622340594415	-0.005410521072594596
5.0069524022180225	-0.005454769435785088
5.0152425703766035	-0.005484872303006083
5.023532738535185	-0.005500357894316714
5.031822906693767	-0.00550116377818517
5.040113074852348	-0.00548762861421039
5.048403243010929	-0.005460473183266392
5.056693411169511	-0.005420764857187108
5.064983579328093	-0.00536990930657263
5.073273747486674	-0.005309547464379528
5.081563915645255	-0.005241568697669135
5.089854083803837	-0.005168005173931602
5.1064344201209995	-0.005012730243794125
5.114173740858005	-0.004940434230158169
5.12191306159501	-0.004870619660342858
5.129652382332015	-0.00480489283074757
5.137391703069021	-0.004744718983783362
5.145131023806026	-0.004691396644304932
5.152870344543031	-0.004646045107258212
5.160609665280036	-0.0046095418574861975
5.168348986017041	-0.0045825729389975915
5.176088306754046	-0.004565535167162439
5.183827627491052	-0.0045586225894318905
5.191566948228057	-0.004561763117005149
5.199306268965062	-0.00457464706034516
5.2070455897020675	-0.004596749285167189
5.214784910439072	-0.004627333696032439
5.222524231176077	-0.004665474973195604
5.230263551913083	-0.004710096203815382
5.238002872650089	-0.004759989849118792
5.245742193387094	-0.004813847568254766
5.2612208348611045	-0.00492794562411976
5.268960155598109	-0.004985389647165585
5.276699476335114	-0.005041267177569917
5.28443879707212	-0.005094295492278958
5.292178117809125	-0.005143267691984851
5.29991743854613	-0.005187130063356265
5.307656759283136	-0.005224938908329361
5.3153960800201405	-0.00525595597103871
5.323135400757145	-0.005279579469789841
5.330874721494151	-0.005295438673260266
5.338614042231156	-0.0053033220131262875
5.346353362968161	-0.0053032268230519715
5.354092683705167	-0.00529534105935625
5.361832004442173	-0.005280030268117668
5.3695713251791775	-0.0052578252462934265
5.377310645916182	-0.005229414137480109
5.385049966653188	-0.005195615147804594
5.392789287390193	-0.005157351319335407
5.400528608127198	-0.005115636829505777
5.416007249601209	-0.0050261677968282325
5.4237465703382135	-0.004980623775082232
5.431485891075219	-0.004935993962952118
5.439225211812224	-0.004893316874609168
5.446964532549229	-0.00485356970608667
5.454703853286235	-0.004817615359870318
5.46244317402324	-0.00478624107074734
5.470182494760245	-0.004760067638549916
5.47792181549725	-0.004739611408765861
5.485661136234256	-0.004725209593529405
5.493400456971261	-0.004717084949619578
5.501139777708266	-0.004715265104392298
5.508879098445272	-0.004719668365176337
5.516618419182278	-0.0047300298248913256
5.5243577399192825	-0.004745983120563161
5.532097060656287	-0.004767006515727581
5.539836381393293	-0.004792495191641431
5.547575702130299	-0.0048217330643285225
5.555315022867304	-0.004853945439918044
5.5707936643413145	-0.004923918121749488
5.578532985078319	-0.004959939203097903
5.586272305815324	-0.0049954946024830995
5.59401162655233	-0.005029748070288322
5.601750947289335	-0.005061919743110458
5.609338017543539	-0.005090742632704222
5.616925087797744	-0.005116276955953182
5.624512158051949	-0.0051380148170541125
5.632099228306153	-0.005155540302987861
5.639686298560358	-0.005168555507032667
5.647273368814562	-0.005176857080497033
5.6548604390687665	-0.005180367306470528
5.662447509322972	-0.00517911187049601
5.670034579577177	-0.0051732241445317795
5.677621649831381	-0.005162946653136469
5.685208720085585	-0.005148610347928671
5.69279579033979	-0.0051306332843329494
5.7003828605939955	-0.005109510788043974
5.7079699308482	-0.005085793026473873
5.723144071356609	-0.005033005678921542
5.730731141610814	-0.005005217548224437
5.7383182118650184	-0.004977368314792243
5.745905282119223	-0.0049500929772005
5.753492352373428	-0.0049240056999830025
5.761079422627633	-0.004899670351325879
5.768666492881837	-0.004877610181089335
5.776253563136041	-0.004858269929353872
5.783840633390247	-0.004842042978441094
5.791427703644452	-0.004829213300238765
5.799014773898656	-0.0048200145689133896
5.80660184415286	-0.004814559222360958
5.814188914407065	-0.004812899177782272
5.82177598466127	-0.0048149747249536445
5.829363054915475	-0.0048206656230322465
5.836950125169679	-0.004829749700794714
5.844537195423884	-0.004841952811661667
5.852124265678089	-0.004856918277795966
5.859711335932293	-0.0048742486836350464
5.867298406186498	-0.004893490467494837
5.874885476440703	-0.004914164016324337
5.882472546694908	-0.004935764094232159
5.890059616949112	-0.004957775004491614
5.9052337574575215	-0.005001000706135127
5.912820827711727	-0.005021240662690041
5.920407897965931	-0.005039975959752528
5.927994968220135	-0.0050568010469876174
5.93558203847434	-0.005071388918735079
5.943169108728545	-0.005083442690433921
5.95075617898275	-0.005092756406717397
5.958343249236954	-0.00509917104107709
5.965930319491159	-0.00510260821377652
5.973517389745364	-0.005103060812157021
5.981104459999568	-0.005100580592018293
5.988691530253773	-0.005095290679818644
5.996278600507978	-0.005087376152404869
6.003865670762183	-0.005077076444539998
6.011452741016387	-0.005064679378256415
6.019039811270591	-0.005050516394113714
6.0266268815247965	-0.005034950370450465
6.034213951779002	-0.005018364302355023
6.041801022033206	-0.00500116614041477
6.056975162541615	-0.004966545296920022
6.0645622327958195	-0.004949914174261657
6.072149303050024	-0.0049342358094918255
6.079736373304229	-0.004919842216053991
6.087323443558433	-0.0049070381537445334
6.095555457207388	-0.0048952353728646935
6.103787470856343	-0.00488587246674505
6.112019484505298	-0.004879131306255945
6.1202514981542535	-0.004875137028597112
6.128483511803209	-0.004873923332338505
6.136715525452164	-0.004875458844489833
6.1449475391011195	-0.004879629839372773
6.153179552750074	-0.004886264531443828
6.161411566399028	-0.004895119946984266
6.169643580047984	-0.004905908560164581
6.177875593696939	-0.004918290352290709
6.186107607345894	-0.004931896315067541
6.19433962099485	-0.004946330305635102
6.202571634643805	-0.004961184321019819
6.219035661941715	-0.004990527610873963
6.227267675590669	-0.0050042392780169555
6.235499689239624	-0.005016832561325873
6.24373170288858	-0.005028000376685172
6.251963716537535	-0.005037474646513357
6.26019573018649	-0.005045044214016612
6.268427743835446	-0.005050552058304974
6.276659757484401	-0.005053899234231439
6.284891771133355	-0.005055051774939973
6.29312378478231	-0.005054029275541462
6.301355798431265	-0.005050913627288064
6.3095878120802205	-0.005045839365886807
6.317819825729176	-0.005038989907364376
6.326051839378131	-0.00503059247258996
6.334283853027086	-0.005020910781850351
6.342515866676042	-0.005010235595972451
6.350747880324996	-0.004998874239208413
6.358979893973951	-0.0049871542700194536
6.367211907622906	-0.004975394214356145
6.375443921271861	-0.004963915769878692
6.3836759349208165	-0.004953015965226786
6.391907948569772	-0.004942978570913534
6.400139962218727	-0.004934047424031349
6.4083719758676825	-0.004926440287934495
6.416603989516637	-0.004920324351429801
6.424836003165591	-0.004915834024560862
6.433068016814547	-0.004913045026864097
6.441300030463502	-0.004911991390344532
6.449532044112457	-0.004912661605757003
6.457764057761413	-0.004914990383909057
6.465996071410368	-0.004918879435268436
6.474228085059323	-0.00492418022810971
6.482460098708278	-0.004930721064444499
6.490692112357232	-0.004938291624033342
6.498924126006187	-0.004946667545577771
6.515388153304098	-0.004964841538135177
6.523620166953053	-0.004974132311787313
6.531852180602009	-0.004983221310247002
6.540084194250964	-0.004991872349854859
6.548316207899918	-0.004999860403082302
6.556548221548873	-0.0050069904669534536
6.564780235197828	-0.00501308965252769
6.5730122488467835	-0.005018020697491234
6.581244262495739	-0.005021680820450226
6.589476276144694	-0.005024001462541868
6.597708289793649	-0.0050249530772191325
6.605940303442605	-0.005024543469539831
6.614172317091559	-0.00502281724023424
6.621853483318938	-0.005020087470733762
6.629534649546317	-0.005016367199143582
6.637215815773696	-0.00501176675603386
6.644896982001075	-0.005006413493054579
6.652578148228454	-0.005000449654195885
6.660259314455833	-0.004994029232856736
6.6756216469105905	-0.004980461330361386
6.68330281313797	-0.004973640112522785
6.690983979365349	-0.004967010896719586
6.698665145592727	-0.004960719645055459
6.7063463118201065	-0.004954911392190998
6.714027478047486	-0.004949706985633559
6.721708644274864	-0.004945217161928298
6.729389810502243	-0.004941531409380102
6.737070976729623	-0.0049387142635429334
6.744752142957002	-0.004936817588119845
6.752433309184381	-0.004935858437961585
6.7601144754117595	-0.004935843543706678
6.767795641639139	-0.004936747943360753
6.775476807866518	-0.004938531314789199
6.783157974093896	-0.004941131220102728
6.790839140321276	-0.004944467517547973
6.798520306548655	-0.004948446974698174
6.806201472776034	-0.004952959232773087
6.813882639003413	-0.004957889385454376
6.829244971458171	-0.0049684933395493696
6.83692613768555	-0.004973909179864787
6.8446073039129285	-0.004979230849792275
6.852288470140308	-0.00498433508969816
6.859969636367687	-0.0049891100124887225
6.867650802595066	-0.0049934484802845805
6.8753319688224455	-0.004997262979451232
6.883013135049824	-0.005000471245178209
6.890694301277203	-0.005003016748655269
6.898375467504582	-0.005004850148569818
6.906056633731961	-0.0050059479964711245
6.91373779995934	-0.005006299318605586
6.921418966186719	-0.005005912553678202
6.929100132414098	-0.005004815100106544
6.936781298641478	-0.005003043935128584
6.944462464868856	-0.005000653434917951
6.952143631096235	-0.004997722777466013
6.9598247973236145	-0.004994327616957622
6.967505963550993	-0.004990557719195809
6.982868296005751	-0.004982289957737287
6.990549462233131	-0.004977998657604613
6.99823062846051	-0.004973738166730676
7.005911794687888	-0.00496960640617694
7.013592960915267	-0.004965699629638232
7.021274127142647	-0.004962100565444487
7.028955293370025	-0.004958890561219476
7.036636459597404	-0.004956133888737763
7.0443176258247835	-0.004953883689134056
7.051998792052163	-0.004952184761374722
7.059679958279542	-0.004951059737597036
7.06736112450692	-0.004950526205278644
7.0750422907343	-0.004950581011158233
7.082723456961679	-0.004951208618870179
7.090404623189057	-0.004952383211045019
7.098085789416436	-0.004954063244597975
7.105766955643816	-0.0049561982540574576
7.114093065265945	-0.004958955836434489
7.1224191748880745	-0.004962089325989674
7.139071394132333	-0.0049690981839158105
7.147397503754463	-0.0049727696502881325
7.155723613376592	-0.004976415321287065
7.164049722998722	-0.004979936051927219
7.172375832620851	-0.004983239172729187
7.1807019422429805	-0.004986238107397054
7.18902805186511	-0.004988859146840779
7.197354161487239	-0.00499103946606657
7.205680271109369	-0.004992729009386754
7.214006380731498	-0.004993898020678021
7.222332490353628	-0.004994520162548134
7.230658599975757	-0.004994597934737058
7.2389847095978865	-0.004994135933980223
7.247310819220016	-0.004993165687308668
7.255636928842145	-0.0049917207222870364
7.263963038464275	-0.004989856677857247
7.272289148086404	-0.004987626462402398
7.280615257708534	-0.004985106365048289
7.288941367330663	-0.004982376657530477
7.305593586574922	-0.004976595398932365
7.313919696197051	-0.004973709689694824
7.322245805819181	-0.004970933989027293
7.33057191544131	-0.004968345510796344
7.33889802506344	-0.0049660056935534975
7.347224134685569	-0.004963975402714057
7.3555502443076985	-0.004962301327034979
7.363876353929828	-0.004961020942915871
7.372202463551957	-0.004960162441460755
7.380528573174087	-0.004959733916776166
7.388854682796216	-0.004959740537277284
7.397180792418346	-0.004960172380147597
7.405506902040475	-0.004961003116411103
7.4138330116626046	-0.00496220454060299
7.422159121284734	-0.004963733590886819
7.430485230906863	-0.0049655370724681295
7.438811340528993	-0.004967562426922475
7.447137450151122	-0.004969747264447278
7.455463559773252	-0.004972024837280629
7.463789669395381	-0.0049743338883197034
7.472115779017511	-0.004976608748907818
7.48044188863964	-0.004978784377677472
7.488767998261769	-0.004980805201587913
7.497094107883899	-0.004982619870960997
7.505420217506028	-0.004984184012764405
7.513746327128158	-0.004985462134620211
7.522072436750287	-0.0049864243313747615
7.530398546372417	-0.004987053066801477
7.538724655994546	-0.004987335960006042
7.547050765616675	-0.004987277960185469
7.555376875238805	-0.004986886322105972
7.563702984860934	-0.00498617991791505
7.572029094483064	-0.004985186820439811
7.580355204105193	-0.00498393984171549
7.588681313727323	-0.004982482408005817
7.597007423349452	-0.004980858098520175
7.605333532971581	-0.004979116092887209
7.613659642593711	-0.0049773076987168685
7.62198575221584	-0.004975482757301565
7.6386379714601	-0.004971986913388596
7.646811830599429	-0.004970436031460606
7.6549856897387585	-0.004969045319458232
7.663159548878087	-0.004967848693721156
7.671333408017416	-0.004966872861933952
7.679507267156745	-0.00496613754319391
7.687681126296074	-0.004965658788464445
7.695854985435402	-0.004965439882163789
7.704028844574731	-0.004965484787672059
7.71220270371406	-0.004965781487796956
7.720376562853389	-0.004966320912032414
7.7285504219927175	-0.00496707884271326
7.736724281132046	-0.004968033669026138
7.744898140271375	-0.0049691528768081444
7.753071999410704	-0.004970404860100274
7.769419717689361	-0.004973163451003421
7.77759357682869	-0.004974587276627872
7.785767435968019	-0.004975993396325681
7.793941295107348	-0.0049773434949904475
7.8021151542466765	-0.004978601773275942
7.810289013386005	-0.004979738719420607
7.818462872525334	-0.004980723811253348
7.826636731664664	-0.004981534898384491
7.8348105908039924	-0.004982157541881781
7.842984449943321	-0.004982577668515953
7.851158309082651	-0.004982789747139455
7.85933216822198	-0.00498279382668254
7.867506027361308	-0.004982592239269001
7.875679886500637	-0.004982197612914238
7.883853745639966	-0.004981625502218529
7.892027604779295	-0.004980893446443645
7.9002014639186235	-0.004980026275629639
7.908375323057952	-0.004979049903382315
7.916549182197281	-0.004977991728258338
7.932896900475939	-0.004975756067641835
7.941070759615267	-0.004974639133497729
7.949244618754596	-0.004973561963657714
7.957418477893925	-0.004972552017715039
7.965592337033254	-0.004971633961091467
7.9737661961725825	-0.004970830461283984
7.981940055311911	-0.004970159196377323
7.99011391445124	-0.004969635964834651
7.998287773590569	-0.004969269912873961
8.006461632729899	-0.004969068335621227
8.014635491869226	-0.004969031185607582
8.022809351008554	-0.004969156953962696
8.030983210147884	-0.004969437263936493
8.039157069287214	-0.00496986180161045
8.047330928426542	-0.004970415630108919
8.05550478756587	-0.004971083120284604
8.063678646705199	-0.004971841623461609
8.071852505844529	-0.004972667450938679
8.080026364983857	-0.004973540151595873
8.096374083262514	-0.0049753283128705994
8.104547942401844	-0.004976194723756181
8.112721801541172	-0.004977013226465426
8.1208956606805	-0.004977760390732951
8.12906951981983	-0.004978417910459792
8.137243378959159	-0.004978973268398343
8.145417238098489	-0.004979413041294488
8.153591097237818	-0.004979726999511649
8.161764956377146	-0.004979911819783647
8.169387968094899	-0.004979965400811111
8.177010979812653	-0.004979903826882185
8.184633991530406	-0.0049797329830594565
8.192257003248159	-0.004979460052988001
8.199880014965911	-0.004979092264788612
8.207503026683664	-0.00497863999173347
8.215126038401417	-0.004978116745434107
8.22274905011917	-0.004977535973419374
8.230372061836922	-0.004976911141787861
8.237995073554675	-0.00497625866103826
8.25324109699018	-0.004974936509572627
8.260864108707933	-0.004974297226393409
8.268487120425686	-0.00497369135015243
8.276110132143438	-0.004973132241908702
8.283733143861191	-0.004972631243503429
8.291356155578944	-0.00497219919079758
8.298979167296697	-0.00497184383353735
8.30660217901445	-0.004971572234063303
8.314225190732202	-0.00497138771022517
8.321848202449955	-0.0049712941232312605
8.329471214167707	-0.0049712901510810745
8.33709422588546	-0.004971375272308349
8.344717237603213	-0.0049715444725093524
8.352340249320966	-0.004971792799551878
8.359963261038718	-0.0049721123707693595
8.367586272756471	-0.004972494317953884
8.375209284474224	-0.004972930048992526
8.382832296191976	-0.004973407389973415
8.390455307909729	-0.00497391311899297
8.405701331345234	-0.004974961961693514
8.413324343062987	-0.00497548283080144
8.42094735478074	-0.004975984050590997
8.428570366498493	-0.004976454321108528
8.436193378216245	-0.004976884563424781
8.443816389933998	-0.004977264527152246
8.45143940165175	-0.004977584323329864
8.459062413369503	-0.004977839264113559
8.466685425087256	-0.004978026419218393
8.474308436805009	-0.004978142490818072
8.481931448522761	-0.00497818503324997
8.489554460240514	-0.00497815558351556
8.497177471958267	-0.004978056769793195
8.50480048367602	-0.004977891385002836
8.512423495393772	-0.004977665379217424
8.520046507111525	-0.00497738555176359
8.527669518829278	-0.0049770598589302575
8.53529253054703	-0.004976696875968777
8.542915542264783	-0.004976305533843677
8.558161565700289	-0.004975477039242383
8.565784577418041	-0.004975059431590618
8.573407589135794	-0.004974653904234042
8.581030600853547	-0.0049742709743573355
8.5886536125713	-0.004973914011664429
8.596276624289052	-0.0049735943074672665
8.603899636006805	-0.0049733149183621905
8.611522647724557	-0.004973083885060035
8.61914565944231	-0.004972902298789308
8.626768671160063	-0.004972772564245504
8.634391682877816	-0.004972699626223161
8.642014694595568	-0.00497268694284739
8.649637706313321	-0.004972729442387746
8.657905661425824	-0.0049728358111188285
8.666173616538327	-0.004973002214306372
8.674441571650831	-0.004973221232645535
8.682709526763334	-0.004973487540667827
8.690977481875837	-0.004973793337270752
8.699245436988342	-0.00497412755207067
8.715781347213348	-0.0049748415351350645
8.72404930232585	-0.004975202491594198
8.732317257438353	-0.004975551370573804
8.740585212550856	-0.004975881376484055
8.74885316766336	-0.004976182998078894
8.757121122775862	-0.004976452997891764
8.765389077888365	-0.004976682556542676
8.77365703300087	-0.004976862320900476
8.781924988113373	-0.004976990106383951
8.790192943225875	-0.004977066530414456
8.79846089833838	-0.004977088858305635
8.806728853450883	-0.004977058015535839
8.814996808563386	-0.004976976646534563
8.823264763675889	-0.004976845536940094
8.831532718788392	-0.0049766699137935135
8.839800673900895	-0.004976457479863804
8.848068629013397	-0.004976213477690823
8.8563365841259	-0.004975945099608813
8.864604539238403	-0.004975660816876675
8.88114044946341	-0.004975074298197313
8.889408404575914	-0.004974788279449583
8.897676359688418	-0.004974517810782415
8.905944314800921	-0.004974269546318157
8.914212269913424	-0.004974048997096382
8.922480225025927	-0.004973862604108622
8.93074818013843	-0.004973716100587238
8.939016135250933	-0.004973611012659232
8.947284090363436	-0.004973548787893776
8.955552045475939	-0.004973530220284285
8.963820000588441	-0.004973554234390265
8.972087955700946	-0.004973619877450823
8.980355910813449	-0.004973723728380307
8.988623865925952	-0.004973862655031029
8.996891821038457	-0.004974032062775295
9.00515977615096	-0.004974225936200419
9.013427731263462	-0.004974439755924277
9.021695686375965	-0.004974665147689807
9.029963641488468	-0.004974898573658923
9.046499551713474	-0.0049753590528860475
9.054767506825977	-0.004975574278836701
9.06303546193848	-0.0049757754010148906
9.071303417050984	-0.0049759570044840265
9.079571372163487	-0.004976112489133843
9.08783932727599	-0.004976235320715923
9.096107282388495	-0.00497632516095012
9.104375237500998	-0.0049763830452674036
9.1126431926135	-0.004976407108388474
9.120911147726003	-0.0049763959321395
9.129179102838506	-0.004976352172897421
9.13744705795101	-0.0049762771352834575
9.145715013063512	-0.004976171445506554
9.153982968176015	-0.004976037694119409
9.162250923288518	-0.004975883147030041
9.170518878401023	-0.004975712033389366
9.178786833513525	-0.004975528399011585
9.186503941204453	-0.004975352314956152
9.194221048895379	-0.004975175230144508
9.201938156586307	-0.004974997979622131
9.209655264277234	-0.004974829151673612
9.21737237196816	-0.004974671005495243
9.225089479659088	-0.004974525441629179
9.232806587350016	-0.0049743981397813
9.240523695040942	-0.004974289479926243
9.24824080273187	-0.004974200039062036
9.255957910422797	-0.004974132416429878
9.263675018113723	-0.0049740896469914605
9.27139212580465	-0.004974074141802051
9.279109233495578	-0.0049740829564329245
9.286826341186504	-0.004974114935968487
9.294543448877432	-0.004974169765218144
9.30226055656836	-0.004974246011479453
9.309977664259286	-0.0049743407555231664
9.317694771950213	-0.004974452255234757
9.325411879641141	-0.004974578641149634
9.333128987332067	-0.004974715557886079
9.340846095022995	-0.004974859075198985
9.348563202713922	-0.004975005857875752
9.363997418095776	-0.004975293803387349
9.371714525786704	-0.0049754296310380195
9.37943163347763	-0.004975554687778891
9.387148741168557	-0.004975667452546667
9.394865848859485	-0.004975764658455512
9.402582956550411	-0.004975846030582655
9.410300064241339	-0.0049759101197427175
9.418017171932267	-0.004975954652128724
9.425734279623192	-0.004975977366981959
9.433451387314118	-0.004975979238743687
9.441168495005046	-0.004975962027135653
9.448885602695974	-0.00497592595614552
9.4566027103869	-0.004975871503194879
9.464319818077827	-0.004975801068954626
9.472036925768755	-0.004975716341057806
9.479754033459681	-0.004975618729209614
9.487471141150609	-0.004975510571706017
9.495188248841536	-0.004975395735838706
9.502905356532462	-0.004975276956756678
9.518339571914318	-0.004975039366223124
9.526056679605244	-0.00497492546391027
9.533773787296171	-0.0049748190916542746
9.5414908949871	-0.004974721842334253
9.549208002678025	-0.004974636495386802
9.556925110368953	-0.004974563606940156
9.56464221805988	-0.004974504237347517
9.572359325750806	-0.004974460296281077
9.580076433441734	-0.004974433718788298
9.587793541132662	-0.004974424758772546
9.595510648823588	-0.004974431465055754
9.603227756514515	-0.004974453706240676
9.610944864205443	-0.004974491366999653
9.618661971896369	-0.00497454297022302
9.626379079587297	-0.004974606797967608
9.634096187278224	-0.0049746817457604646
9.64181329496915	-0.004974766560054641
9.649530402660078	-0.004974858190695307
9.657247510351006	-0.004974954075689668
9.67268172573286	-0.004975149524765354
9.681043776818537	-0.0049752520339699895
9.689405827904213	-0.004975349189735901
9.697767878989891	-0.004975437757463546
9.70612993007557	-0.004975515494732034
9.714491981161247	-0.004975580844394842
9.722854032246925	-0.004975631591227248
9.731216083332603	-0.004975667261429353
9.73957813441828	-0.004975687855001155
9.747940185503959	-0.004975693736569432
9.756302236589637	-0.004975685570758305
9.764664287675313	-0.004975663371586208
9.77302633876099	-0.004975627251116803
9.781388389846668	-0.0049755799268745475
9.789750440932345	-0.004975522560878988
9.798112492018022	-0.0049754551531301225
9.8064745431037	-0.004975378736958919
9.814836594189378	-0.0049752970255461
9.823198645275056	-0.004975212233037199
9.831560696360732	-0.00497512704132565
9.83992274744641	-0.004975044066029273
9.848284798532088	-0.00497496516817597
9.856646849617764	-0.00497489418384904
9.865008900703442	-0.004974831847180732
9.87337095178912	-0.004974778158171047
9.881733002874798	-0.004974734333431062
9.890095053960476	-0.004974702091841574
9.898457105046152	-0.004974681445733949
9.90681915613183	-0.004974672365305924
9.915181207217508	-0.00497467450104248
9.923543258303184	-0.004974687752299158
9.931905309388862	-0.004974712119075957
9.94026736047454	-0.004974746958432921
9.948629411560217	-0.004974790926805717
9.956991462645895	-0.004974842716689441
9.965353513731571	-0.004974901067577748
9.97371556481725	-0.004974963815568201
9.982077615902927	-0.0049750296487152375
9.990439666988603	-0.0049750957664717295
10.007163769159959	-0.004975224253986365
10.015525820245637	-0.004975283005789454
10.023887871331315	-0.0049753360168488525
10.032249922416993	-0.004975381962120361
10.04061197350267	-0.0049754208386469405
10.048974024588349	-0.0049754519131224905
10.057336075674026	-0.004975473942835792
10.065698126759703	-0.0049754856817919735
10.07406017784538	-0.004975486011802612
10.082422228931058	-0.0049754768108875415
10.090784280016734	-0.004975459394195885
10.099146331102412	-0.0049754341465396874
10.10750838218809	-0.004975401452730992
10.115870433273768	-0.0049753619457254886
10.124232484359446	-0.004975317115300002
10.132594535445124	-0.004975267897656103
10.140956586530802	-0.00497521516008813
10.14931863761648	-0.00497515977027094
10.157680688702158	-0.004975103575214712
10.166042739787834	-0.004975048825332313
10.174404790873512	-0.004974997097568782
10.18276684195919	-0.004974949968869156
10.191128893044866	-0.00497490891097417
10.199490944130543	-0.004974874029035558
10.207852995216221	-0.00497484587208765
10.216062795819099	-0.004974826364889256
10.224272596421976	-0.004974815155590176
10.232482397024853	-0.00497481233930464
10.240692197627729	-0.00497481771766681
10.248901998230604	-0.004974831094803176
10.257111798833481	-0.0049748517218370205
10.265321599436358	-0.004974879127382174
10.273531400039236	-0.004974912173072373
10.281741200642113	-0.004974950150350642
10.28995100124499	-0.004974991813069664
10.306370602450745	-0.004975081355499567
10.314580403053622	-0.00497512672215851
10.3227902036565	-0.004975170661876226
10.331000004259376	-0.004975210995920231
10.339209804862252	-0.004975247650908713
10.347419605465127	-0.004975280626841674
10.355629406068005	-0.004975309447013288
10.363839206670882	-0.004975332641943339
10.372049007273759	-0.004975350107984668
10.380258807876636	-0.004975361845137276
10.388468608479513	-0.004975367868177224
10.39667840908239	-0.004975368243403226
10.404888209685268	-0.004975362978824207
10.413098010288145	-0.004975352074440166
10.421307810891022	-0.0049753356485550005
10.4295176114939	-0.004975314503760532
10.437727412096775	-0.004975288960764243
10.44593721269965	-0.004975259931794636
10.454147013302528	-0.004975227857044514
10.470566614508282	-0.0049751590676085
10.47877641511116	-0.0049751243506660206
10.486986215714037	-0.0049750901798679
10.495196016316914	-0.004975057968795842
10.503405816919791	-0.004975028073141235
10.511615617522668	-0.004975001473803135
10.519825418125546	-0.004974978696358282
10.528035218728423	-0.0049749601955985275
10.536245019331298	-0.0049749465591782905
10.544454819934174	-0.004974937789438729
10.552664620537051	-0.004974933886379844
10.560874421139928	-0.004974934806100647
10.569084221742806	-0.004974939727545883
10.577294022345683	-0.004974948340419663
10.58550382294856	-0.004974960644721987
10.593713623551437	-0.004974976640452854
10.601923424154315	-0.004974995970445049
10.610133224757192	-0.0049750172362440425
10.618343025360069	-0.004975040296218
10.634762626565822	-0.004975091798690802
10.642972427168697	-0.004975119417847774
10.651182227771574	-0.004975146963745165
10.659392028374452	-0.004975173293261746
10.667601828977329	-0.004975197796475424
10.675811629580206	-0.0049752197225416675
10.684021430183083	-0.004975238532157692
10.69223123078596	-0.004975253569858078
10.700441031388838	-0.004975264830253271
10.708650831991715	-0.004975272313343271
10.716860632594592	-0.004975276019143011
10.72507043319747	-0.004975276307128533
10.733280233800345	-0.00497527352761231
10.740939186981645	-0.004975268168911963
10.748598140162947	-0.0049752601405364015
10.756257093344248	-0.0049752494424856256
10.763916046525548	-0.004975236532682554
10.77157499970685	-0.004975222069649608
10.77923395288815	-0.004975206058597382
10.78689290606945	-0.0049751884995258774
10.794551859250753	-0.004975169392435095
10.802210812432053	-0.004975148986890645
10.809869765613353	-0.004975128123322964
10.817528718794655	-0.00497510731358713
10.825187671975955	-0.0049750873902988935
10.832846625157256	-0.004975068748830624
10.840505578338558	-0.004975051779990788
10.848164531519858	-0.004975037040873799
10.855823484701158	-0.004975024831222041
10.86348243788246	-0.004975015151035512
10.87114139106376	-0.004975008000314215
10.878800344245061	-0.004975003402740565
10.886459297426363	-0.004975001397484359
10.894118250607663	-0.0049750019851316106
10.901777203788964	-0.004975005165682317
10.909436156970266	-0.00497501082352669
10.917095110151566	-0.00497501840538935
10.924754063332866	-0.004975027839065391
10.932413016514168	-0.004975039124554813
10.940071969695468	-0.004975052239547665
10.947730922876769	-0.0049750667039666656
10.95538987605807	-0.004975082285329148
10.963048829239371	-0.004975098416243797
10.978366735601973	-0.004975131071433628
10.986025688783274	-0.004975146815602173
10.993684641964574	-0.004975161313572703
11.001343595145876	-0.004975174391498028
11.009002548327176	-0.004975186049378149
11.016661501508477	-0.004975196284972096
11.024320454689779	-0.00497520477105826
11.031979407871079	-0.00497521127415288
11.03963836105238	-0.004975215794255956
11.047297314233681	-0.004975218331367487
11.054956267414981	-0.00497521892321504
11.062615220596282	-0.004975217660306681
11.070274173777584	-0.004975214546592464
11.077933126958884	-0.004975209582072386
11.085592080140184	-0.004975202801159736
11.093251033321486	-0.004975194491582287
11.100909986502787	-0.004975184768271414
11.108568939684087	-0.004975173948924553
11.116227892865389	-0.004975162174908934
11.13154579922799	-0.004975137205718461
11.139204752409292	-0.0049751246924272016
11.146863705590592	-0.0049751123756788
11.154522658771892	-0.004975100618839934
11.162181611953194	-0.00497508972275159
11.169840565134495	-0.0049750797462825725
11.177499518315795	-0.004975071073023603
11.185158471497097	-0.004975063772251707
11.192817424678397	-0.004975057960618615
11.200476377859697	-0.0049750538017552595
11.208135331041	-0.004975051296788109
11.2157942842223	-0.0049750504457171645
11.2234532374036	-0.004975051236489646
11.231757133979652	-0.0049750536255321045
11.240061030555703	-0.00497505747467645
11.248364927131753	-0.0049750627839226826
11.256668823707805	-0.004975069553270802
11.264972720283858	-0.00497507742163498
11.273276616859908	-0.004975085894553981
11.28988441001201	-0.004975104645222583
11.298188306588063	-0.004975114833599145
11.306492203164114	-0.00497512518125764
11.314796099740164	-0.00497513537057321
11.323099996316216	-0.0049751450219010715
11.331403892892268	-0.004975153860906486
11.339707789468319	-0.004975161698595272
11.34801168604437	-0.004975168179022246
11.356315582620422	-0.004975173257772839
11.364619479196474	-0.004975176934847051
11.372923375772524	-0.004975179210244883
11.381227272348575	-0.004975180119553219
11.389531168924627	-0.0049751798809123705
11.39783506550068	-0.004975178531459911
11.40613896207673	-0.00497517607119584
11.41444285865278	-0.004975172500120157
11.422746755228832	-0.004975167872997007
11.431050651804885	-0.004975162650271148
11.439354548380935	-0.004975156935863954
11.455962341533038	-0.004975144032005563
11.464266238109088	-0.004975136857776982
11.472570134685139	-0.004975129391262561
11.489177927837241	-0.0049751144790417595
11.497481824413292	-0.004975107594692311
11.505785720989344	-0.004975101323354567
11.514089617565395	-0.0049750959270275195
11.522393514141445	-0.004975091506063748
11.530697410717497	-0.004975088060463253
11.539001307293548	-0.004975085590226036
11.547305203869598	-0.004975084095546376
11.55560910044565	-0.004975083576657067
11.563912997021703	-0.0049750840335585755
11.572216893597753	-0.004975085466250902
11.580520790173804	-0.004975087807729017
11.588824686749856	-0.004975090816931154
11.597128583325908	-0.00497509447219477
11.605432479901959	-0.0049750987735198635
11.613736376478009	-0.004975103706928682
11.622040273054061	-0.004975109078418453
11.630344169630114	-0.004975114789011673
11.638648066206164	-0.004975120591027392
11.646951962782214	-0.004975126383151548
11.655255859358267	-0.004975131955781319
11.663559755934319	-0.004975137176743272
11.67186365251037	-0.004975141793034246
11.68016754908642	-0.004975145794993039
11.688471445662472	-0.004975149182619652
11.696775342238524	-0.004975151906499454
11.705079238814575	-0.004975153856814997
11.713383135390625	-0.004975155029545536
11.721687031966677	-0.0049751554246910724
11.72999092854273	-0.0049751550727515125
11.73829482511878	-0.0049751540403216304
11.74659872169483	-0.004975152329736879
11.754902618270883	-0.004975149940997261
11.762655667425358	-0.004975147140635324
11.770408716579833	-0.0049751438862056276
11.778161765734309	-0.0049751402529912975
11.785914814888784	-0.0049751363240155
11.79366786404326	-0.004975132214931597
11.801420913197735	-0.004975128003914804
11.816927011506685	-0.004975119835916997
11.82468006066116	-0.0049751159648315545
11.832433109815636	-0.004975112418306032
11.840186158970111	-0.004975109216275988
11.847939208124586	-0.004975106409726526
11.855692257279062	-0.004975104103802457
11.863445306433537	-0.004975102301697759
11.87119835558801	-0.004975101031554845
11.878951404742486	-0.00497510031959298
11.88670445389696	-0.004975100165812165
11.894457503051434	-0.004975100570212398
11.90221055220591	-0.004975101468598419
11.909963601360385	-0.00497510279583117
11.91771665051486	-0.004975104551909788
11.925469699669335	-0.004975106736834271
11.93322274882381	-0.004975109240179929
11.940975797978286	-0.0049751119400089925
11.948728847132761	-0.0049751148362473996
11.956481896287237	-0.00497511792889515
11.971987994596187	-0.004975124398002197
11.979741043750662	-0.004975127584054684
11.987494092905138	-0.0049751306300308985
11.995247142059613	-0.004975133451783846
12.003000191214088	-0.004975136003137287
12.010753240368564	-0.0049751381741068145
12.018506289523039	-0.00497513993800504
12.026259338677514	-0.004975141294831964
12.03401238783199	-0.0049751422445875855
12.04951848614094	-0.004975142946009413
12.06502458444989	-0.00497514235548046
12.072777633604366	-0.004975141612801847
12.080530682758841	-0.004975140571847145
12.088283731913316	-0.0049751392326163515
12.096036781067792	-0.0049751375257509126
12.103789830222267	-0.0049751354889664996
12.111542879376742	-0.004975133305841598
12.127048977685693	-0.004975128492314582
12.134802026840168	-0.004975126169737429
12.142555075994643	-0.004975124015586418
12.150308125149119	-0.004975121982043046
12.158061174303594	-0.004975120021288808
12.165814223458069	-0.004975118130701484
12.173567272612544	-0.004975116545589166
12.18132032176702	-0.004975115236357774
12.189073370921495	-0.004975114117725988
12.19682642007597	-0.004975113104412488
12.204579469230445	-0.004975112315059512
12.21233251838492	-0.004975112025219618
12.220085567539396	-0.004975111976971868
12.227838616693871	-0.0049751123069359015
12.235591665848347	-0.004975112926357431
12.24334471500282	-0.0049751136750820725
12.251097764157295	-0.004975114588447139
12.258698562828968	-0.004975115608672612
12.266299361500643	-0.0049751167141806425
12.273900160172317	-0.0049751178669485505
12.281500958843992	-0.004975119086857234
12.289101757515667	-0.004975120473090868
12.296702556187341	-0.0049751219916960585
12.31190415353069	-0.004975125266281718
12.319504952202365	-0.004975126876279438
12.32710575087404	-0.004975128263762861
12.334706549545714	-0.004975129525386589
12.342307348217389	-0.004975130636293246
12.349908146889064	-0.004975131507416888
12.357508945560738	-0.004975132261899679
12.365109744232413	-0.0049751328188375075
12.372710542904088	-0.004975133083939576
12.380311341575762	-0.004975133082638718
12.387912140247437	-0.004975132840367768
12.395512938919111	-0.004975132382559555
12.403113737590786	-0.0049751317551630534
12.41071453626246	-0.004975131085385608
12.418315334934135	-0.004975130357125824
12.42591613360581	-0.004975129529873328
12.433516932277485	-0.004975128563117751
12.44111773094916	-0.004975127416348717
12.448718529620834	-0.004975126261874488
12.456319328292508	-0.00497512534610247
12.463920126964183	-0.00497512458871788
12.471520925635858	-0.004975123906572244
12.479121724307532	-0.00497512321651709
12.486722522979207	-0.00497512245754302
12.494323321650882	-0.004975121883981409
12.501924120322556	-0.004975121505803198
12.50952491899423	-0.004975121212400022
12.517125717665905	-0.004975120893163513
12.52472651633758	-0.0049751205975232015
12.53992811368093	-0.004975120934027054
12.555129711024279	-0.00497512151108352
12.570331308367628	-0.0049751219442889134
12.585532905710977	-0.00497512252036886
12.593133704382652	-0.00497512283841881
12.600734503054326	-0.00497512321378233
12.608335301726001	-0.004975123636313244
12.615936100397676	-0.004975124076046897
12.62353689906935	-0.004975124503018634
12.631137697741025	-0.004975124835729089
12.6387384964127	-0.004975125024468267
12.646339295084374	-0.004975125134866763
12.661540892427723	-0.00497512537615394
12.676742489771073	-0.004975125412424841
12.707145684457771	-0.004975125153735182
12.73754887914447	-0.0049751247161626275
13.00141262527007	-0.004975123952714893
13.265276371395672	-0.004975124449336053
13.511513000030838	-0.004975124324056504
13.757749628666005	-0.004975124572614682
13.891187037299595	-0.004975124839198653
14.024624445933185	-0.004975125123105245
14.09134315024998	-0.004975125253176129
14.158061854566775	-0.004975125365523594
14.166401692606374	-0.004975125377954717
14.174741530645974	-0.004975125389979689
14.183081368685574	-0.004975125401584151
14.191421206725172	-0.00497512392102361
14.19976104476477	-0.004975122078898863
14.20810088280437	-0.00497512133748653
14.21644072084397	-0.004975120903532905
14.22478055888357	-0.0049751202766865925
14.258139911041969	-0.004975119347236355
14.291499263200366	-0.004975120281972784
14.299686850757166	-0.004975120665543014
14.307874438313963	-0.004975121139732408
14.324249613427561	-0.004975122041465722
14.33243720098436	-0.004975122506147835
14.34062478854116	-0.0049751229898789655
14.356999963654758	-0.00497512400456726
14.365187551211557	-0.004975124496640126
14.373375138768356	-0.0049751249670178166
14.381562726325154	-0.004975125415700333
14.389750313881953	-0.004975125842104345
14.397937901438752	-0.004975126220309866
14.40612548899555	-0.004975126536383805
14.414313076552348	-0.004975126790326165
14.422500664109148	-0.004975126982136944
14.455251014336342	-0.004975127129949358
14.488001364563537	-0.004975126379997558
14.496188952120336	-0.00497512609655782
14.504376539677136	-0.004975125777010875
14.520751714790732	-0.004975125086478011
14.528939302347531	-0.004975124745217206
14.537126889904329	-0.004975124407217623
14.553502065017927	-0.004975123743701424
14.561689652574726	-0.00497512342797116
14.569877240131525	-0.004975123134637875
14.578064827688323	-0.004975122881874487
14.586252415245122	-0.0049751226735088834
14.602627590358718	-0.004975122407322787
14.619002765472317	-0.004975122353721064
14.635377940585915	-0.004975122502146119
14.651753115699513	-0.0049751228310336406
14.668128290813112	-0.0049751232977534475
14.684503465926708	-0.004975123857677727
14.692691053483507	-0.004975124152049163
14.700878641040305	-0.004975124445160228
14.709066228597104	-0.004975124729644517
14.717253816153903	-0.004975124990588372
14.733628991267501	-0.004975125429090487
14.7500041663811	-0.0049751257513330855
14.782754516608295	-0.004975125951924064
14.81550486683549	-0.004975125496572566
14.830778347105934	-0.004975125145999916
14.84605182737638	-0.004975124799890332
14.861325307646826	-0.004975124390129258
14.87659878791727	-0.004975124081987588
14.907145748458161	-0.004975123669733338
14.937692708999052	-0.0049751237597822455
14.998786630080833	-0.004975124170907058
15.059880551162616	-0.004975124290493902
15.120974472244399	-0.004975124471155971
15.18206839332618	-0.0049751246960941025
15.21261535386707	-0.004975124812564363
15.24316231440796	-0.004975124924980844
15.258435794678405	-0.004975124944401228
15.273709274948851	-0.004975124402697656
15.281346015084075	-0.004975123953534834
15.288982755219298	-0.004975123459846118
15.29661949535452	-0.004975122977392605
15.304256235489742	-0.00497512256206443
15.320819602549689	-0.004975122510056784
15.337382969609635	-0.004975123315556546
15.345664653139607	-0.004975123767926247
15.353946336669582	-0.004975124108405151
15.362228020199556	-0.0049751243329848255
15.370509703729528	-0.004975124506030205
15.403636437849421	-0.00497512483069818
15.436763171969313	-0.004975124922135041
15.45332653902926	-0.0049751250280508
15.469889906089204	-0.004975124598946428
15.48645327314915	-0.00497512408789956
15.503016640209097	-0.004975123794305093
15.53614337432899	-0.004975123651462631
15.569270108448883	-0.004975123768619096
15.602396842568776	-0.0049751242807552915
15.635523576688668	-0.004975124640771283
15.668650310808559	-0.004975124926471552
15.701777044928452	-0.004975125155832057
15.768030513168238	-0.004975125517437595
15.834283981408023	-0.004975125869395551
16.081670736876728	-0.00497512542376205
16.329057492345434	-0.004975126010730752
16.33663607797103	-0.004975125663466757
16.344214663596627	-0.004975125291359802
16.351793249222226	-0.004975124918620411
16.35937183484782	-0.004975124569459103
16.374529006099014	-0.004975123992565696
16.389686177350207	-0.004975123541937449
16.420000519852593	-0.00497512294436
16.45031486235498	-0.004975122635777049
16.480629204857365	-0.0049751224770955196
16.51094354735975	-0.004975122329222336
16.526100718610945	-0.004975122215872288
16.541257889862138	-0.004975122053064423
16.548836475487732	-0.004975122156855878
16.55641506111333	-0.004975122864426247
16.56399364673893	-0.004975124005768545
16.571572232364524	-0.0049751253855096515
16.57915081799012	-0.0049751268082764465
16.586729403615717	-0.004975128078695809
16.594307989241315	-0.0049751289337143755
16.60188657486691	-0.004975129235565008
16.617043746118103	-0.004975128864303485
16.632200917369296	-0.004975128369566423
16.63977950299489	-0.004975128253664876
16.64735808862049	-0.004975127927277512
16.654936674246088	-0.004975127603569283
16.662515259871682	-0.004975127239203906
16.670093845497277	-0.004975126799015814
16.677672431122875	-0.0049751263749379425
16.685251016748474	-0.004975125892306439
16.69282960237407	-0.0049751253453120285
16.700408187999663	-0.004975124762675661
16.70798677362526	-0.004975124173118291
16.71556535925086	-0.004975123605360868
16.723143944876455	-0.004975123204149704
16.738301116127648	-0.0049751230872577025
16.75345828737884	-0.004975123238279289
16.783772629881227	-0.00497512347522394
16.81408697238361	-0.00497512392422408
17.077239901034712	-0.004975124334503925
17.340392829685815	-0.004975124095689127
17.58591864084648	-0.004975125109768566
17.831444452007148	-0.004975124501847163
18.09760845179983	-0.004975123700342306
18.36377245159251	-0.004975124382829872
18.612309333894757	-0.004975124612844318
18.860846216197	-0.004975124825886438
19.10451108304963	-0.004975124189255895
19.348175949902256	-0.0049751249468261
19.364694890870048	-0.004975125150889692
19.381213831837837	-0.004975124661442376
19.397732772805625	-0.004975124177826912
19.414251713773417	-0.00497512384352332
19.447289595708995	-0.004975123627575558
19.480327477644575	-0.0049751237381219626
19.546403241515733	-0.004975124400760855
19.612479005386895	-0.004975124334187773
19.678554769258056	-0.004975124412914108
19.744630533129218	-0.004975124510544298
19.7776684150648	-0.004975124129416315
19.81070629700038	-0.004975123593683142
19.827225237968168	-0.004975123346618844
19.843744178935957	-0.00497512366540942
19.852003649419853	-0.004975124477049005
19.86026311990375	-0.004975125102550465
19.86852259038764	-0.004975125316717756
19.876782060871538	-0.004975125411596639
20.00012002986864	-0.004975124363773919
20.123457998865746	-0.004975124427640613
20.154292491115022	-0.0049751242155143816
20.1851269833643	-0.004975124020077254
20.200544229488937	-0.004975124040925737
20.215961475613575	-0.004975124259201076
20.23137872173821	-0.004975124625265523
20.246795967862848	-0.0049751250877225275
20.27763046011212	-0.004975126096227984
20.308464952361398	-0.004975125258348299
20.31617357542372	-0.004975124228436623
20.323882198486036	-0.004975123863032709
20.331590821548353	-0.0049751238651328826
20.339299444610674	-0.004975123937993196
20.354716690735312	-0.004975123580400126
20.37013393685995	-0.0049751230266908775
20.403548202688228	-0.0049751228869607126
20.436962468516505	-0.0049751231665778875
20.470376734344782	-0.004975123624900886
20.50379100017306	-0.004975124088469529
20.570619531829614	-0.004975124574524792
20.63744806348617	-0.004975124579895744
20.771105126799277	-0.004975124281477046
20.90476219011239	-0.0049751243583365
20.970372717906542	-0.004975124180754933
21.03598324570069	-0.00497512401816173
21.05238587764923	-0.00497512418708959
21.068788509597766	-0.004975124469349852
21.085191141546304	-0.004975124847098575
21.10159377349484	-0.004975125302491818
21.10979508946911	-0.004975125553728904
21.117996405443378	-0.004975125817685642
21.134399037391915	-0.004975126374836104
21.142600353366184	-0.004975126663568844
21.150801669340453	-0.004975126956099266
21.15900298531472	-0.004975127250196876
21.16720430128899	-0.004975127438659747
21.17540561726326	-0.0049751271454603055
21.183606933237527	-0.004975126460313474
21.191808249211796	-0.004975125524254991
21.200009565186065	-0.004975124481722388
21.208210881160333	-0.004975123636534659
21.216412197134602	-0.004975123025129644
21.22461351310887	-0.004975122517541541
21.23281482908314	-0.00497512198380455
21.241016145057408	-0.004975121404387414
21.249217461031677	-0.004975121026906448
21.257418777005945	-0.004975120814162851
21.265620092980214	-0.00497512070523319
21.28202272492875	-0.004975120687603203
21.29842535687729	-0.004975120954354372
21.306626672851557	-0.004975121258886828
21.314827988825826	-0.004975121579481334
21.323029304800095	-0.004975122078188297
21.331230620774363	-0.0049751226813544965
21.339431936748632	-0.004975123303029692
21.3476332527229	-0.00497512385416802
21.35583456869717	-0.004975124243637818
21.364035884671438	-0.004975124513001652
21.396841148568512	-0.004975125284448677
21.42964641246559	-0.004975125248924334
21.46024828667636	-0.0049751248533841785
21.490850160887135	-0.004975124423630457
21.521452035097905	-0.004975123881599043
21.552053909308675	-0.0049751236526674476
21.55970437786137	-0.0049751238520143745
21.567354846414062	-0.004975124142117299
21.575005314966752	-0.0049751244992010946
21.582655783519446	-0.004975124899490637
21.59030625207214	-0.0049751253192108005
21.59795672062483	-0.0049751257345864615
21.605607189177523	-0.0049751261218424925
21.613257657730216	-0.0049751264572037695
21.62090812628291	-0.004975126555938721
21.628558594835603	-0.0049751261691579505
21.636209063388293	-0.004975125463322871
21.643859531940986	-0.004975124616541543
21.65151000049368	-0.004975123806922027
21.65916046904637	-0.00497512321481774
21.666810937599063	-0.004975122942714915
21.674461406151757	-0.0049751229041363225
21.705063280362527	-0.004975123118344253
21.735665154573297	-0.004975123954589339
21.74331562312599	-0.004975124290332663
21.750966091678684	-0.00497512464457444
21.758616560231374	-0.004975125001227483
21.766267028784068	-0.004975125344204608
21.77391749733676	-0.00497512565741863
21.78156796588945	-0.004975125891812762
21.789218434442144	-0.00497512552226989
21.796868902994838	-0.004975124830184922
21.80451937154753	-0.004975124332906988
21.812169840100225	-0.004975123957273132
21.819820308652915	-0.00497512359880756
21.82747077720561	-0.0049751232678880005
21.84277171431099	-0.004975122893810166
21.85807265141638	-0.004975122636067779
21.888674525627152	-0.004975122936331554
21.919276399837923	-0.004975123672707214
21.98563969541747	-0.004975124596293747
22.05200299099701	-0.004975124715401075
22.085184638786785	-0.0049751243363412466
22.118366286576556	-0.00497512395094305
22.13495711047144	-0.004975124109786845
22.151547934366327	-0.004975124474493959
22.168138758261215	-0.004975124910218996
22.184729582156102	-0.004975125282116557
22.317456173315193	-0.00497512556367628
22.450182764474285	-0.00497512493833603
22.57409579688816	-0.004975124381246362
22.69800882930203	-0.004975124482685116
22.759965345508967	-0.004975124130351996
22.8219218617159	-0.004975124209800367
22.829666426241765	-0.004975124443175818
22.837410990767633	-0.004975124712319662
22.845155555293502	-0.004975125007208771
22.852900119819367	-0.004975125317820019
22.860644684345235	-0.004975125634130277
22.868389248871104	-0.004975125946116417
22.87613381339697	-0.004975126243755312
22.883878377922837	-0.0049751265170238325
22.891622942448706	-0.004975126748730968
22.89936750697457	-0.004975126369560898
22.90711207150044	-0.004975125414118996
22.914856636026308	-0.0049751244331421906
22.922601200552172	-0.004975123782257979
22.93034576507804	-0.00497512330165546
22.93809032960391	-0.0049751228583461956
22.945834894129774	-0.004975122405249875
22.97620415030204	-0.004975122092270534
23.006573406474306	-0.004975122319487084
23.014165720517376	-0.004975122659135502
23.021758034560442	-0.004975123072877596
23.029350348603508	-0.004975123506430186
23.036942662646574	-0.004975123905510089
23.052127290732706	-0.004975124485482808
23.067311918818838	-0.004975124887892704
23.12805043116337	-0.004975125452814062
23.1887889435079	-0.004975125349586224
23.196381257550968	-0.004975124659124862
23.203973571594034	-0.004975123840543838
23.2115658856371	-0.004975123096730109
23.219158199680166	-0.0049751226267143065
23.234342827766298	-0.004975122390650778
23.249527455852434	-0.004975122255331336
23.26471208393857	-0.004975122422424595
23.2798967120247	-0.004975123092818193
23.287489026067767	-0.004975123530994926
23.295081340110833	-0.004975123992087509
23.3026736541539	-0.004975124441792867
23.310265968196966	-0.004975124845807921
23.325450596283098	-0.004975124834468441
23.34063522436923	-0.004975124165428342
23.35581985245536	-0.0049751237213465326
23.371004480541494	-0.004975123445058481
23.401373736713758	-0.004975123222760372
23.431742992886026	-0.00497512356658826
23.563539111891096	-0.004975124450101207
23.695335230896166	-0.004975124528824833
23.728284260647435	-0.004975124295526486
23.7612332903987	-0.004975123890694592
23.794182320149968	-0.004975123412702569
23.827131349901236	-0.0049751229599238325
23.84360586477687	-0.004975122790060624
23.860080379652505	-0.004975123287035808
23.86831763709032	-0.004975123736853613
23.87655489452814	-0.0049751241891945195
23.884792151965957	-0.004975124562129488
23.893029409403773	-0.00497512503415372
23.90126666684159	-0.00497512563279305
23.909503924279406	-0.004975126296311733
23.917741181717222	-0.004975126962974025
23.92597843915504	-0.0049751275413653035
23.94245295403067	-0.004975127405454215
23.958927468906307	-0.004975127066677158
23.966613878922544	-0.004975126845149599
23.974300288938785	-0.004975126546008618
23.981986698955026	-0.0049751261263339015
23.989673108971267	-0.004975125636439683
23.99735951898751	-0.004975125126640195
24.00504592900375	-0.004975124647249675
24.01273233901999	-0.004975124279747836
24.02041874903623	-0.0049751240765838955
24.051164389101196	-0.004975123753991647
24.08191002916616	-0.004975123882184358
24.143401309296088	-0.004975124334721382
24.204892589426013	-0.004975124785959596
24.327875149685866	-0.004975125431891089
24.45085770994572	-0.004975124610625576
24.588143154908266	-0.004975124183303328
24.725428599870817	-0.0049751243349469565
24.794071322352092	-0.004975124585957071
24.862714044833368	-0.004975123638205646
24.879874725453686	-0.004975123335815793
24.897035406074004	-0.004975123186076458
24.905615746384164	-0.004975123624996864
24.914196086694325	-0.0049751242510234885
24.922776427004486	-0.004975124736214106
24.931356767314643	-0.004975125036392014
24.965678128555282	-0.004975125688795467
24.99999948979592	-0.004975125560343817