4.0816326530612246e-10	-0.9999999999986698
6.134358411192535e-6	-0.9999246993355404
0.000012268308659119763	-0.9996989528567168
0.00001840225890704699	-0.9993227562827882
0.00002453620915497422	-0.9987961789494134
0.00003067015940290145	-0.9981192928631168
0.00003680410965082868	-0.9972921930517307
0.000042938059898755906	-0.9963150234120736
0.000049072010146683136	-0.9951879340813637
0.00005520596039461037	-0.9939110830230121
0.00006133991064253759	-0.9924846757520704
0.00006747386089046481	-0.9909089354042511
0.00007360781113839205	-0.9891840876430356
0.00007974176138631928	-0.9873103976492222
0.0000858757116342465	-0.9852881620986669
0.00009814361213010096	-0.9807992696700051
0.00010427756237802818	-0.9783333013917648
0.00011041151262595542	-0.9757201453870303
0.00012267941312180987	-0.9700537865809216
0.0001288133633697371	-0.9670014895444122
0.00013494731361766434	-0.963803750440202
0.0001472152141135188	-0.9569738551435928
0.000153349164361446	-0.9533426605383744
0.00015948311460937324	-0.9495680255892428
0.0001717510151052277	-0.9415908836790468
0.0001962868160969366	-0.9239423315047894
0.00020242076634486385	-0.9191810124909965
0.00020855471659279108	-0.9142814725925623
0.00022082261708864553	-0.9040707105100312
0.00024535841808035445	-0.882023965789183
0.0002514923683282817	-0.8761785842906026
0.0002576263185762089	-0.8702014689785867
0.00026989421907206335	-0.8578555404889716
0.0002944300200637723	-0.8316235616139399
0.00030056397031169953	-0.824750501375755
0.00030669792055962677	-0.8177534091527483
0.0003189658210554812	-0.8033914160086394
0.0003435016220471901	-0.773227316808227
0.00039257322403060793	-0.7073983428339801
0.0003992231289943355	-0.6979396724282567
0.0004058730339580631	-0.6883576631171635
0.0004191728438855182	-0.6688306680812333
0.00044577246374042853	-0.6283741161616706
0.0004989717034502492	-0.5422561767200278
0.0006053701828698905	-0.3527083996895434
0.000818167141709173	0.06466262215108873
0.0008243763687356396	0.07703380394610632
0.0008305855957621063	0.08939287883571093
0.0008430040498150397	0.11406707061581518
0.0008678409579209066	0.16318632574531702
0.0009175147741326403	0.2600862100207399
0.0010168624065561075	0.4452187560044021
0.001023071633582574	0.45627852858275203
0.0010292808606090407	0.46726766144078824
0.001041699314661974	0.4890273592444234
0.001066536222767841	0.5316265071789605
0.0011162100389795746	0.6127789578434102
0.0011224192660060413	0.6225131290842862
0.001128628493032508	0.6321511604345016
0.0011410469470854415	0.6511327548895758
0.0011658838551913083	0.6878767766309493
0.001215557671403042	0.7561803406933117
0.0012216450980432683	0.7640498224475224
0.0012277325246834946	0.7718059408093858
0.001239907377963947	0.7869736067251515
0.001264257084524852	0.8158992909084037
0.0012703445111650782	0.8228305226545964
0.0012764319378053045	0.829639590353765
0.0012886067910857569	0.8428874646749858
0.0013129564976466618	0.867875786684922
0.0013190439242868881	0.8738033236547927
0.0013251313509271144	0.8796011587542651
0.0013373062042075668	0.8908042114802927
0.0013616559107684717	0.9116185791342484
0.001367743337408698	0.9164861803594467
0.0013738307640489243	0.921217884058922
0.0013860056173293767	0.9302705952768738
0.0014103553238902816	0.9467138838699688
0.001416442750530508	0.9504752199421213
0.0014225301771707342	0.9540957299991067
0.0014347050304511866	0.9609122088981406
0.0014407924570914127	0.9641071461554706
0.001446879883731639	0.9671591942281973
0.0014590547370120915	0.9728325596504038
0.0014651421636523178	0.9754528454774247
0.0014712295902925441	0.9779282435713634
0.0014773170169327704	0.9802584845152448
0.0014834044435729965	0.9824433305065613
0.0014894918702132226	0.9844825437428054
0.0014955792968534489	0.9863758864214699
0.0015016667234936752	0.9881231207400469
0.0015077541501339014	0.9897240088960292
0.0015138415767741277	0.9911783130869091
0.001519929003414354	0.992485795510179
0.0015260164300545803	0.9936462183633317
0.0015321038566948064	0.9946593438438595
0.0015381912833350325	0.9955249341492549
0.0015442787099752588	0.9962427516414625
0.001550366136615485	0.9968126302966563
0.0015564535632557113	0.9972345872973267
0.0015625409898959376	0.9975086686977281
0.001568628416536164	0.9976349205521151
0.0015747158431763902	0.9976133889147424
0.0015808032698166163	0.9974441198398643
0.0015868906964568424	0.9971271593817356
0.0015929781230970687	0.9966625535946106
0.001599065549737295	0.9960503485327441
0.0016051529763775212	0.9952905902503906
0.0016117563577335479	0.9942996477757257
0.0016183597390895745	0.9931351925940093
0.001624963120445601	0.9917972874511672
0.0016315665018016277	0.9902861457398775
0.0016381698831576543	0.9886021743356916
0.001644773264513681	0.9867457927977575
0.0016513766458697075	0.9847174206852229
0.001657980027225734	0.982517477557236
0.0016645834085817603	0.9801463829729443
0.001671186789937787	0.9776045564914957
0.0016843935526498401	0.9720103860737194
0.0016909969340058667	0.9689588812556874
0.0016976003153618933	0.96573832277709
0.0017108070780739466	0.9587919010355253
0.0017174104594299732	0.9550673797558075
0.0017240138407859998	0.9511763413909478
0.001737220603498053	0.9428977925085125
0.0017438239848540796	0.9385118215422916
0.0017504273662101062	0.9339624125936387
0.0017636341289221594	0.9243763598517456
0.001770237510278186	0.9193412556098604
0.0017768408916342127	0.9141457924882526
0.0017900476543462659	0.9032770537757426
0.001816461179770372	0.8796577543832127
0.0018230645611263985	0.8733673012928228
0.001829667942482425	0.8669247983094981
0.0018428747051944783	0.8535880454719819
0.0018692882306185848	0.8251385590782272
0.0019221152814667976	0.7614249565289439
0.0019287186628228242	0.7528491255590409
0.0019353220441788509	0.744142056942668
0.0019485288068909039	0.7263400066155629
0.00197494233231501	0.6892301638363115
0.002027769383163223	0.6093622764839373
0.0020339320865819886	0.5995850330009314
0.002040094790000754	0.5897168821149081
0.002052420196838286	0.569714032056455
0.0020770710105133487	0.5286853562524485
0.0021263726378634744	0.442884920495921
0.0022249758925637258	0.2592917048160135
0.0022311385959824914	0.24740877091527014
0.002237301299401257	0.23548849235586877
0.0022496267062387886	0.21154307073513037
0.0022742775199138515	0.16328344990257052
0.002323579147263977	0.06570305024276062
0.0024221824019642285	-0.1303752111703989
0.0024288610600987945	-0.14355612108321936
0.0024355397182333604	-0.15671114912619105
0.0024488970345024927	-0.1829342465541623
0.002475611667040757	-0.23496741543922262
0.0025290409321172855	-0.33686227888072273
0.0025357195902518514	-0.3493512601734684
0.0025423982483864177	-0.3617777241974154
0.0025557555646555496	-0.38643419335247503
0.002582470197193814	-0.43489901101585515
0.0026358994622703424	-0.5279586810144513
0.0026425781204049087	-0.5391878881231025
0.0026492567785394746	-0.5503205846257572
0.002662614094808607	-0.5722883186927635
0.002689328727346871	-0.6149804104396807
0.0027427579924233997	-0.6949746795413946
0.0027494366505579656	-0.7044331892782834
0.0027561153086925316	-0.7137658779130149
0.002769472624961664	-0.7320472161831877
0.002796187257499928	-0.7670277905691744
0.0028496165225764566	-0.8303198937413442
0.002856173380324782	-0.8374471916551197
0.002862730238073108	-0.8444303325583227
0.002875843953569759	-0.857959560213966
0.002902071384563061	-0.8832377170827579
0.0029086282423113866	-0.8891797172600756
0.002915185100059712	-0.8949686273804109
0.0029282988155563635	-0.9060835099889653
0.002954526246549666	-0.9264358524494224
0.0029610831042979915	-0.9311274606830072
0.002967639962046317	-0.9356587240347077
0.0029807536775429684	-0.9442374651966317
0.002987310535291294	-0.9482835911864825
0.00299386739303962	-0.9521666529020113
0.003006981108536271	-0.9594408798693569
0.0030135379662845963	-0.9628306933008016
0.003020094824032922	-0.9660547444746858
0.0030266516817812478	-0.9691124851568265
0.0030332085395295733	-0.9720034845234589
0.0030397653972778988	-0.9747273164897093
0.0030463222550262247	-0.9772835549707043
0.0030594359705228757	-0.9818915471374313
0.003065992828271201	-0.983942448653416
0.0030725496860195267	-0.9858240523446496
0.0030791065437678527	-0.9875359509450946
0.003085663401516178	-0.9890778947179503
0.0030922202592645037	-0.990449712406715
0.0030987771170128296	-0.9916512333265385
0.003105333974761155	-0.9926822867925703
0.0031118908325094806	-0.9935427021199603
0.003118447690257806	-0.9942323086238583
0.0031250045480061316	-0.9947509356194137
0.0031315614057544575	-0.995098412418386
0.003138118263502783	-0.9952745840876228
0.0031446751212511085	-0.9952794818847834
0.0031512319789994345	-0.9951132125024554
0.00315778883674776	-0.9947758826332262
0.0031643456944960855	-0.9942675989696834
0.003170902552244411	-0.9935884682044143
0.0031774594099927365	-0.9927385970300063
0.0031840162677410624	-0.991718092139047
0.003190573125489388	-0.9905270602241241
0.0031971299832377134	-0.9891656079778246
0.0032036868409860393	-0.9876338796336812
0.003210243698734365	-0.98593221412418
0.0032168005564826904	-0.9840610132517116
0.003223357414231016	-0.982020678848392
0.0032299142719793414	-0.9798116127463369
0.003236471129727667	-0.9774342167776618
0.0032430279874759924	-0.9748888927744829
0.003249584845224318	-0.9721760425689157
0.0032561417029726434	-0.9692960679930759
0.003269255418469295	-0.963036379427988
0.0032753715982803593	-0.9598899613224696
0.0032814877780914242	-0.9565999426582796
0.003293720137713554	-0.9495913434472146
0.003299836317524619	-0.9458738827970038
0.0033059524973356835	-0.9420150613814507
0.003318184856957813	-0.9338755760476455
0.003324301036768878	-0.9295960320260576
0.0033304172165799424	-0.9251773670340636
0.003342649576202072	-0.9159252384132562
0.0033671142954463306	-0.8957834864446139
0.0033732304752573956	-0.8904114764045122
0.00337934665506846	-0.8849064053235856
0.0033915790146905895	-0.8735002155959567
0.0034160437339348483	-0.8491267816279329
0.003464973172423366	-0.7943526731610466
0.003471089352234431	-0.7869603251971691
0.0034772055320454955	-0.7794503034903093
0.003489437891667625	-0.7640819856560342
0.0035139026109118838	-0.7319854799640232
0.0035628320494004015	-0.6626238512511473
0.0035689482292114664	-0.6534943372094847
0.003575064409022531	-0.6442672717088632
0.0035872967686446603	-0.6255259203962802
0.003611761487888919	-0.5869329130219402
0.003660690926377437	-0.5056372678118509
0.0036673230609043017	-0.49422872078545077
0.003673955195431167	-0.4827333372128161
0.003687219464484897	-0.45949042884927294
0.003713748002592357	-0.41205463709697415
0.003766805078807278	-0.31385295391545864
0.0038729192312371187	-0.10804915119095135
0.0038795513657639835	-0.09492978875956454
0.0038861835002908488	-0.08179400244550505
0.003899447769344579	-0.05548237399867419
0.003925976307452039	-0.0027635477802483988
0.003979033383666959	0.10253660454636959
0.0040851475360968005	0.30845526885534524
0.004091338992686405	0.3201277638778539
0.004097530449276009	0.3317509253443429
0.004109913362455217	0.3548422644857688
0.004134679188813634	0.400356125737926
0.0041842108415304675	0.4883183827262361
0.004190402298120071	0.4989930942009297
0.004196593754709676	0.5095911576681528
0.0042089766678888845	0.5305509282471407
0.0042337424942473015	0.5714801576520055
0.0042832741469641345	0.64902486033424
0.004289465603553739	0.6582847427069733
0.004295657060143343	0.6674436301064991
0.004308039973322551	0.6854527560484115
0.004332805799680968	0.7201967699387628
0.004338997256270571	0.7286091784097365
0.004345188712860176	0.7369096163062157
0.004357571626039385	0.7531698216708941
0.0043823374523978015	0.7842942397535977
0.004388528908987405	0.7917775726950664
0.00439472036557701	0.7991394176524579
0.0044071032787562185	0.8134938849102137
0.0044318691051146355	0.8406939463545524
0.004438060561704239	0.8471737877241469
0.004444252018293844	0.8535236959248663
0.0044566349314730525	0.8658299910335883
0.0044814007578314686	0.8888424435775436
0.004487470414034833	0.8941515763551368
0.004493540070238196	0.8993287018593296
0.004505679382644923	0.9092836286304664
0.004511749038848286	0.9140601101804824
0.004517818695051651	0.9187017924740044
0.004529958007458378	0.9275783267455865
0.004536027663661742	0.9318119624506578
0.004542097319865106	0.9359083663532575
0.0045542366322718335	0.9436870462050624
0.004560306288475197	0.947368105881279
0.00456637594467856	0.9509095012090458
0.004578515257085288	0.9575708662732537
0.004584584913288652	0.9606897019406709
0.004590654569492016	0.9636667816964438
0.004602793881898742	0.9691942985117443
0.004608863538102106	0.9717440480903787
0.00461493319430547	0.9741506667957407
0.004627072506712198	0.9785331366248592
0.004633142162915561	0.9805083002677225
0.004639211819118925	0.9823389580755267
0.00464528147532229	0.984024766307825
0.004651351131525653	0.9855653816667842
0.004657420787729016	0.9869605351949567
0.00466349044393238	0.988210114729485
0.004669560100135743	0.989314027957752
0.004675629756339107	0.9902721825671416
0.004681699412542472	0.9910844862450368
0.004687769068745835	0.9917508466788209
0.004693838724949198	0.9922711715558775
0.004699908381152562	0.99264536856359
0.004705978037355925	0.9928733453893416
0.0047120476935592895	0.9929550097205159
0.004718117349762654	0.9928902692444962
0.004724187005966017	0.9926790360913771
0.0047302566621693805	0.9923213393033341
0.004736326318372745	0.9918173336465879
0.004742395974576109	0.9911671800952643
0.004748465630779472	0.9903710396234893
0.004754535286982836	0.9894290732053886
0.004760604943186199	0.9883414418150883
0.0047666745993895625	0.987108306426714
0.004772744255592927	0.9857298280143914
0.004778813911796291	0.9842061675522464
0.0047848835679996544	0.9825374860144054
0.004790953224203018	0.9807239443749939
0.004797022880406381	0.9787657193652904
0.004803092536609745	0.9766631379507518
0.004809162192813109	0.9744166101798305
0.0048213015052198365	0.9694933592242669
0.0048273711614232	0.966817457867337
0.004833440817626564	0.9639992538094493
0.004845580130033292	0.9579375812462273
0.004851649786236655	0.9546949345686054
0.004857719442440019	0.9513116288454511
0.004869858754846746	0.9441247212257348
0.0048764443657659095	0.9399925414578684
0.004883029976685074	0.9356973348287447
0.004896201198523402	0.9266211744625634
0.0049225436422000585	0.9065491996293189
0.004929129253119223	0.901136139302252
0.004935714864038387	0.8955667190703789
0.004948886085876715	0.883962565055151
0.004975228529553372	0.8589241926666643
0.004981814140472536	0.8522898977081185
0.0049883997513917	0.8455079716780883
0.005001570973230028	0.8315057257497458
0.005027913416906684	0.8017806895022125
0.005080598304259996	0.7357533854718548
0.00508718391517916	0.7269106364501825
0.005093769526098324	0.7179418871090821
0.005106940747936653	0.6996329211806415
0.005133283191613309	0.6615748563231107
0.0051859680789666214	0.5800697427102723
0.005291337853673247	0.3987745043300699
0.00529748278665515	0.3875769058870099
0.005303627719637053	0.3763209734359902
0.005315917585600859	0.353640746765016
0.005340497317528472	0.30765494713392394
0.005389656781383698	0.21357762445406264
0.005487975709094149	0.0202044189193252
0.005494120642076052	0.008016560556854069
0.005500265575057955	-0.004172279536897333
0.005512555441021761	-0.028545555220165136
0.005537135172949374	-0.07722304068323071
0.0055862946368046	-0.17389020512177733
0.005684613564515051	-0.3612263069857429
0.005691274452212755	-0.37349104522065396
0.005697935339910458	-0.3856893289356623
0.005711257115305865	-0.40987783247039306
0.005737900666096679	-0.45736171439864015
0.005791187767678308	-0.548291399684461
0.005797848655376012	-0.5592398765147674
0.005804509543073715	-0.5700888502873354
0.005817831318469122	-0.5914802963364882
0.005844474869259936	-0.6329851909721259
0.005897761970841565	-0.7104850520371409
0.005904422858539269	-0.7196215097194685
0.005911083746236972	-0.7286299712479545
0.0059244055216323786	-0.7462569125920928
0.005951049072423193	-0.7799089156698341
0.005957709960120896	-0.7879794513622409
0.0059643708478186	-0.7959100043981809
0.005977692623214008	-0.8113451690813248
0.006004336174004822	-0.8404733206765566
0.006010997061702526	-0.8473853544151472
0.006017657949400229	-0.8541470235147323
0.0060309797247956355	-0.8672145418470544
0.006057623275586449	-0.891493217395458
0.006064284163284153	-0.8971692702502204
0.006070945050981856	-0.9026857460353498
0.006084266826377263	-0.9132366313150441
0.006110910377168078	-0.9323868264694876
0.00611744946447954	-0.9366844091053622
0.006123988551791004	-0.9408217916613594
0.006137066726413931	-0.9486128058571083
0.006143605813725394	-0.9522648626105686
0.006150144901036857	-0.9557536702169704
0.006163223075659783	-0.9622397063659401
0.006169762162971246	-0.9652360627512282
0.006176301250282709	-0.9680673965721983
0.006182840337594172	-0.9707332717502108
0.006189379424905635	-0.9732332522066265
0.0061959185122170985	-0.9755669018628051
0.006202457599528561	-0.9777337846401065
0.006208996686840024	-0.9797334644598913
0.006215535774151487	-0.9815655052435198
0.006222074861462951	-0.983229470912352
0.006228613948774413	-0.9847249375239874
0.006235153036085876	-0.9860516739491815
0.006241692123397339	-0.9872096032137115
0.006248231210708803	-0.9881986526387936
0.006254770298020265	-0.9890187495456436
0.006261309385331728	-0.9896698212554779
0.006267848472643191	-0.9901517950895126
0.006274387559954655	-0.9904645983689638
0.0062809266472661175	-0.9906081584150478
0.00628746573457758	-0.9905824025489806
0.0062940048218890435	-0.9903872580919783
0.006300543909200507	-0.990022652365257
0.00630708299651197	-0.989488512690033
0.006313622083823432	-0.9887848209118447
0.006320161171134896	-0.987911801963426
0.006326700258446359	-0.9868697484565491
0.006333239345757822	-0.9856589530052966
0.006339778433069284	-0.9842797082237511
0.006346317520380748	-0.9827323067259949
0.006352856607692211	-0.9810170411261108
0.006359395695003674	-0.9791342040381816
0.0063724738696266	-0.9748669858545176
0.006379012956938063	-0.9724831899869478
0.006385552044249526	-0.9699329930876636
0.006398630218872452	-0.9643347105565826
0.0064051693061839155	-0.9612876874842077
0.006411708393495379	-0.9580762707260307
0.006424786568118305	-0.9511628554846415
0.006431325655429768	-0.9474621566676145
0.006437864742741231	-0.9435996634971551
0.006450942917364158	-0.9353918934283115
0.0064574820046756215	-0.9310479161961124
0.006464021091987084	-0.9265447439428524
0.00647709926661001	-0.9170634347365861
0.006483638353921474	-0.9120868439950642
0.006490177441232936	-0.9069542424911179
0.006503255615855862	-0.8962249641357484
0.006529411965101714	-0.8729378046137025
0.006535510374475917	-0.8671631140842959
0.006541608783850119	-0.8612595569912848
0.006553805602598523	-0.849069052765045
0.006578199240095332	-0.8231793131394208
0.006626986515088949	-0.7655979488346998
0.006633084924463151	-0.7578769388411037
0.0066391833338373535	-0.7500431510325819
0.006651380152585758	-0.7340419156359106
0.0066757737900825665	-0.7007405643233097
0.0067245610650761845	-0.6292291263354737
0.006730659474450387	-0.6198551287214452
0.006736757883824589	-0.6103890214610094
0.006748954702572993	-0.5911863569253557
0.006773348340069802	-0.5517403802659832
0.00682213561506342	-0.46901594891133913
0.006919710165050655	-0.2910475513906377
0.006926324529140658	-0.2785064656597277
0.006932938893230661	-0.2659169454482743
0.006946167621410666	-0.24060140129954938
0.006972625077770675	-0.1894859067332772
0.0070255399904906955	-0.08581966196921431
0.007131369815930736	0.1231730231082744
0.007137984180020739	0.13614665472597826
0.007144598544110741	0.14909614965455145
0.007157827272290747	0.17491376995526123
0.007184284728650757	0.22616093159591338
0.007237199641370777	0.32660243402226075
0.007343029466810818	0.515392126764165
0.0073492031529635606	0.5257707521524587
0.007355376839116302	0.5360691080359771
0.0073677242114217854	0.5564186518735713
0.007392418956032752	0.5960846360915446
0.007441808445254685	0.6709528071940795
0.007447982131407427	0.6798652809085358
0.0074541558175601685	0.688673936604434
0.007466503189865652	0.7059741579502927
0.007491197934476618	0.7392693126164654
0.007540587423698552	0.8003700531802975
0.007546761109851294	0.8074698026130084
0.007552934796004035	0.8144460830376492
0.007565282168309519	0.8280242494144432
0.007589976912920485	0.8536567429494476
0.007596150599073226	0.8597419293810965
0.007602324285225968	0.865696065449655
0.007614671657531451	0.8772074353329955
0.007639366402142418	0.8986164318149931
0.00764554008829516	0.9036274647310226
0.007651713774447902	0.9085006083935027
0.007664061146753385	0.9178305858852396
0.0076702348329061275	0.9222860986782077
0.007676408519058869	0.9266010801450486
0.007688755891364352	0.9348068070277742
0.007694929577517095	0.9386962314073699
0.007701103263669836	0.942442482388261
0.0077134506359753194	0.9495028220685982
0.007719624322128061	0.952815642892323
0.007725798008280802	0.9559829516316818
0.007738145380586286	0.9618795716822698
0.007744835021454828	0.964829538905952
0.007751524662323369	0.9676069044420817
0.007758214303191911	0.9702112035432069
0.007764903944060453	0.9726419714618744
0.007771593584928995	0.9748987434506315
0.007778283225797537	0.9769810547620257
0.007784972866666079	0.978888440648604
0.0077916625075346215	0.9806204363629138
0.007798352148403164	0.9821765804231614
0.007805041789271706	0.9835565652035927
0.007811731430140248	0.9847602989628984
0.00781842107100879	0.9857877060374098
0.007825110711877331	0.9866387107634581
0.007831800352745874	0.9873132374773747
0.007838489993614417	0.9878112105154905
0.007845179634482958	0.9881325542141369
0.0078518692753515	0.9882771929096452
0.007858558916220042	0.9882450509383466
0.007865248557088584	0.9880360526365723
0.007871938197957125	0.9876501223406536
0.007878627838825668	0.9870871843869217
0.007885317479694209	0.9863472257747882
0.00789200712056275	0.9854304947575471
0.007898696761431293	0.9843373076210975
0.007905386402299836	0.983067980651235
0.007912076043168377	0.9816228301337554
0.007918765684036919	0.9800021723544539
0.007925455324905462	0.9782063235991254
0.007932144965774005	0.9762356001535658
0.007938834606642546	0.9740903183035711
0.00795221388837963	0.9692773445334559
0.007958903529248173	0.9666102851849262
0.007965593170116714	0.9637699457627662
0.007978972451853798	0.9575717251984311
0.007985662092722341	0.9542152386831759
0.007992351733590882	0.9506881005837248
0.008005731015327967	0.9431246673458161
0.00801242065619651	0.9390897710641508
0.00801911029706505	0.9348870209118745
0.008032489578802135	0.9259807567090691
0.008059248142276303	0.9061854019167485
0.008065937783144846	0.9008286002364032
0.008072627424013388	0.8953107046093245
0.008086006705750472	0.8837958843918312
0.00811276526922464	0.858879898241599
0.008119454910093183	0.8522641151254666
0.008126144550961724	0.8454957438163417
0.008139523832698808	0.8315058194434963
0.008166282396172975	0.8017516450726248
0.008172850236655278	0.794094892692584
0.008179418077137578	0.7863014285018334
0.00819255375810218	0.770309655430254
0.008218825120031387	0.7367438679186762
0.0082713678438898	0.6636165269501173
0.0082779356843721	0.6539445892789517
0.008284503524854403	0.6441599894212109
0.008297639205819007	0.6242592259059861
0.008323910567748213	0.5831803272390522
0.008376453291606625	0.49632422884840144
0.008383021132088928	0.4850626411208103
0.008389588972571228	0.47371747741435855
0.00840272465353583	0.4507845171651155
0.008428996015465037	0.4040047262257348
0.00848153873932345	0.3072439442774612
0.008586624187040275	0.10470413268497282
0.008592751349585315	0.09266647080565442
0.008598878512130356	0.08061512928618964
0.00861113283722044	0.05647862693921987
0.008635641487400602	0.008120938524206617
0.008684658787760927	-0.08852618420942066
0.008782693388481578	-0.2783081835488181
0.00878882055102662	-0.2898873865672166
0.00879494771357166	-0.3014228564850687
0.00880720203866174	-0.3243557232887663
0.008831710688841903	-0.3696210486554557
0.008880727989202229	-0.45737103910374455
0.00897876258992288	-0.6188572298599146
0.00898540570718372	-0.6290051171847508
0.00899204882444456	-0.6390418373739074
0.009005335058966243	-0.6587747093191997
0.009031907528009607	-0.6968288533726567
0.009038550645270448	-0.7060383944849068
0.009045193762531288	-0.7151231584249987
0.009058479997052971	-0.7329120842305206
0.009085052466096335	-0.7669236343386906
0.009091695583357175	-0.7750911415405325
0.009098338700618016	-0.7831216170283928
0.009111624935139699	-0.7987660955263705
0.009138197404183063	-0.8283515212607435
0.009144840521443903	-0.835385133400132
0.009151483638704746	-0.8422709917909383
0.009164769873226428	-0.8555948984093422
0.009191342342269792	-0.8804206634537136
0.009197985459530635	-0.8862410931084626
0.009204628576791475	-0.8919049175836705
0.009217914811313156	-0.9027585206143331
0.009224557928573997	-0.9079465022409392
0.009231201045834839	-0.9129741505516398
0.009244487280356522	-0.9225450902575245
0.009251130397617362	-0.9270867031688115
0.009257773514878203	-0.9314646257963969
0.009271059749399886	-0.9397260437193529
0.009277702866660728	-0.9436079429782684
0.009284345983921569	-0.9473231300368645
0.00929763221844325	-0.9542511064332838
0.00930427533570409	-0.9574627652111986
0.00931091845296493	-0.9605054506689774
0.009317561570225771	-0.9633785975266662
0.009324204687486614	-0.9660816405043113
0.009330847804747456	-0.9686140143219576
0.009337490922008296	-0.9709751843788155
0.009344134039269137	-0.9731647998871252
0.009350777156529978	-0.9751825781083449
0.009357420273790818	-0.9770282364112031
0.009364063391051659	-0.9787014921644285
0.0093707065083125	-0.9802020627367498
0.009377349625573341	-0.9815296654968961
0.009383992742834184	-0.9826840178135956
0.009390635860095024	-0.9836648370555767
0.009397278977355865	-0.9844718231918489
0.009403922094616705	-0.9851047245141347
0.009410124533940287	-0.9855385190613627
0.009416326973263866	-0.9858206274526081
0.009422529412587446	-0.9859510948569871
0.009428731851911027	-0.9859299664436154
0.009434934291234607	-0.985757287381609
0.009441136730558186	-0.9854331028400837
0.009447339169881767	-0.9849574579881553
0.009453541609205347	-0.9843303979949397
0.009459744048528927	-0.983551968029553
0.009465946487852508	-0.9826222132611107
0.009472148927176087	-0.981541178858729
0.009478351366499667	-0.9803089099928717
0.009484553805823248	-0.978925510334147
0.009490756245146828	-0.9773912932936266
0.009496958684470407	-0.9757066191330463
0.009503161123793989	-0.9738718481141416
0.00950936356311757	-0.971887340498649
0.00951556600244115	-0.9697534565483051
0.00952797088108831	-0.9650390006900056
0.00953417332041189	-0.9624591493055228
0.00954037575973547	-0.9597313626331325
0.00955278063838263	-0.9538334244715727
0.00955898307770621	-0.9506639935058763
0.00956518551702979	-0.9473480731135783
0.00957759039567695	-0.9402789317843706
0.009602400152971272	-0.9244100055275121
0.009608602592294853	-0.9200861026067793
0.009614805031618432	-0.9156208612210948
0.009627209910265593	-0.9062690232101739
0.009652019667559913	-0.8858985797789242
0.009658222106883493	-0.8804628758684088
0.009664424546207074	-0.8748916928597866
0.009676829424854233	-0.8633466929572978
0.009701639182148555	-0.8386727814747971
0.009707841621472134	-0.8321798686429127
0.009714044060795714	-0.825559083531058
0.009726448939442875	-0.8119376998765029
0.009751258696737194	-0.7832038716159465
0.009800878211325836	-0.7200364658518105
0.009806958850263177	-0.711795917190076
0.009813039489200516	-0.7034501311217504
0.009825200767075194	-0.6864475784504409
0.009849523322824554	-0.6512358064570297
0.00989816843432327	-0.576288233860633
0.009995458657320707	-0.410834054538856
0.010001539296258046	-0.39991137741390403
0.010007619935195385	-0.38892975250834694
0.010019781213070065	-0.36679627353582217
0.010044103768819423	-0.3218946982080015
0.010092748880318142	-0.22992465234059817
0.010190039103315576	-0.04039177726274922
0.010196635696968716	-0.027406238304439702
0.010203232290621856	-0.01441619133617631
0.010216425477928136	0.01156839043392352
0.010242811852540697	0.06349223675075927
0.010295584601765818	0.16665307890084619
0.010401130100216057	0.36623546931212075
0.010407726693869197	0.37825629613999534
0.010414323287522339	0.39021107944642835
0.010427516474828619	0.413914160203742
0.010453902849441178	0.4604363869735688
0.010506675598666297	0.5494983700038334
0.010513272192319437	0.5602197148023822
0.010519868785972577	0.570843384809357
0.010533061973278857	0.5917903128670394
0.010559448347891418	0.6324310930800223
0.010612221097116539	0.7083125981755736
0.010618377012832417	0.7166651995788786
0.010624532928548296	0.7249090522930944
0.010636844759980056	0.7410655893994971
0.010661468422843573	0.772019555995141
0.010667624338559452	0.7794678821331008
0.01067378025427533	0.7867979224471381
0.010686092085707088	0.8010988585439007
0.010710715748570606	0.8282341431953684
0.010716871664286486	0.8347061955928655
0.010723027580002365	0.8410515465124709
0.010735339411434123	0.8533585448547499
0.010759963074297638	0.8764125342390916
0.010766118990013517	0.88184578145753
0.010772274905729396	0.8871451431870466
0.010784586737161156	0.8973392112482255
0.010809210400024673	0.9160888498863191
0.010815366315740552	0.9204307651929668
0.01082152223145643	0.9246330630863545
0.010833834062888188	0.9326160311525628
0.010839989978604067	0.93639553504352
0.010846145894319946	0.940033042357734
0.010858457725751705	0.946880053480463
0.010864613641467586	0.9500885504012428
0.010870769557183465	0.9531530369698085
0.010883081388615223	0.9588479652748297
0.010889237304331102	0.9614774062719944
0.01089539322004698	0.9639609452448216
0.010907705051478738	0.9684891481482233
0.010913860967194617	0.9705332321969667
0.010920016882910496	0.9724302513891846
0.010926172798626375	0.9741799157839611
0.010932328714342255	0.9757819354403813
0.010938484630058136	0.9772360204175291
0.010944640545774015	0.9785418807744887
0.010950796461489894	0.9796992517169598
0.010956952377205773	0.9807080108030759
0.010963108292921651	0.9815680856002905
0.01096926420863753	0.9822794037300728
0.01097542012435341	0.9828418928138916
0.010981576040069288	0.9832554804732155
0.010987731955785167	0.9835200943295138
0.010993887871501046	0.9836356620042551
0.011000043787216925	0.9836021111189085
0.011006199702932805	0.9834193696478102
0.011012871573364485	0.9830528350225828
0.011019543443796163	0.9825112084927354
0.011026215314227842	0.9817946761445806
0.011032887184659522	0.9809034240644311
0.011039559055091202	0.9798376383385996
0.011046230925522881	0.9785975050533988
0.01105290279595456	0.9771832102951414
0.01105957466638624	0.9755949401501403
0.01106624653681792	0.9738328816331011
0.0110729184072496	0.9718973127132874
0.01107959027768128	0.9697886773654804
0.011086262148112959	0.9675074372171648
0.011092934018544639	0.9650540538958259
0.011099605888976318	0.9624289890289487
0.011112949629839677	0.9566656611685191
0.011119621500271357	0.9535283214299368
0.011126293370703037	0.9502211485470524
0.011139637111566396	0.9430997194755248
0.011146308981998075	0.939286912100056
0.011152980852429755	0.9353070169243617
0.011166324593293114	0.9268488854510305
0.011172996463724794	0.9223721102927603
0.011179668334156474	0.9177311696129984
0.011193012075019833	0.907959770631453
0.01121969955674655	0.8864853107564343
0.01122637142717823	0.8807201711453796
0.011233043297609907	0.8747984496181315
0.011246387038473266	0.8624893166964976
0.011273074520199985	0.8360376777798292
0.011279746390631664	0.8290498077972176
0.011286418261063344	0.8219145505073235
0.011299762001926703	0.8072070865222035
0.011326449483653422	0.7760808485462468
0.011333121354085101	0.767950418107301
0.011339793224516781	0.759683302106903
0.01135313696538014	0.7427452760701209
0.011379824447106859	0.7072978862509534
0.011433199410560294	0.6304744016041903
0.011439749480605731	0.6205347020919363
0.01144629955065117	0.6104887897608091
0.011459399690742049	0.590085125013305
0.011485599970923806	0.5480785528389479
0.01153800053128732	0.4596817784135772
0.011642801652014343	0.26882363717690094
0.011852403893468392	-0.139138590762046
0.01185851328557657	-0.15100899042908525
0.011864622677684747	-0.16285664397012775
0.011876841461901103	-0.18647662939125564
0.011901279030333816	-0.2333657514571113
0.011950154167199242	-0.32535120849725674
0.01195626355930742	-0.33664777827601644
0.011962372951415598	-0.34789381879201464
0.011974591735631954	-0.3702276922806181
0.011999029304064667	-0.41421680388682836
0.012047904440930093	-0.49911509965933587
0.012054013833038271	-0.509407574130774
0.012060123225146449	-0.5196238628937786
0.012072342009362805	-0.5398217881640588
0.012096779577795518	-0.5792363813749646
0.012145654714660944	-0.6538156422632058
0.012151764106769122	-0.6627124987571117
0.0121578734988773	-0.6715101736012391
0.012170092283093657	-0.6888026604348512
0.01219452985152637	-0.7221418075777173
0.012243404988391795	-0.7835643537832859
0.012250030335215774	-0.7913261286498903
0.012256655682039753	-0.7989488970639862
0.012269906375687709	-0.8137721381225892
0.012296407762983623	-0.8416925517438693
0.012303033109807602	-0.8483056616417375
0.012309658456631581	-0.8547697087013766
0.012322909150279537	-0.8672462288093612
0.012349410537575451	-0.8903623860794159
0.01235603588439943	-0.8957526994135087
0.012362661231223409	-0.9009856740207193
0.012375911924871365	-0.9109760132743322
0.012382537271695342	-0.9157315810306538
0.012389162618519321	-0.9203262167016417
0.01240241331216728	-0.9290294776695088
0.012409038658991258	-0.933136703050134
0.012415664005815237	-0.9370800687820784
0.012428914699463193	-0.9444724525604975
0.01243554004628717	-0.9479200862372595
0.01244216539311115	-0.9512011230828589
0.012455416086759107	-0.9572613693388744
0.012462041433583086	-0.9600396196591843
0.012468666780407065	-0.9626493153818921
0.012475292127231044	-0.9650899769626456
0.012481917474055021	-0.9673611248570916
0.012488542820878999	-0.9694622915297503
0.012495168167702977	-0.971393136789938
0.012501793514526956	-0.9731533971031858
0.012508418861350935	-0.9747428099848541
0.012515044208174914	-0.976161112950303
0.012521669554998893	-0.9774080435148927
0.012528294901822872	-0.9784833391939837
0.01253492024864685	-0.9793867402639526
0.012541545595470827	-0.980118081274181
0.012548170942294806	-0.9806773121660797
0.012554796289118784	-0.9810643899197624
0.012561421635942763	-0.9812792715153426
0.012568046982766742	-0.981321913932934
0.012574672329590721	-0.9811922741526503
0.0125812976764147	-0.9808903092851413
0.012587923023238677	-0.9804160320413957
0.012594548370062655	-0.9797695969507894
0.012601173716886634	-0.9789511808262225
0.012607799063710613	-0.9779609604805954
0.012614424410534592	-0.9767991127268089
0.01262104975735857	-0.975465814377763
0.01262767510418255	-0.9739612422463585
0.012634300451006528	-0.9722855445086932
0.012640925797830506	-0.9704390110149911
0.012647551144654483	-0.9684220869718163
0.012654176491478462	-0.966235218830612
0.01266742718512642	-0.9613534360598909
0.012673611854013138	-0.9588438297271701
0.012679796522899855	-0.9561876650179482
0.01269216586067329	-0.9504371131091043
0.012698350529560008	-0.9473434522290325
0.012704535198446724	-0.9441047083593692
0.01271690453622016	-0.9371942323404484
0.012723089205106878	-0.9335237353522932
0.012729273873993596	-0.9297105559859524
0.012741643211767031	-0.9216586209415474
0.012766381887313901	-0.9038697413656746
0.01277256655620062	-0.8990750823374569
0.012778751225087336	-0.894142772294503
0.012791120562860771	-0.8838686004508766
0.012815859238407643	-0.8617061220786193
0.012822043907294361	-0.8558342394982333
0.012828228576181079	-0.8498315711761943
0.012840597913954513	-0.8374373162137109
0.012865336589501383	-0.8111192993814269
0.012871521258388101	-0.8042273132101176
0.01287770592727482	-0.7972125028129872
0.012890075265048255	-0.7828187464764331
0.012914813940595125	-0.7526050526334115
0.012964291291688867	-0.6867353682947512
0.012970475960575585	-0.6780162255399523
0.012976660629462303	-0.6691934984733946
0.012989029967235737	-0.6512424561337347
0.013013768642782607	-0.6141572872219538
0.013063245993876349	-0.5355821173447017
0.013069308862376824	-0.5255778305942158
0.013075371730877302	-0.5154964412226906
0.013087497467878257	-0.4951084220718179
0.013111748941880167	-0.45347389432579766
0.013160251889883984	-0.36711402019251105
0.013257257785891617	-0.1849222861568353
0.013263320654392095	-0.17323390716662274
0.013269383522892572	-0.16152026646434403
0.013281509259893525	-0.13802401339974785
0.013305760733895434	-0.0908041768546663
0.013354263681899252	0.00415407497282453
0.013451269577906887	0.19301974697373814
0.013457848401123164	0.2056428023454596
0.013464427224339442	0.2182299873541743
0.013477584870771997	0.24328814395786497
0.013503900163637107	0.29287938723736895
0.013556530749367328	0.3894813646460433
0.013563109572583606	0.40127380431701876
0.013569688395799882	0.41299661800795245
0.013582846042232439	0.4362252694881931
0.013609161335097548	0.48175798300071176
0.013661791920827768	0.5686859962126051
0.013668370744044044	0.5791277542490775
0.013674949567260323	0.5894690893629878
0.013688107213692877	0.6098431149467031
0.013714422506557987	0.6493064873236749
0.013721001329774263	0.6588950106683772
0.013727580152990542	0.6683693777877937
0.013740737799423097	0.6869691878478483
0.013767053092288208	0.7227279227324819
0.013773631915504486	0.731358007608852
0.013780210738720763	0.7398610680204114
0.01379336838515332	0.756480619617784
0.013819683678018429	0.7881359140908343
0.013872314263748648	0.8448123066011591
0.013878452409027665	0.8508235780754017
0.013884590554306681	0.856706578615627
0.013896866844864714	0.8680842616471368
0.013921419425980781	0.8892618975661033
0.013927557571259797	0.8942227989247413
0.013933695716538814	0.899048864559605
0.013945972007096848	0.9082937393863664
0.013970524588212914	0.9251352183665588
0.013976662733491931	0.9289982163542665
0.013982800878770947	0.9327210662603397
0.01399507716932898	0.9397443653358234
0.014001215314607997	0.9430438362662414
0.014007353459887014	0.9462012026324482
0.014019629750445047	0.952087665194243
0.014025767895724062	0.9548157831508385
0.01403190604100308	0.9573998448321124
0.014038044186282097	0.9598394664491705
0.014044182331561114	0.9621343597897503
0.014050320476840131	0.9642842404130578
0.014056458622119147	0.9662888238782984
0.014062596767398163	0.9681478257446788
0.01406873491267718	0.9698609615714054
0.014074873057956197	0.9714279469176837
0.014081011203235213	0.9728484973427193
0.014087149348514228	0.9741223284397114
0.014093287493793245	0.9752492018914355
0.014099425639072263	0.9762290163778319
0.01410556378435128	0.9770616959042753
0.014111701929630297	0.9777471644761404
0.014117840074909313	0.978285346098802
0.014123978220188328	0.978676164777635
0.014130116365467345	0.9789195445180141
0.014136254510746363	0.9790154093253141
0.01414239265602538	0.9789636832049097
0.014148530801304397	0.9787643011506455
0.014154668946583413	0.9784173197880255
0.014160807091862428	0.9779228714074795
0.014166945237141446	0.9772810894401753
0.014173083382420463	0.9764921073172808
0.01417922152769948	0.9755560584699638
0.014185359672978497	0.9744730763293924
0.014191497818257513	0.9732432943267346
0.014197635963536528	0.9718668458931581
0.014203774108815546	0.9703438650701537
0.014209912254094563	0.968674552768613
0.01421605039937358	0.9668592360479397
0.014222188544652598	0.9648982559443062
0.014228326689931613	0.962791953493886
0.014240602980489646	0.9581447456973734
0.014246741125768663	0.9556045224236263
0.01425287927104768	0.9529203409477822
0.014265155561605713	0.947121463190814
0.014271809661600531	0.9437393262442482
0.014278463761595347	0.940190066739266
0.01429177196158498	0.9325930667074045
0.014298426061579796	0.9285467695072022
0.014305080161574614	0.9243362364019357
0.014318388361564249	0.915425349129569
0.014325042461559065	0.9107264382891458
0.014331696561553883	0.9058661783008595
0.014345004761543517	0.8956649890467553
0.014371621161522786	0.8733683494934243
0.014378275261517602	0.8674055252256975
0.01438492936151242	0.8612892832079271
0.014398237561502054	0.848600641925695
0.014424853961481321	0.8214294031569794
0.014478086761439857	0.7601977872747288
0.014484740861434673	0.7519236767605104
0.014491394961429491	0.7435165253648928
0.014504703161419125	0.7263093444126328
0.014531319561398392	0.6903671812461666
0.014584552361356928	0.6127303000070845
0.014691017961274	0.4376392216100762
0.014697231383331556	0.4267300633716946
0.014703444805389113	0.4157551926511049
0.014715871649504223	0.39361522292294016
0.014740725337734448	0.34862273443600666
0.014790432714194897	0.2561771574752417
0.014889847467115795	0.06467694743054656
0.014896060889173352	0.0525460401573763
0.014902274311230907	0.04040722981884681
0.01491470115534602	0.01611342152357026
0.014939554843576244	-0.03248630377452205
0.014989262220036693	-0.12931439190056596
0.015088676972957592	-0.31815297933707665
0.015094768594628907	-0.3293883039602109
0.015100860216300223	-0.3405745789491925
0.015113043459642855	-0.36279332346845977
0.015137409946328118	-0.4065689985145351
0.015186142919698642	-0.4911124538583191
0.015192234541369958	-0.5013679565889135
0.015198326163041273	-0.5115488468146308
0.015210509406383903	-0.5316805691988377
0.015234875893069166	-0.5709822676810866
0.015283608866439691	-0.6454219675434413
0.015289700488111006	-0.6543091068115181
0.015295792109782323	-0.6630988649541664
0.015307975353124954	-0.6803813042057227
0.015332341839810217	-0.7137233389717766
0.015338433461481532	-0.7217968936342958
0.015344525083152849	-0.7297631998564978
0.01535670832649548	-0.7453691333224975
0.015381074813180743	-0.7752413165682783
0.015387166434852058	-0.7824240656262873
0.015393258056523374	-0.7894906395862369
0.015405441299866006	-0.8032711498422425
0.015429807786551269	-0.8293928331107353
0.015435899408222584	-0.8356173976888436
0.0154419910298939	-0.8417176871347081
0.015454174273236532	-0.8535421606244774
0.015478540759921793	-0.8756634939651086
0.015485148336308908	-0.8813057909020444
0.015491755912696026	-0.8867940033301819
0.015504971065470257	-0.8973042368161614
0.015511578641857373	-0.9023245688220579
0.015518186218244488	-0.9071872817955972
0.01553140137101872	-0.9164365630243674
0.015538008947405835	-0.92082148746898
0.01554461652379295	-0.9250455052599987
0.015557831676567184	-0.9330076168808716
0.0155644392529543	-0.9367443781800507
0.015571046829341417	-0.9403175032532665
0.015584261982115648	-0.9469705410668707
0.015590869558502763	-0.9500493019797939
0.015597477134889879	-0.9529621230118202
0.015604084711276996	-0.9557084282492172
0.015610692287664112	-0.9582876502823595
0.015617299864051228	-0.9606993563274715
0.015623907440438345	-0.9629432209977188
0.015630515016825462	-0.9650189218852996
0.015637122593212576	-0.9669261365824116
0.01564373016959969	-0.9686645426812546
0.015650337745986807	-0.970233817774028
0.015656945322373925	-0.9716336394529296
0.015663552898761042	-0.972863685310158
0.01567016047514816	-0.9739236647115073
0.015676768051535273	-0.9748134565943256
0.015683375627922387	-0.9755329962184032
0.015689983204309504	-0.9760822188805324
0.015696590780696622	-0.9764610598775043
0.015703198357083736	-0.9766694545061111
0.01570980593347085	-0.9767073380631447
0.015716413509857967	-0.9765746458453969
0.015723021086245084	-0.9762713136237673
0.0157296286626322	-0.9757973539782632
0.01573623623901932	-0.9751529404622183
0.015742843815406433	-0.97433826688386
0.015749451391793547	-0.9733535270514148
0.015756058968180664	-0.9721989147731084
0.01576266654456778	-0.9708746238571682
0.0157692741209549	-0.9693808481118208
0.015775881697342016	-0.967717781345293
0.01578248927372913	-0.9658856240935867
0.015789096850116244	-0.9638847058867825
0.01579570442650336	-0.9617154723149256
0.01580231200289048	-0.9593783731012504
0.015808919579277592	-0.9568738579689924
0.015822134732051824	-0.9513643788416575
0.01582874230843894	-0.9483603142930481
0.015835349884826058	-0.9451906327187896
0.01584856503760029	-0.9383563535831456
0.015855172613987403	-0.9346930832427934
0.01586178019037452	-0.9308666974214914
0.015874995343148755	-0.9227274957776722
0.015901425648697218	-0.904523787576577
0.015907592547147072	-0.899910892934198
0.015913759445596927	-0.8951609971567496
0.015926093242496636	-0.8852534263313764
0.015950760836296058	-0.863830484259559
0.015956927734745913	-0.8581446479570213
0.01596309463319577	-0.8523284368160085
0.01597542843009548	-0.8403082209692972
0.0160000960238949	-0.8147415237260242
0.016006262922344753	-0.8080377986108173
0.016012429820794608	-0.801211364370682
0.01602476361769432	-0.7871945917845503
0.016049431211493742	-0.7577349930713605
0.016098766399092582	-0.6933650724669888
0.016104933297542437	-0.6848319343453889
0.016111100195992295	-0.676194788077603
0.016123433992892004	-0.6586135028638241
0.016148101586691423	-0.6222607206927109
0.016197436774290266	-0.5451145603492393
0.016296107149487947	-0.37575037591984656
0.016302790002653604	-0.36367622659530346
0.016309472855819258	-0.35153740569372394
0.01632283856215057	-0.3270743790744737
0.01634956997481319	-0.2774674375867223
0.016403032800138436	-0.17603104754748589
0.016509958450788925	0.03164292218505638
0.016516641303954582	0.044671165310555
0.016523324157120236	0.05769117519596023
0.016536689863451547	0.083697196287182
0.016563421276114168	0.13550813789879984
0.01661688410143941	0.23780891204904273
0.0167238097520899	0.433076130648153
0.01673037080486932	0.4444999758389462
0.016736931857648733	0.45584710476300544
0.016750053963207563	0.4783034899438246
0.016776298174325223	0.5222107025664544
0.016828786596560542	0.6055812192493228
0.016835347649339957	0.6155511310409543
0.016841908702119372	0.6254148932034839
0.016855030807678202	0.6448169637437804
0.016881275018795862	0.682272205049252
0.01693376344103118	0.7514406481059316
0.016940324493810596	0.7595186167842354
0.01694688554659001	0.7674655645475612
0.01696000765214884	0.7829612804455027
0.0169862518632665	0.812324175540112
0.016992812916045916	0.8193181587121587
0.01699937396882533	0.8261708872016752
0.01701249607438416	0.8394475724363206
0.01703874028550182	0.8642559287060958
0.017045301338281235	0.8700884515202787
0.01705186239106065	0.8757710818351195
0.01706498449661948	0.8866825351083705
0.017071545549398895	0.8919093885103541
0.01707810660217831	0.8969825324227431
0.01709122870773714	0.9066644688596694
0.017097789760516555	0.9112716499246729
0.01710435081329597	0.9157218985810138
0.0171174729188548	0.9241483757486403
0.017124033971634214	0.9281230083026928
0.01713059502441363	0.931937660273001
0.017143717129972463	0.9390847479221781
0.017149837504814615	0.9421973748968206
0.01715595787965677	0.9451688452475375
0.017168198629341082	0.9506864715754134
0.017174319004183237	0.9532317053016848
0.01718043937902539	0.9556339504204726
0.017192680128709698	0.9600082243386974
0.017198800503551853	0.9619797278072093
0.017204920878394005	0.9638071258588378
0.017211041253236158	0.965490156176223
0.017217161628078313	0.9670285564420046
0.01722328200292047	0.9684220643388204
0.01722940237776262	0.9696704175493085
0.017235522752604773	0.970773356739906
0.01724164312744693	0.9717307124706182
0.017247763502289085	0.9725424188489719
0.017253883877131237	0.9732084157134363
0.01726000425197339	0.9737286429024814
0.017266124626815545	0.9741030402545768
0.0172722450016577	0.9743315476081917
0.017278365376499853	0.9744141048017956
0.017284485751342005	0.974350651673858
0.01729060612618416	0.9741411282242083
0.017296726501026316	0.9737855277406612
0.017302846875868468	0.9732839735086506
0.01730896725071062	0.9726366082635985
0.017315087625552776	0.9718435747409265
0.017321208000394932	0.9709050156760572
0.017327328375237087	0.9698210738044127
0.017333448750079243	0.9685918918614151
0.017339569124921395	0.9672176125824875
0.017345689499763547	0.9656983787030513
0.017351809874605703	0.9640343566435642
0.01735793024944786	0.9622258445932935
0.017364050624290014	0.9602731862664292
0.01737017099913217	0.9581767254195418
0.017376291373974322	0.9559368058092035
0.01738853212365863	0.9510279653244518
0.017394652498500786	0.9483597319631798
0.017400772873342938	0.94554941486474
0.017413013623027246	0.9395039501105378
0.0174191339978694	0.9362697675914963
0.017425254372711554	0.9328953682786334
0.01743749512239586	0.9257281782942748
0.017443615497238017	0.9219365171341982
0.01744973587208017	0.9180068982031392
0.017461976621764477	0.909736046050904
0.017486458121133093	0.8915640076049537
0.01749257849597525	0.8866852375023028
0.0174986988708174	0.8816737309900194
0.01751093962050171	0.8712557074250735
0.017535421119870328	0.8488620089533768
0.01754205744942828	0.8424390359582414
0.017548693778986234	0.835867609599434
0.017561966438102143	0.8222841609260299
0.017588511756333962	0.7933911830125119
0.0176416023927976	0.728993953617394
0.017648238722355554	0.7203516267243892
0.01765487505191351	0.7115826748808771
0.017668147711029418	0.6936710984490988
0.017694693029261237	0.6563967113963113
0.017747783665724874	0.5764173489454214
0.01775441999528283	0.5659451771200682
0.017761056324840784	0.5553734102906049
0.017774328983956693	0.5339385677453777
0.01780087430218851	0.4899583646380077
0.017853964938652146	0.3979952486691056
0.017960146211579417	0.2017517223893027
0.017966341863200112	0.18993480744545688
0.017972537514820804	0.17808892075401161
0.01798492881806219	0.1543174968287264
0.018009711424544966	0.10650762382870727
0.018059276637510516	0.010232167592616206
0.018158407063441614	-0.18163114990712584
0.01816460271506231	-0.19346155673001586
0.018170798366683002	-0.2052620667014615
0.01818318966992439	-0.22876613714445182
0.018207972276407164	-0.27533566913044605
0.018257537489372713	-0.3663226605046035
0.01835666791530381	-0.5366094373021
0.01836274176653826	-0.5464218586690203
0.01836881561777271	-0.5561534420965608
0.018380963320241618	-0.5753685385600099
0.01840525872517943	-0.6127675539060509
0.018453849535055057	-0.6831324600720132
0.01845992338628951	-0.691487014656714
0.018465997237523964	-0.6997394724401014
0.01847814493999287	-0.7159332358717814
0.018502440344930683	-0.7470421220966185
0.01855103115480631	-0.8038916364944314
0.018557105006040762	-0.8104744325625358
0.018563178857275216	-0.8169375381303582
0.018575326559744122	-0.829500620693251
0.018599621964681935	-0.8531485030811853
0.01860569581591639	-0.8587476786087771
0.018611769667150842	-0.8642200990348737
0.018623917369619748	-0.8747814003860344
0.01864821277455756	-0.8943473926967873
0.018654286625792015	-0.8989104251630232
0.018660360477026468	-0.9033407851936065
0.018672508179495374	-0.9118009360715702
0.018678582030729828	-0.9158294509808284
0.01868465588196428	-0.9197227415781891
0.018696803584433187	-0.9271011407991406
0.01870287743566764	-0.9305851828492065
0.018708951286902094	-0.9339318469800398
0.018721098989371	-0.9402112450899887
0.018727172840605454	-0.943143080872094
0.018733246691839907	-0.9459357423409465
0.01874539439430881	-0.9511017459448712
0.018751984200259066	-0.9536692488115751
0.018758574006209318	-0.9560709543962148
0.01876516381215957	-0.9583065370635008
0.018771753618109822	-0.96037567186806
0.018778343424060075	-0.9622780338645197
0.01878493323001033	-0.9640132981075079
0.018791523035960586	-0.9655811396516506
0.01879811284191084	-0.9669812335515743
0.01880470264786109	-0.9682132548946869
0.018811292453811343	-0.9692769335590755
0.018817882259761595	-0.9701721658909401
0.01882447206571185	-0.9708988797243607
0.018831061871662107	-0.9714570028934165
0.01883765167761236	-0.971846463232187
0.01884424148356261	-0.9720671885747524
0.018850831289512864	-0.9721191067551921
0.018857421095463116	-0.9720021456075859
0.01886401090141337	-0.9717162365905828
0.018870600707363627	-0.9712614231565292
0.01887719051331388	-0.9706378794261975
0.018883780319264132	-0.969845786907699
0.018890370125214384	-0.968885327109145
0.018896959931164636	-0.9677566815386468
0.018903549737114892	-0.9664600317043149
0.018910139543065148	-0.9649955591142614
0.0189167293490154	-0.9633634452765983
0.018923319154965652	-0.9615638922986105
0.018929908960915905	-0.9595972598522278
0.018936498766866157	-0.9574639803273954
0.018943088572816413	-0.9551644865024439
0.01895626818471692	-0.9500685870655148
0.018962857990667173	-0.9472730470102009
0.01896944779661743	-0.9443130237680942
0.018982627408517937	-0.9379012651350292
0.01898921721446819	-0.9344506118457876
0.01899580702041844	-0.9308376979687617
0.01900898663231895	-0.923127921723621
0.019015576438269205	-0.9190324759916392
0.019022166244219457	-0.9147776029441413
0.019035345856119962	-0.9057924081748573
0.019061705079920978	-0.8859406846712049
0.01906829488587123	-0.8805908483570056
0.019074884691821486	-0.8750882290056898
0.019088064303721994	-0.8636286435003275
0.019114423527523006	-0.8389201014389208
0.019121013333473262	-0.8323760240507981
0.019127603139423514	-0.8256873204030841
0.01914078275132402	-0.8118811122773476
0.019167141975125035	-0.7825891225561534
0.019173291103138028	-0.7754404574053587
0.01917944023115102	-0.7681746486956612
0.019191738487177007	-0.7532957403626531
0.019216334999228975	-0.7221807413250745
0.019265528023332916	-0.6547975420142784
0.01927167715134591	-0.6459157727529141
0.019277826279358902	-0.6369364444467698
0.019290124535384888	-0.6186907451075514
0.019314721047436856	-0.5810906163732719
0.019363914071540797	-0.5017747815859495
0.01937006319955379	-0.49150364410634495
0.019376212327566783	-0.4811584200384224
0.01938851058359277	-0.46025193124810837
0.019413107095644738	-0.4176184433733917
0.019462300119748678	-0.32943516219290814
0.019560686167956563	-0.14443356873955362
0.019567550440204688	-0.1312356740363116
0.019574414712452817	-0.1180133277389295
0.019588143256949075	-0.09150527261629099
0.019615600345941585	-0.038305658041209736
0.019670514523926604	0.06826630462334562
0.019780342879896648	0.2776161456849362
0.019787207152144777	0.2903570891235347
0.019794071424392903	0.30304304635880164
0.019807799968889157	0.3282405648870696
0.01983525705788167	0.37787195684844244
0.019890171235866692	0.47355776164330854
0.01989703550811482	0.4851392752162675
0.019903899780362947	0.49662916800470214
0.019917628324859202	0.5193252743848211
0.019945085413851715	0.56352281984671
0.01995194968609984	0.5743113150314519
0.01995881395834797	0.584991348519633
0.019972542502844227	0.606017916645893
0.019979406775092357	0.6163605429582124
0.019986271047340482	0.6265868200829814
0.019993135319588608	0.6366948151286902
0.019999999591836737	0.6466825952038286