5.10204081632653e-7	7.816318581878876e-7
0.00766794801399067	0.011701292336022077
0.015335385823899707	0.02330606505569252
0.030670261443717782	0.04620655053485051
0.06134001268335393	0.09062925689937697
0.06900745049326296	0.10142041802297812
0.076674888303172	0.11207710556984597
0.09200976392299007	0.1329714142698712
0.12267951516262622	0.1729829675959389
0.13034695297253526	0.18259676262837196
0.1380143907824443	0.1920492137426509
0.15334926640226237	0.21045966213643905
0.1840190176418985	0.2452411807430328
0.19168645545180757	0.25350064704479613
0.1993538932617166	0.26158254557329164
0.21468876888153465	0.2772087551635649
0.24535852012117082	0.3062828698841055
0.25302595793107985	0.31309345902586766
0.26069339574098893	0.3197200055044717
0.276028271360807	0.3324205894627996
0.283695709170716	0.3384944473112466
0.29136314698062504	0.34438415259403704
0.3066980226004431	0.3556127810934141
0.3143654604103521	0.360952558542074
0.32203289822026115	0.36610999103026615
0.33736777384007927	0.37588124101193626
0.36803752507971543	0.39327573908478025
0.37570496288962446	0.3971836152466159
0.3833724006995335	0.40091779189839666
0.39870727631935154	0.40787105130496076
0.4063747141292606	0.4110934419766441
0.4140421519391696	0.41414855421642527
0.4293770275589877	0.41976399884997684
0.43704446536889674	0.4223282086562609
0.4447119031788058	0.42473269309364475
0.45237934098871485	0.4269794199737038
0.4600467787986239	0.42907048996981056
0.4677142166085329	0.4310081323234519
0.47538165441844193	0.43279458117993447
0.48304909222835096	0.4344320706845647
0.49071653003826	0.4359228366799136
0.4990289112429194	0.43737595071713975
0.5073412924475789	0.4386624846130034
0.5156536736522384	0.4397855757631093
0.5239660548568978	0.44074836156306224
0.5322784360615573	0.44155398235345367
0.5405908172662168	0.44220567297853447
0.5489031984708763	0.4427067686902467
0.5572155796755358	0.44306060809015524
0.5655279608801953	0.4432705297798251
0.5738403420848548	0.44333987633614913
0.5821527232895143	0.44327205906213596
0.5904651044941737	0.443070535769643
0.598777485698833	0.4427387635991708
0.6070898669034925	0.44228019969121996
0.615402248108152	0.44169830538720123
0.6237146293128115	0.4409965779810509
0.632027010517471	0.44017851983041106
0.6403393917221305	0.4392476313049909
0.64865177292679	0.43820741277449965
0.6569641541314495	0.43706136760813735
0.665276535336109	0.43581299782021676
0.6735889165407685	0.43446578151717874
0.6902136789500873	0.4314887142642982
0.6985260601547467	0.4298658155061788
0.7068384413594062	0.42815793413461944
0.7234632037687252	0.4245007987827856
0.7567127285873632	0.4163156598351472
0.7650251097920227	0.41410723524343207
0.7733374909966821	0.4118404517016007
0.789962253406001	0.40714475697931163
0.8232117782246389	0.39719159055268743
0.8897108278619147	0.3757007931728808
1.0227089271364662	0.3310283931942738
1.0304704609195494	0.3284970956865599
1.0382319947026328	0.32598375141325037
1.0537550622687997	0.32101587787039515
1.0848011974011333	0.3113496107343939
1.0925627311842168	0.30899566356155334
1.1003242649673002	0.30666874918710896
1.1158473325334668	0.3020999395987045
1.1468934676658002	0.293327209227266
1.1546550014488837	0.2912143656993171
1.162416535231967	0.2891350801799545
1.177939602798134	0.28508000077503204
1.2089857379304674	0.2773987880091778
1.2167472717135506	0.2755704508151469
1.224508805496634	0.2737797824171021
1.2400318730628008	0.2703130470898802
1.2710780081951345	0.263844366900839
1.278839541978218	0.26232518738768795
1.2866010757613013	0.2608455994149862
1.302124143327468	0.2580055267910234
1.3098856771105511	0.25664502405345946
1.3176472108936346	0.2553241930706213
1.3331702784598014	0.2528014944844651
1.3409318122428848	0.2515996008976209
1.3486933460259682	0.25043728227729156
1.364216413592135	0.2482306567555444
1.3952625487244685	0.24428409811434373
1.4030240825075517	0.24339355193564785
1.4107856162906351	0.24254093401478471
1.426308683856802	0.240948140586803
1.4340702176398854	0.24020729408560496
1.4418317514229688	0.2395030337302158
1.4573548189891357	0.23820292345227737
1.465116352772219	0.23760632349108354
1.4728778865553025	0.2370447778749251
1.480639420338386	0.236517840327804
1.488400954121469	0.2360250645737223
1.4961624879045523	0.23556600433668193
1.5039240216876357	0.23514021334068483
1.5116855554707191	0.23474724407586003
1.5194470892538026	0.23438661042779177
1.5270563725540853	0.23406393561063749
1.534665655854368	0.23377134139806746
1.5422749391546509	0.2335083329818556
1.5498842224549336	0.23327441555377582
1.5574935057552164	0.233069094305602
1.5651027890554992	0.23289187442910808
1.572712072355782	0.23274224830043447
1.580321355656065	0.23261967645473675
1.587930638956348	0.232523617675777
1.5955399222566307	0.2324535307566955
1.6031492055569134	0.23240887449063258
1.6107584888571962	0.2323891076707285
1.618367772157479	0.23239368909012362
1.6259770554577617	0.23242207503324705
1.6335863387580445	0.2324737040259338
1.6411956220583273	0.2325480127808168
1.64880490535861	0.2326444387836078
1.6564141886588928	0.23276241952001858
1.6640234719591755	0.23290139247576078
1.6716327552594583	0.23306079513654618
1.679242038559741	0.23324006483271947
1.6868513218600238	0.2334386328862622
1.6944606051603066	0.23365593401857726
1.7020698884605896	0.23389140630352256
1.7096791717608726	0.23414448781495603
1.7172884550611554	0.2344146166267356
1.7325070216617209	0.2350037684467648
1.7401163049620036	0.23532166914589348
1.7477255882622864	0.23565438206107336
1.762944154862852	0.2363620550997646
1.7705534381631347	0.2367359204992012
1.7781627214634175	0.23712241005028695
1.793381288063983	0.23793113273851324
1.8238184212651143	0.2396768034927267
1.8846926876673766	0.24356737446257304
2.0064412204719013	0.2521216293693928
2.0146954471669343	0.2527073569400313
2.0229496738619677	0.25329129485932406
2.0394581272520345	0.25445217522499425
2.072475034032167	0.25673532099432633
2.138508847592433	0.26107244202068425
2.146763074287466	0.2615874252743001
2.1550173009824993	0.26209554081180086
2.171525754372566	0.26309024732148895
2.204542661152699	0.26498817106479905
2.212796887847732	0.26544255005582584
2.221051114542765	0.2658885845174634
2.2375595679328315	0.26675509620889
2.2705764747129646	0.2683824890109696
2.2788307014079976	0.2687667971424092
2.287084928103031	0.269141934787019
2.303593381493098	0.26986439740020113
2.311847608188131	0.27021161756253365
2.320101834883164	0.2705494627612852
2.3366102882732305	0.27119693737912165
2.344864514968264	0.27150652135374453
2.353118741663297	0.2718066400900625
2.369627195053363	0.27237850231622107
2.4026441018334963	0.27340940687170434
2.4108983285285293	0.2736437783608954
2.4191525552235627	0.2738688928857861
2.4356610086136294	0.2742916078156619
2.443915235308663	0.2744893365748867
2.452169462003696	0.27467806509979587
2.468677915393762	0.2750287950353549
2.4769321420887955	0.2751909712525703
2.4851863687838285	0.27534448258745226
2.4934405954788614	0.2754894249049864
2.501694822173895	0.2756258940701582
2.5099490488689282	0.2757539859479532
2.5182032755639616	0.2758738004034422
2.534711728954028	0.27608906604970523
2.542415108227485	0.27617861543435884
2.550118487500942	0.2762613630937209
2.5578218667743995	0.2763374065187111
2.565525246047857	0.27640684322583525
2.573228625321314	0.27646977564844455
2.580932004594771	0.2765263145522431
2.588635383868228	0.27657657116335027
2.596338763141685	0.2766206567078857
2.6040421424151425	0.2766586824119688
2.6117455216885994	0.27669075950171906
2.6194489009620563	0.2767169992537948
2.6271522802355136	0.2767375170303503
2.634855659508971	0.27675243242147474
2.642559038782428	0.2767618646933942
2.6502624180558847	0.2767659331123347
2.657965797329342	0.2767647569445225
2.6656691766027993	0.2767584554564155
2.673372555876256	0.276747149324392
2.681075935149713	0.2767309615295648
2.6887793144231704	0.27671001487510394
2.6964826936966277	0.27668443216417976
2.704186072970085	0.2766543361999623
2.7118894522435424	0.2766198497856219
2.7195928315169993	0.2765810962539696
2.727296210790456	0.27653819937471286
2.7349995900639135	0.27649128213598145
2.742702969337371	0.27644046751403106
2.750406348610828	0.2763858784851173
2.7581097278842854	0.2763276380254959
2.7658131071577423	0.27626586923270446
2.7812198657046565	0.276132232706738
2.788923244978114	0.27606060540966865
2.7966266242515707	0.2759859323433585
2.812033382798485	0.2758279296548945
2.8428468998923133	0.27548058960362887
2.8505502791657706	0.275387898387035
2.8582536584392275	0.2752930945076401
2.8736604169861417	0.2750975935510431
2.9044739340799706	0.2746860349887391
2.9121773133534274	0.27457948790502623
2.9198806926268848	0.274471683378395
2.9352874511737994	0.2742526968775481
2.966100968267628	0.27380397730409023
3.0277280024552846	0.27288383596321214
3.036076325123492	0.2727586943433938
3.0444246477916996	0.2726337490222195
3.0611212931281147	0.2723847916251537
3.094514583800945	0.27189302025760737
3.1613011651466056	0.2709519311867409
3.169649487814813	0.27083958531954444
3.1779978104830207	0.27072862517963625
3.1946944558194357	0.270511081214556
3.228087746492266	0.27009466795476245
3.236436069160474	0.26999469404665233
3.2447843918286816	0.2698964537928816
3.2614810371650966	0.2697053346859695
3.2948743278379267	0.2693452951023018
3.303222650506134	0.2692600338637648
3.3115709731743417	0.2691767141292634
3.3282676185107567	0.269015983254535
3.336615941178964	0.26893861187909346
3.3449642638471717	0.268863250007705
3.361660909183587	0.2687185702905595
3.370009231851795	0.26864926022197144
3.3783575545200026	0.2685819751981524
3.3950541998564177	0.2684534958391597
3.4284474905292477	0.2682209545611677
3.436795813197455	0.26816787465500896
3.4451441358656627	0.2681167973254467
3.461840781202078	0.26802061059035176
3.470189103870286	0.2679754812819393
3.4785374265384936	0.26793231474436363
3.4952340718749086	0.2678518200240441
3.503582394543116	0.2678144537374463
3.5119307172113237	0.2677789809325492
3.520279039879531	0.26774538119635755
3.5286273625477387	0.26771363411587595
3.536975685215946	0.2676837192781091
3.5453240078841537	0.26765561627006157
3.562020653220569	0.2676047636611451
3.5702167254059765	0.2675823679817359
3.5784127975913833	0.2675616281702855
3.58660886977679	0.26754251818717134
3.594804941962197	0.26752501199277073
3.603001014147604	0.267509083547461
3.611197086333011	0.26749470681161963
3.6193931585184185	0.26748185574562394
3.6275892307038253	0.26747050430985125
3.635785302889232	0.2674606263963936
3.643981375074639	0.26745219356668176
3.652177447260046	0.2674451757298378
3.660373519445453	0.26743954298247696
3.6685695916308605	0.2674352654212146
3.6767656638162673	0.26743231314266597
3.684961736001674	0.2674306562434463
3.693157808187081	0.267430264820171
3.701353880372488	0.26743110896945527
3.7095499525578948	0.26743315878791435
3.7177460247433016	0.2674363834928975
3.725942096928709	0.26744075141688767
3.7341381691141162	0.26744623136083967
3.742334241299523	0.2674527921257502
3.75053031348493	0.2674604025126158
3.758726385670337	0.2674690313224332
3.7669224578557436	0.267478647356199
3.7751185300411505	0.2674892194149097
3.7833146022265574	0.2675007162995621
3.7915106744119647	0.2675131067821202
3.799706746597372	0.26752635976481093
3.807902818782779	0.2675404444028315
3.8242949631535925	0.2675709853007194
3.8324910353389994	0.2675873800399093
3.8406871075244062	0.2676044839618788
3.8570792518952204	0.2676406993525866
3.8898635406368482	0.26772032878957225
3.898059612822255	0.2677415664081788
3.9062556850076624	0.2677632787110176
3.9226478293784766	0.2678080172989254
3.9554321181201044	0.2679019889740508
3.9636281903055117	0.2679262644659573
3.9718242624909186	0.26795080163382784
3.9882164068617323	0.2680005609738
4.021000695603361	0.2681021544907924
4.086569273086616	0.2683086590016243
4.094214497850448	0.268332659216517
4.101859722614279	0.26835658866174744
4.11715017214194	0.26840417751982465
4.1477310711972635	0.26849791890893476
4.208892869307911	0.2686769744865255
4.216538094071742	0.2686983618814418
4.224183318835573	0.2687194966336712
4.239473768363235	0.26876097899847323
4.270054667418558	0.26884059201978017
4.331216465529205	0.2689850139987748
4.338861690293037	0.2690015834971194
4.346506915056867	0.26901781123402146
4.361797364584529	0.26904923107740786
4.392378263639852	0.2691078565920601
4.400023488403683	0.26912162354655234
4.407668713167514	0.2691350334434765
4.422959162695175	0.2691607807728928
4.453540061750499	0.2692079765369418
4.461185286514331	0.2692188786807501
4.468830511278162	0.2692294238252504
4.484120960805823	0.26924945017149393
4.491766185569654	0.2692589349008207
4.499411410333485	0.2692680696860066
4.514701859861146	0.2692852964791225
4.522347084624977	0.2692933920146362
4.529992309388808	0.26930114478130185
4.5452827589164695	0.2693156340920845
4.5529279836803	0.26932237734097214
4.560573208444131	0.2693287907852345
4.5758636579717935	0.2693406416590146
4.584153826130375	0.269346530530872
4.592443994288956	0.2693520476945356
4.600734162447537	0.2693571974449385
4.609024330606118	0.2693619848138255
4.617314498764699	0.2693664154751001
4.625604666923281	0.2693704950903373
4.633894835081863	0.269374229321112
4.642185003240444	0.26937762382899916
4.650475171399025	0.2693806842755737
4.658765339557607	0.26938341632241064
4.667055507716189	0.2693858256310848
4.67534567587477	0.2693879179290331
4.6836358440333505	0.2693896995831831
4.691926012191932	0.26939117709978405
4.700216180350514	0.26939235695089575
4.708506348509095	0.2693932456085779
4.716796516667676	0.2693938495448903
4.725086684826258	0.2693941752318928
4.73337685298484	0.2693942291416451
4.741667021143421	0.26939401774620697
4.749957189302002	0.26939354762874235
4.758247357460583	0.2693928257419327
4.766537525619164	0.26939185887564326
4.774827693777746	0.2693906538011841
4.7831178619363275	0.26938921728986526
4.7914080300949085	0.26938755611299675
4.799698198253489	0.2693856770418886
4.80798836641207	0.2693835868478509
4.816278534570651	0.26938129230219365
4.824568702729233	0.2693788003495071
4.841149039046396	0.2693732517145911
4.849439207204977	0.2693702082708715
4.857729375363559	0.26936699423269783
4.874309711680722	0.2693600808421496
4.907470384315047	0.2693444982711312
4.915760552473628	0.26934027542051
4.92405072063221	0.26933593425449587
4.940631056949373	0.26932692126748947
4.973791729583698	0.2693077427119645
4.98208189774228	0.26930274339750815
4.990372065900861	0.269297674345278
5.0069524022180225	0.2692873483678805
5.040113074852348	0.26926609179195216
5.1064344201209995	0.2692223112003247
5.114173740858005	0.2692171760868354
5.12191306159501	0.26921204777539876
5.137391703069021	0.2692018254021442
5.168348986017041	0.26918160941109887
5.230263551913083	0.26914269559355825
5.238002872650089	0.26913802348010585
5.245742193387094	0.269133401273023
5.2612208348611045	0.26912431358508226
5.292178117809125	0.26910681416391635
5.354092683705167	0.2690748747400511
5.361832004442173	0.2690711918344358
5.3695713251791775	0.2690675809614791
5.385049966653188	0.26906057920014076
5.416007249601209	0.26904747457630634
5.4237465703382135	0.2690443877010387
5.431485891075219	0.26904137713136866
5.446964532549229	0.26903558609546363
5.47792181549725	0.2690249321958945
5.485661136234256	0.26902246257428153
5.493400456971261	0.2690200700829941
5.508879098445272	0.26901551547927055
5.516618419182278	0.2690133528607718
5.5243577399192825	0.2690112663604734
5.539836381393293	0.26900732070235234
5.547575702130299	0.2690054610391113
5.555315022867304	0.2690036763649374
5.5707936643413145	0.2690003293021862
5.578532985078319	0.2689987655144816
5.586272305815324	0.26899727395647277
5.601750947289335	0.26899450473128766
5.609338017543539	0.26899325015540343
5.616925087797744	0.2689920623192995
5.624512158051949	0.26899094056389156
5.632099228306153	0.2689898842300951
5.639686298560358	0.26898889265882586
5.647273368814562	0.26898796510108797
5.662447509322972	0.26898629821889947
5.670034579577177	0.26898555701028076
5.677621649831381	0.26898487603412763
5.685208720085585	0.2689842543485515
5.69279579033979	0.2689836910116638
5.7003828605939955	0.2689831850815759
5.7079699308482	0.26898273561639935
5.715557001102404	0.2689823416742455
5.723144071356609	0.2689820023132258
5.730731141610814	0.2689817165914516
5.7383182118650184	0.2689814835539599
5.745905282119223	0.26898130208577803
5.753492352373428	0.26898117108822905
5.761079422627633	0.26898108948824967
5.768666492881837	0.2689810562127767
5.776253563136041	0.2689810701887469
5.783840633390247	0.268981130343097
5.791427703644452	0.2689812356027639
5.799014773898656	0.26898138489468426
5.80660184415286	0.2689815771457949
5.814188914407065	0.26898181128303256
5.82177598466127	0.2689820862333341
5.829363054915475	0.2689824009236362
5.836950125169679	0.26898275422193413
5.844537195423884	0.26898314494999215
5.852124265678089	0.26898357202974166
5.859711335932293	0.26898403438502194
5.874885476440703	0.2689850606175319
5.882472546694908	0.26898562234244006
5.890059616949112	0.268986215038236
5.9052337574575215	0.2689874890378483
5.912820827711727	0.2689881681893431
5.920407897965931	0.26898887400708277
5.93558203847434	0.2689903612404643
5.965930319491159	0.2689936088173635
5.973517389745364	0.2689944718593487
5.981104459999568	0.26899535339484637
5.996278600507978	0.2689971680151957
6.0266268815247965	0.2690009759076987
6.087323443558433	0.26900909901475445
6.095555457207388	0.26901023474563157
6.103787470856343	0.2690113753108234
6.1202514981542535	0.2690136667277824
6.153179552750074	0.2690182642846448
6.219035661941715	0.26902733169626064
6.227267675590669	0.26902843784083647
6.235499689239624	0.2690295356987168
6.251963716537535	0.269031704066225
6.284891771133355	0.2690359140340428
6.350747880324996	0.2690437140829383
6.358979893973951	0.26904462289171416
6.367211907622906	0.26904551568528945
6.3836759349208165	0.2690472523335868
6.416603989516637	0.26905052399821594
6.424836003165591	0.269051298683432
6.433068016814547	0.26905205565651785
6.449532044112457	0.2690535156669786
6.482460098708278	0.26905621777449873
6.490692112357232	0.26905684765462246
6.498924126006187	0.26905745919196256
6.515388153304098	0.26905862707012995
6.523620166953053	0.26905918331430945
6.531852180602009	0.26905972108900955
6.548316207899918	0.26906074159658167
6.556548221548873	0.26906122451420206
6.564780235197828	0.2690616893308777
6.581244262495739	0.26906256503089154
6.589476276144694	0.2690629760989782
6.597708289793649	0.2690633694351761
6.614172317091559	0.26906410326096825
6.621853483318938	0.26906442182125695
6.629534649546317	0.2690647254541477
6.644896982001075	0.26906528856227346
6.652578148228454	0.2690655483497775
6.660259314455833	0.26906579383442164
6.6756216469105905	0.2690662425196684
6.68330281313797	0.2690664460135056
6.690983979365349	0.2690666358032649
6.698665145592727	0.2690668120975786
6.7063463118201065	0.2690669751062553
6.714027478047486	0.26906712503910385
6.721708644274864	0.2690672621059328
6.729389810502243	0.26906738651655093
6.737070976729623	0.26906749848076694
6.744752142957002	0.26906759820838944
6.752433309184381	0.26906768590922725
6.7601144754117595	0.2690677617883565
6.767795641639139	0.2690678260178762
6.775476807866518	0.26906787882241195
6.783157974093896	0.26906792044038463
6.790839140321276	0.26906795111021514
6.798520306548655	0.2690679710703245
6.806201472776034	0.26906798055913345
6.813882639003413	0.2690679798150631
6.821563805230792	0.2690679690765342
6.829244971458171	0.26906794858196775
6.83692613768555	0.2690679185697846
6.8446073039129285	0.269067879252432
6.852288470140308	0.26906783084126235
6.859969636367687	0.26906777358171385
6.867650802595066	0.2690677077193009
6.8753319688224455	0.2690676334995378
6.883013135049824	0.26906755116793885
6.890694301277203	0.2690674609700185
6.898375467504582	0.269067363151291
6.906056633731961	0.26906725795727077
6.921418966186719	0.26906702641856034
6.929100132414098	0.2690669005151506
6.936781298641478	0.26906676815271086
6.952143631096235	0.26906648499159674
6.982868296005751	0.26906585151041745
6.990549462233131	0.2690656805207552
6.99823062846051	0.26906550495365467
7.013592960915267	0.26906514090903116
7.0443176258247835	0.26906436700216585
7.105766955643816	0.26906268294225005
7.114093065265945	0.2690624450076525
7.1224191748880745	0.26906220546772686
7.139071394132333	0.2690617224883988
7.172375832620851	0.2690607472756185
7.2389847095978865	0.26905880347548905
7.247310819220016	0.26905856470838846
7.255636928842145	0.2690583274733339
7.272289148086404	0.2690578580688209
7.305593586574922	0.26905694280838494
7.372202463551957	0.2690552327727494
7.380528573174087	0.26905503261119307
7.388854682796216	0.26905483580758294
7.405506902040475	0.26905445243132076
7.438811340528993	0.2690537277024666
7.447137450151122	0.26905355550431714
7.455463559773252	0.2690533869783532
7.472115779017511	0.26905306110010135
7.505420217506028	0.2690524551417753
7.513746327128158	0.2690523134463007
7.522072436750287	0.26905217572143786
7.538724655994546	0.26905191214542845
7.547050765616675	0.2690517862752225
7.555376875238805	0.26905166433750954
7.572029094483064	0.26905143222144356
7.580355204105193	0.26905132202403126
7.588681313727323	0.2690512157209931
7.605333532971581	0.2690510147599206
7.613659642593711	0.2690509200828269
7.62198575221584	0.2690508292619886
7.6386379714601	0.26905065914934617
7.646811830599429	0.26905058123171094
7.6549856897387585	0.2690505069384084
7.671333408017416	0.26905036905693713
7.679507267156745	0.2690503053848363
7.687681126296074	0.269050245169204
7.704028844574731	0.2690501349394805
7.71220270371406	0.26905008484145715
7.720376562853389	0.269050038032038
7.7285504219927175	0.269049994469257
7.736724281132046	0.26904995411114807
7.744898140271375	0.26904991691574515
7.753071999410704	0.26904988284108217
7.761245858550033	0.26904985184519303
7.769419717689361	0.2690498238846579
7.77759357682869	0.2690497988995657
7.785767435968019	0.2690497768307701
7.793941295107348	0.2690497576213297
7.8021151542466765	0.2690497412143032
7.810289013386005	0.26904972755274925
7.818462872525334	0.2690497165797265
7.826636731664664	0.2690497082382935
7.8348105908039924	0.26904970247150894
7.851158309082651	0.2690496984341198
7.867506027361308	0.2690497040120281
7.875679886500637	0.2690497102643654
7.883853745639966	0.269049718749703
7.892027604779295	0.2690497294110995
7.9002014639186235	0.2690497421908103
7.908375323057952	0.2690497570147703
7.916549182197281	0.2690497738175305
7.92472304133661	0.26904979254001476
7.932896900475939	0.26904981312314696
7.941070759615267	0.269049835507851
7.949244618754596	0.26904985963505074
7.965592337033254	0.26904991288063285
7.9737661961725825	0.2690499418808629
7.981940055311911	0.26904997238728423
7.998287773590569	0.2690500376823959
8.030983210147884	0.26905018374757034
8.039157069287214	0.26905022314495997
8.047330928426542	0.2690502635828774
8.063678646705199	0.26905034736603245
8.096374083262514	0.2690505250617803
8.161764956377146	0.26905090932866493
8.169387968094899	0.26905095574910165
8.177010979812653	0.26905100237204005
8.192257003248159	0.26905109609687944
8.22274905011917	0.26905128455583205
8.283733143861191	0.26905165846288936
8.291356155578944	0.26905170437368625
8.298979167296697	0.2690517500153193
8.314225190732202	0.269051840389263
8.344717237603213	0.2690520168708431
8.405701331345234	0.2690523484604382
8.413324343062987	0.2690523875313789
8.42094735478074	0.2690524260311773
8.436193378216245	0.2690525012841219
8.466685425087256	0.2690526445708244
8.474308436805009	0.2690526788400491
8.481931448522761	0.26905271247168067
8.497177471958267	0.26905277778893927
8.527669518829278	0.2690529004068602
8.53529253054703	0.26905292934276254
8.542915542264783	0.26905295757462094
8.558161565700289	0.2690530118873698
8.565784577418041	0.2690530379612896
8.573407589135794	0.2690530633180806
8.5886536125713	0.26905311189485864
8.596276624289052	0.2690531351221371
8.603899636006805	0.2690531576468693
8.61914565944231	0.26905320060327786
8.649637706313321	0.2690532782459499
8.657905661425824	0.26905329742225603
8.666173616538327	0.26905331580678166
8.682709526763334	0.26905335021909693
8.690977481875837	0.26905336625618964
8.699245436988342	0.26905338152010766
8.715781347213348	0.26905340973848946
8.72404930232585	0.26905342268433624
8.732317257438353	0.26905343486614447
8.740585212550856	0.2690534462972769
8.74885316766336	0.2690534569910964
8.757121122775862	0.26905346696096566
8.765389077888365	0.26905347622024756
8.77365703300087	0.2690534847823049
8.781924988113373	0.2690534926605004
8.790192943225875	0.2690534998681968
8.79846089833838	0.269053506418757
8.806728853450883	0.26905351232554386
8.814996808563386	0.26905351760192
8.823264763675889	0.2690535222612483
8.831532718788392	0.2690535263168915
8.839800673900895	0.2690535297822125
8.848068629013397	0.2690535326705739
8.88114044946341	0.26905353869920934
8.914212269913424	0.26905353620913647
8.922480225025927	0.26905353434595114
8.93074818013843	0.2690535320161437
8.939016135250933	0.26905352923453646
8.947284090363436	0.26905352601595184
8.955552045475939	0.26905352237521224
8.963820000588441	0.2690535183271399
8.972087955700946	0.26905351388655735
8.980355910813449	0.26905350906828684
8.988623865925952	0.2690535038871507
8.996891821038457	0.26905349835797143
9.013427731263462	0.2690534863147727
9.021695686375965	0.269053479830398
9.029963641488468	0.26905347305726957
9.046499551713474	0.26905345867621794
9.054767506825977	0.2690534510747838
9.06303546193848	0.26905344321532276
9.079571372163487	0.2690534267726408
9.1126431926135	0.2690533913444835
9.178786833513525	0.2690533131349615
9.186503941204453	0.2690533035975427
9.194221048895379	0.2690532940099593
9.209655264277234	0.2690532746975669
9.240523695040942	0.2690532356292555
9.30226055656836	0.2690531573280664
9.309977664259286	0.2690531476441409
9.317694771950213	0.2690531379988796
9.333128987332067	0.2690531188470488
9.363997418095776	0.26905308125704847
9.425734279623192	0.2690530099947487
9.433451387314118	0.2690530015232284
9.441168495005046	0.26905299316226183
9.4566027103869	0.26905297678883416
9.487471141150609	0.2690529455278243
9.495188248841536	0.2690529380256748
9.502905356532462	0.2690529306521553
9.518339571914318	0.2690529163009603
9.549208002678025	0.2690528892516231
9.556925110368953	0.26905288284819084
9.56464221805988	0.2690528765930843
9.580076433441734	0.2690528645208144
9.610944864205443	0.26905284211869473
9.618661971896369	0.269052836881169
9.626379079587297	0.2690528317888449
9.64181329496915	0.26905282203980185
9.67268172573286	0.2690528042709971
9.681043776818537	0.26905279985172087
9.689405827904213	0.26905279560045575
9.70612993007557	0.2690527876019588
9.714491981161247	0.2690527838547269
9.722854032246925	0.2690527802755061
9.73957813441828	0.26905277360948165
9.747940185503959	0.26905277051042603
9.756302236589637	0.26905276756639046
9.764664287675313	0.2690527647773751
9.77302633876099	0.2690527621433798
9.781388389846668	0.2690527596644047
9.789750440932345	0.26905275734044964
9.8064745431037	0.2690527531576
9.823198645275056	0.26905274954808256
9.83992274744641	0.26905274638006915
9.856646849617764	0.26905274364560694
9.87337095178912	0.2690527413446959
9.90681915613183	0.26905273804352736
9.94026736047454	0.26905273647656347
9.97371556481725	0.26905273664380425
10.007163769159959	0.2690527385452497
10.04061197350267	0.2690527419196522
10.07406017784538	0.26905274622524766
10.090784280016734	0.26905274872099655
10.10750838218809	0.2690527514453796
10.124232484359446	0.2690527543983968
10.140956586530802	0.2690527575800482
10.157680688702158	0.2690527609903337
10.174404790873512	0.26905276462925337
10.207852995216221	0.26905277259299515
10.216062795819099	0.2690527746874647
10.224272596421976	0.26905277681463874
10.240692197627729	0.26905278108620284
10.273531400039236	0.26905278969774354
10.339209804862252	0.269052807194475
10.347419605465127	0.2690528094072211
10.355629406068005	0.26905281162566824
10.372049007273759	0.2690528160796657
10.404888209685268	0.26905282505607303
10.470566614508282	0.2690528429216566
10.47877641511116	0.2690528451015516
10.486986215714037	0.26905284726885015
10.503405816919791	0.2690528515652951
10.536245019331298	0.269052859810664
10.552664620537051	0.26905286372210685
10.569084221742806	0.269052867492722
10.601923424154315	0.26905287460175964
10.618343025360069	0.2690528779222031
10.634762626565822	0.2690528810838262
10.651182227771574	0.2690528840866289
10.667601828977329	0.2690528869306113
10.684021430183083	0.26905288961465856
10.700441031388838	0.2690528921376026
10.733280233800345	0.26905289670018007
10.763916046525548	0.2690529003756594
10.794551859250753	0.2690529035112362
10.825187671975955	0.2690529061243481
10.855823484701158	0.2690529082149953
10.917095110151566	0.26905291097306167
10.978366735601973	0.2690529119982034
11.100909986502787	0.2690529102727552
11.2234532374036	0.2690529046344317
11.256668823707805	0.2690529027017111
11.28988441001201	0.269052900600397
11.356315582620422	0.26905289621501627
11.389531168924627	0.2690528940151098
11.422746755228832	0.26905289181039793
11.489177927837241	0.2690528874194303
11.522393514141445	0.26905288531552385
11.55560910044565	0.26905288329103905
11.588824686749856	0.2690528813840354
11.622040273054061	0.26905287961168667
11.688471445662472	0.2690528764918639
11.754902618270883	0.269052873976097
12.003000191214088	0.26905286958061186
12.251097764157295	0.2690528710994338
12.494323321650882	0.2690528745107467
12.73754887914447	0.2690528775044493
13.00141262527007	0.26905287957560714
13.265276371395672	0.26905287951710094
13.511513000030838	0.269052878989697
13.757749628666005	0.26905287830289787
14.024624445933185	0.26905287745750234
14.291499263200366	0.269052876928096
14.553502065017927	0.26905287730207456
14.81550486683549	0.2690528781951011
15.059880551162616	0.26905287895375496
15.304256235489742	0.2690528791716886
15.569270108448883	0.26905287868467315
15.834283981408023	0.26905287799863437
16.081670736876728	0.26905287737384254
16.329057492345434	0.2690528767871343
16.571572232364524	0.2690528768434642
16.81408697238361	0.26905287748087614
17.077239901034712	0.2690528783263524
17.340392829685815	0.2690528787396736
17.58591864084648	0.2690528785526942
17.831444452007148	0.26905287808662387
18.09760845179983	0.26905287757389135
18.36377245159251	0.2690528770591856
18.612309333894757	0.2690528769407619
18.860846216197	0.2690528773717139
19.10451108304963	0.26905287803726524
19.348175949902256	0.2690528784706961
19.612479005386895	0.26905287862155153
19.876782060871538	0.26905287822401014
20.123457998865746	0.26905287775323194
20.37013393685995	0.2690528772873787
20.63744806348617	0.2690528767855676
20.90476219011239	0.2690528766185262
21.16720430128899	0.2690528771599998
21.42964641246559	0.2690528780870862
21.674461406151757	0.26905287880611717
21.919276399837923	0.26905287908039427
22.184729582156102	0.2690528786836418
22.450182764474285	0.2690528779697125
22.69800882930203	0.26905287731724
22.945834894129774	0.26905287667533745
23.1887889435079	0.26905287623629287
23.431742992886026	0.26905287664328914
23.695335230896166	0.26905287774030334
23.958927468906307	0.26905287890598845
24.204892589426013	0.26905287926332744
24.45085770994572	0.2690528788174093
24.725428599870817	0.26905287812150247
24.99999948979592	0.26905287738849654