5.10204081632653e-7	5.102035622466693e-7
0.00766794801399067	0.007638316668196737
0.015335385823899707	0.015216016761901886
0.030670261443717782	0.030186041578855863
0.06134001268335393	0.059351949283841
0.12267951516262622	0.11436642821542546
0.13034695297253526	0.12091633524564416
0.1380143907824443	0.12739137282468413
0.15334926640226237	0.14011458024398224
0.1840190176418985	0.1646407312019824
0.24535852012117082	0.20993683302211488
0.25302595793107985	0.21524264110594257
0.26069339574098893	0.2204689929243313
0.276028271360807	0.23068325273773232
0.3066980226004431	0.25015921430920385
0.3143654604103521	0.25483031075476403
0.32203289822026115	0.2594225470447186
0.33736777384007927	0.2683713515282109
0.36803752507971543	0.2853327943819285
0.37570496288962446	0.28937973797084704
0.3833724006995335	0.29335000898306807
0.39870727631935154	0.3010619704174629
0.4293770275589877	0.3155823358684623
0.43704446536889674	0.31902678431900544
0.4447119031788058	0.3223979103486483
0.4600467787986239	0.3289220810949893
0.49071653003826	0.3411129335080149
0.4990289112429194	0.3442236804970969
0.5073412924475789	0.347253327967073
0.5239660548568978	0.3530724221634412
0.5322784360615573	0.35586345604486663
0.5405908172662168	0.3585765392234691
0.5572155796755358	0.3637720357885678
0.5655279608801953	0.3662560956674674
0.5738403420848548	0.3686655028953408
0.5904651044941737	0.37326379096958
0.6237146293128115	0.38160249568134946
0.632027010517471	0.3835136392239432
0.6403393917221305	0.3853571731257808
0.6569641541314495	0.38884502667179666
0.665276535336109	0.3904911820356819
0.6735889165407685	0.39207339497848265
0.6902136789500873	0.395049711759838
0.6985260601547467	0.3964456746778962
0.7068384413594062	0.3977814133338773
0.7234632037687252	0.40027596616925354
0.7317755849733847	0.40143666040772724
0.7400879661780442	0.40254088422282924
0.7567127285873632	0.40458367366841524
0.7650251097920227	0.40552411584164794
0.7733374909966821	0.40641184272047437
0.7816498722013416	0.4072477889530902
0.789962253406001	0.40803288242492336
0.7982746346106604	0.40876805099464736
0.8065870158153199	0.40945422252093583
0.8232117782246389	0.4106832858779003
0.8315241594292984	0.411228033025167
0.8398365406339579	0.4117274782952412
0.8481489218386173	0.41218252335278216
0.8564613030432768	0.4125940697910328
0.8647736842479363	0.41296301920323625
0.8730860654525958	0.41329027318263545
0.8813984466572553	0.4135767333224735
0.8897108278619147	0.4138232994407426
0.8980232090665741	0.4140308482943532
0.9063355902712336	0.4142002425597959
0.914647971475893	0.41433234477327996
0.9229603526805525	0.41442801747101493
0.931272733885212	0.41448812318921024
0.9395851150898715	0.41451352446407524
0.947897496294531	0.4145050814294239
0.9562098774991905	0.41446362569639406
0.96452225870385	0.41438997098580443
0.9728346399085095	0.41428493077619694
0.981147021113169	0.41414931854611353
0.9894594023178284	0.4139839477740961
0.9977717835224877	0.4137896319386866
1.0060841647271472	0.41356718198897185
1.0143965459318067	0.4133173768855139
1.0227089271364662	0.4130409739859303
1.0304704609195494	0.41275954381749264
1.0382319947026328	0.412456200430206
1.0537550622687997	0.41178623892807964
1.061516596051883	0.4114208534703868
1.0692781298349665	0.4110360067779377
1.0848011974011333	0.41021019598985864
1.0925627311842168	0.40977035787222077
1.1003242649673002	0.40931331525751224
1.1158473325334668	0.4083498684928673
1.1468934676658002	0.40624105728887694
1.1546550014488837	0.40567900661952355
1.162416535231967	0.40510402576238097
1.177939602798134	0.40391728861745313
1.2089857379304674	0.4014106698576661
1.2710780081951345	0.39596716281372857
1.278839541978218	0.39525486424664946
1.2866010757613013	0.3945368229327433
1.302124143327468	0.3930850458368202
1.3331702784598014	0.39012941063977263
1.3952625487244685	0.3840873934719536
1.5194470892538026	0.3720119027036173
1.5270563725540853	0.37128973210488203
1.534665655854368	0.37057082669574093
1.5498842224549336	0.3691434700071912
1.580321355656065	0.36633516913308256
1.6411956220583273	0.36093656198704027
1.64880490535861	0.36028463537757804
1.6564141886588928	0.35963815759343604
1.6716327552594583	0.3583619513594
1.7020698884605896	0.3558791579698156
1.762944154862852	0.35120858861086407
1.7705534381631347	0.35065361748404333
1.7781627214634175	0.350105223333458
1.793381288063983	0.3490283431275073
1.8238184212651143	0.34695502720469296
1.8314277045653973	0.34645361240905326
1.83903698786568	0.3459590151916442
1.8542555544662456	0.34499032253194717
1.8846926876673766	0.34313515456711297
1.8923019709676594	0.3426885344339789
1.8999112542679422	0.3422487876129296
1.9151298208685077	0.34138987290836736
1.945566954069639	0.3397540689962315
2.0064412204719013	0.3368071062550823
2.0146954471669343	0.3364403210978529
2.0229496738619677	0.33608126003251404
2.0394581272520345	0.3353861133503086
2.072475034032167	0.33408632307252195
2.0807292607272005	0.33377993856657556
2.0889834874222335	0.3334808721825258
2.1054919408123	0.33290444492801147
2.138508847592433	0.33183666923245025
2.146763074287466	0.331587085804413
2.1550173009824993	0.3313443142491758
2.171525754372566	0.3308789224097361
2.1797799810675995	0.3306561599991131
2.1880342077626325	0.33043992517694104
2.204542661152699	0.33002675404256493
2.212796887847732	0.3298296736552649
2.221051114542765	0.3296388290757276
2.2375595679328315	0.3292755402171082
2.2705764747129646	0.3286204137306558
2.2788307014079976	0.3284710675730482
2.287084928103031	0.32832733755054055
2.303593381493098	0.32805640662529734
2.311847608188131	0.32792904607979795
2.320101834883164	0.3278069823838709
2.3366102882732305	0.3275784259084051
2.344864514968264	0.3274717717527601
2.353118741663297	0.3273700927023851
2.369627195053363	0.327181337992106
2.3778814217483966	0.3270941013695323
2.38613564844343	0.32701151792688954
2.4026441018334963	0.3268599886560574
2.4108983285285293	0.32679088186519856
2.4191525552235627	0.3267261061579249
2.427406781918596	0.3266655807021313
2.4356610086136294	0.32660922691230215
2.443915235308663	0.3265569665195616
2.452169462003696	0.32650872125503394
2.4604236886987287	0.3264644128498432
2.468677915393762	0.32642396303511356
2.4769321420887955	0.3263872935419692
2.4851863687838285	0.32635432610153436
2.4934405954788614	0.32632498244493313
2.501694822173895	0.32629918426984067
2.5099490488689282	0.3262768538822447
2.5182032755639616	0.3262579169930159
2.526457502258995	0.32624229999353793
2.534711728954028	0.32622992927519456
2.542415108227485	0.3262212477403343
2.550118487500942	0.3262152697165791
2.5578218667743995	0.3262119353705791
2.565525246047857	0.3262111848689841
2.573228625321314	0.326212958378444
2.580932004594771	0.32621719606560884
2.588635383868228	0.3262238381528438
2.596338763141685	0.32623282731168185
2.6040421424151425	0.32624410879730037
2.6117455216885994	0.32625762796354
2.6194489009620563	0.32627333016424165
2.6271522802355136	0.326291160753246
2.634855659508971	0.32631106508439384
2.642559038782428	0.326332988511526
2.657965797329342	0.3263826740691062
2.6656691766027993	0.3264103269072358
2.673372555876256	0.32643978048079464
2.6887793144231704	0.3265038879610372
2.6964826936966277	0.3265384446626171
2.704186072970085	0.3265746052360034
2.7195928315169993	0.32665154369069693
2.727296210790456	0.3266922244182551
2.7349995900639135	0.32673431471012143
2.750406348610828	0.3268225296792806
2.7812198657046565	0.3270137934263646
2.788923244978114	0.3270644492387542
2.7966266242515707	0.3271161569393529
2.812033382798485	0.32722255988546134
2.8428468998923133	0.3274461397290446
2.9044739340799706	0.32792773678765624
3.0277280024552846	0.3289679411667237
3.036076325123492	0.329039808373452
3.0444246477916996	0.3291116733771082
3.0611212931281147	0.3292552807007608
3.094514583800945	0.3295411928075849
3.1613011651466056	0.3301021152622089
3.169649487814813	0.33017077303360604
3.1779978104830207	0.33023903451035236
3.1946944558194357	0.3303743022117059
3.228087746492266	0.3306393770029599
3.2948743278379267	0.3311442843317733
3.303222650506134	0.33120478393343233
3.3115709731743417	0.3312646679517869
3.3282676185107567	0.3313825483345236
3.361660909183587	0.33161049597642633
3.370009231851795	0.3316658154875108
3.3783575545200026	0.3317204568272342
3.3950541998564177	0.3318276826598477
3.4284474905292477	0.3320337517489568
3.436795813197455	0.33208349541020854
3.4451441358656627	0.33213252477045374
3.461840781202078	0.33222843355100956
3.4952340718749086	0.33241160209397747
3.562020653220569	0.332743148495138
3.5702167254059765	0.33278065545755103
3.5784127975913833	0.3328174712329754
3.594804941962197	0.3328890351190106
3.6275892307038253	0.33302397737424794
3.635785302889232	0.3330560272421716
3.643981375074639	0.3330874095553263
3.660373519445453	0.33314818496449944
3.693157808187081	0.33326188852350386
3.701353880372488	0.33328870716765185
3.7095499525578948	0.3333148926804961
3.725942096928709	0.3333653838447541
3.758726385670337	0.33345898632711085
3.7669224578557436	0.3334808816010024
3.7751185300411505	0.3335021865614429
3.7915106744119647	0.3335430492828932
3.8242949631535925	0.3336179522691467
3.8324910353389994	0.3336352921645715
3.8406871075244062	0.33365209066254775
3.8570792518952204	0.33368408978261854
3.8652753240806277	0.3336993035629448
3.8734713962660345	0.3337140022622862
3.8898635406368482	0.33374188073447797
3.898059612822255	0.33375507368619006
3.9062556850076624	0.33376777817162634
3.9226478293784766	0.333791749332491
3.9308439015638834	0.33380302976688747
3.9390399737492903	0.333813849276572
3.9554321181201044	0.3338341330397414
3.9636281903055117	0.3338436110521943
3.9718242624909186	0.3338526556578713
3.9882164068617323	0.33386947249532856
3.9964124790471396	0.3338772586012252
4.004608551232547	0.33388463902920557
4.021000695603361	0.33389821044329226
4.0291967677887675	0.3339044152253359
4.037392839974174	0.3339102419213379
4.045588912159581	0.3339156974292669
4.053784984344988	0.3339207886588578
4.061981056530395	0.33392552248766394
4.070177128715802	0.3339299056237632
4.0783732009012095	0.3339339447592693
4.086569273086616	0.33393764658629593
4.094214497850448	0.33394080145054755
4.101859722614279	0.3339436740770955
4.10950494737811	0.33394626989740195
4.11715017214194	0.3339485943429291
4.124795396905771	0.33395065284513914
4.132440621669602	0.3339524508864052
4.140085846433433	0.3339539938420312
4.1477310711972635	0.3339552867950311
4.155376295961094	0.3339563348187144
4.163021520724925	0.3339571429863905
4.170666745488756	0.33395771637136895
4.178311970252587	0.3339580600469592
4.185957195016417	0.3339581790864708
4.193602419780248	0.3339580785632132
4.201247644544079	0.3339577635504959
4.208892869307911	0.33395723912162834
4.216538094071742	0.3339565103499201
4.224183318835573	0.33395558230868055
4.231828543599404	0.33395446007377694
4.239473768363235	0.3339531484083781
4.247118993127065	0.3339516518331454
4.254764217890896	0.33394997486641564
4.262409442654727	0.3339481220265255
4.270054667418558	0.3339460978318116
4.2776998921823886	0.33394390680061076
4.285345116946219	0.3339415534512596
4.300635566473881	0.33393637787145297
4.308280791237712	0.333933564677671
4.3159260160015425	0.3339306072390854
4.331216465529205	0.33392427770447136
4.338861690293037	0.33392091425351095
4.346506915056867	0.33391742360412785
4.361797364584529	0.33391007624053637
4.392378263639852	0.33389402596715173
4.400023488403683	0.33388975364190926
4.407668713167514	0.33388538517912963
4.422959162695175	0.3338763753715351
4.453540061750499	0.33385736704930896
4.461185286514331	0.3338524282460548
4.468830511278162	0.3338474211898396
4.484120960805823	0.3338372151907622
4.514701859861146	0.33381612575167086
4.5758636579717935	0.33377192110003034
4.584153826130375	0.33376577937974033
4.592443994288956	0.3337596120690396
4.609024330606118	0.33374721375071975
4.642185003240444	0.3337222515335889
4.708506348509095	0.3336722568331257
4.716796516667676	0.3336660493819544
4.725086684826258	0.33365985951625965
4.741667021143421	0.33364754053891466
4.774827693777746	0.3336231940692286
4.841149039046396	0.3335760540679232
4.849439207204977	0.333570339593428
4.857729375363559	0.33356466905824744
4.874309711680722	0.3335534640286281
4.907470384315047	0.3335316276919433
4.973791729583698	0.3334904791886624
4.98208189774228	0.33348558810096246
4.990372065900861	0.33348075492943546
5.0069524022180225	0.3334712643508113
5.040113074852348	0.33345300036265946
5.1064344201209995	0.33341942903882077
5.114173740858005	0.33341577116644866
5.12191306159501	0.33341216779516974
5.137391703069021	0.3334051248068077
5.168348986017041	0.3333916955034682
5.176088306754046	0.3333884749338499
5.183827627491052	0.3333853087514071
5.199306268965062	0.3333791387864881
5.230263551913083	0.333367443125595
5.238002872650089	0.33336465232246004
5.245742193387094	0.3333619143833802
5.2612208348611045	0.33335659633582604
5.292178117809125	0.33334658523914973
5.29991743854613	0.33334421076609605
5.307656759283136	0.33334188688991906
5.323135400757145	0.3333373894865033
5.354092683705167	0.33332898598358085
5.361832004442173	0.33332700619369715
5.3695713251791775	0.3333250741173063
5.385049966653188	0.3333213516502317
5.416007249601209	0.3333144609483638
5.4237465703382135	0.3333128510136975
5.431485891075219	0.3333112852485611
5.446964532549229	0.33330828437329746
5.47792181549725	0.33330279226774295
5.485661136234256	0.3333015227142519
5.493400456971261	0.33330029362312963
5.508879098445272	0.3332979549744106
5.516618419182278	0.3332968444436586
5.5243577399192825	0.3332957723396425
5.539836381393293	0.3332937413799125
5.547575702130299	0.3332927815156562
5.555315022867304	0.3332918580561107
5.5707936643413145	0.3332901183340674
5.578532985078319	0.33328930106302723
5.586272305815324	0.33328851817961297
5.601750947289335	0.3332870535585777
5.609338017543539	0.333286383929832
5.616925087797744	0.3332857454200806
5.632099228306153	0.33328455985719163
5.639686298560358	0.3332840118538695
5.647273368814562	0.33328349301851334
5.662447509322972	0.33328254077458047
5.670034579577177	0.33328210644188444
5.677621649831381	0.33328169935296664
5.685208720085585	0.3332813190460255
5.69279579033979	0.3332809650592595
5.7003828605939955	0.3332806369308671
5.7079699308482	0.33328033419904685
5.715557001102404	0.33328005640199715
5.723144071356609	0.33327980307791644
5.730731141610814	0.33327957376500317
5.7383182118650184	0.3332793680014559
5.745905282119223	0.333279185325473
5.753492352373428	0.33327902527525305
5.761079422627633	0.3332788873889944
5.768666492881837	0.3332787712048956
5.776253563136041	0.3332786762301369
5.783840633390247	0.33327860197281695
5.791427703644452	0.3332785480160873
5.799014773898656	0.3332785139444625
5.80660184415286	0.33327849934245724
5.814188914407065	0.3332785037945861
5.82177598466127	0.3332785268853637
5.829363054915475	0.3332785681993047
5.836950125169679	0.33327862732092356
5.844537195423884	0.3332787038347351
5.852124265678089	0.33327879732525384
5.859711335932293	0.3332789073769944
5.867298406186498	0.33327903357447136
5.874885476440703	0.33327917550219943
5.882472546694908	0.3332793327446931
5.890059616949112	0.3332795048864671
5.9052337574575215	0.33327989218966303
5.912820827711727	0.3332801065010691
5.920407897965931	0.3332803340956262
5.93558203847434	0.33328082774018497
5.943169108728545	0.3332810930931824
5.95075617898275	0.33328137033532224
5.965930319491159	0.333281959093021
5.973517389745364	0.33328226991157556
5.981104459999568	0.3332825912252641
5.996278600507978	0.3332832639440344
6.0266268815247965	0.33328471998908843
6.087323443558433	0.33328800045870133
6.095555457207388	0.33328847698703945
6.103787470856343	0.3332889599683697
6.1202514981542535	0.3332899438846502
6.153179552750074	0.33329197369419666
6.219035661941715	0.3332962084503024
6.350747880324996	0.3333049020743027
6.358979893973951	0.33330543915461835
6.367211907622906	0.33330597428164976
6.3836759349208165	0.333307038051136
6.416603989516637	0.3333091357594873
6.482460098708278	0.33331318080537703
6.490692112357232	0.3333136698080072
6.498924126006187	0.3333141547829867
6.515388153304098	0.3333151123050886
6.548316207899918	0.3333169752235272
6.614172317091559	0.3333204746643792
6.621853483318938	0.33332086213833323
6.629534649546317	0.33332124516674305
6.644896982001075	0.3333219977473716
6.6756216469105905	0.33332344799330693
6.68330281313797	0.3333237989244642
6.690983979365349	0.33332414518131226
6.7063463118201065	0.33332482365313226
6.737070976729623	0.33332612429662406
6.744752142957002	0.3333264377006656
6.752433309184381	0.33332674639250004
6.767795641639139	0.3333273496205988
6.798520306548655	0.333328499275628
6.859969636367687	0.3333305739093575
6.867650802595066	0.33333081252033736
6.8753319688224455	0.3333310465866004
6.890694301277203	0.33333150115112997
6.921418966186719	0.3333323564753504
6.929100132414098	0.33333255927418537
6.936781298641478	0.3333327577258001
6.952143631096235	0.333333141718705
6.982868296005751	0.3333338589825666
6.990549462233131	0.33333402792299094
6.99823062846051	0.33333419277886667
7.013592960915267	0.3333345103293755
7.0443176258247835	0.3333350978231505
7.051998792052163	0.33333523501976925
7.059679958279542	0.3333353684284082
7.0750422907343	0.3333356240472473
7.105766955643816	0.33333609164967404
7.114093065265945	0.3333362086138321
7.1224191748880745	0.3333363215024462
7.139071394132333	0.33333653526707047
7.147397503754463	0.33333663625749993
7.155723613376592	0.33333673339628717
7.172375832620851	0.3333369163477733
7.1807019422429805	0.33333700227489155
7.18902805186511	0.3333370845792061
7.205680271109369	0.33333723854826264
7.214006380731498	0.333337310327424
7.222332490353628	0.33333737871262015
7.2389847095978865	0.33333750549579755
7.247310819220016	0.3333375639951382
7.255636928842145	0.33333761930854106
7.263963038464275	0.3333376714927231
7.272289148086404	0.3333377206044012
7.280615257708534	0.3333377667002924
7.288941367330663	0.33333780983711364
7.305593586574922	0.3333378874604138
7.313919696197051	0.3333379220603267
7.322245805819181	0.33333795392803733
7.33057191544131	0.3333379831202627
7.33889802506344	0.33333800969282446
7.347224134685569	0.3333380336905015
7.3555502443076985	0.33333805516318293
7.363876353929828	0.33333807416361283
7.372202463551957	0.33333809074453535
7.380528573174087	0.33333810495869476
7.388854682796216	0.33333811685883524
7.397180792418346	0.3333381264977009
7.405506902040475	0.33333813392803596
7.4138330116626046	0.33333813920258465
7.422159121284734	0.33333814237409115
7.430485230906863	0.33333814349529955
7.438811340528993	0.3333381426189541
7.447137450151122	0.3333381397977991
7.455463559773252	0.33333813508055715
7.463789669395381	0.3333381285091179
7.472115779017511	0.3333381201298808
7.48044188863964	0.33333810998937474
7.488767998261769	0.3333380981341289
7.497094107883899	0.33333808461067227
7.505420217506028	0.33333806946553385
7.513746327128158	0.33333805274524275
7.522072436750287	0.333338034496328
7.530398546372417	0.33333801476531855
7.538724655994546	0.3333379935987436
7.547050765616675	0.3333379710431321
7.555376875238805	0.3333379471450132
7.572029094483064	0.3333378955172493
7.580355204105193	0.3333378678818736
7.588681313727323	0.33333783908146575
7.605333532971581	0.33333777812920135
7.6386379714601	0.3333376438244094
7.646811830599429	0.3333376085396771
7.6549856897387585	0.33333757240838163
7.671333408017416	0.3333374977420117
7.704028844574731	0.33333733974552915
7.769419717689361	0.33333699671634504
7.9002014639186235	0.33333625434761527
7.908375323057952	0.33333620691851074
7.916549182197281	0.3333361594809475
7.932896900475939	0.33333606465567317
7.965592337033254	0.3333358757330445
8.030983210147884	0.3333355052660492
8.161764956377146	0.3333348148463699
8.169387968094899	0.3333347773701607
8.177010979812653	0.33333474024982346
8.192257003248159	0.33333466708684606
8.22274905011917	0.3333345251412935
8.283733143861191	0.33333425932870503
8.291356155578944	0.33333422784547323
8.298979167296697	0.333334196757938
8.314225190732202	0.3333341357799023
8.344717237603213	0.3333340186815826
8.405701331345234	0.33333380433225807
8.413324343062987	0.3333337793952944
8.42094735478074	0.3333337548663886
8.436193378216245	0.3333337070272124
8.466685425087256	0.3333336161846341
8.474308436805009	0.33333359447336597
8.481931448522761	0.3333335731590793
8.497177471958267	0.33333353171591223
8.527669518829278	0.33333345353243565
8.53529253054703	0.33333343495825196
8.542915542264783	0.33333341676997336
8.558161565700289	0.3333333815455933
8.5886536125713	0.333333315638545
8.596276624289052	0.33333330008654977
8.603899636006805	0.33333328489792313
8.61914565944231	0.3333332555979895
8.649637706313321	0.3333332012179003
8.657905661425824	0.33333318742149176
8.666173616538327	0.33333317402213836
8.682709526763334	0.33333314839828343
8.690977481875837	0.33333313616562515
8.699245436988342	0.33333312431370865
8.715781347213348	0.3333331017357873
8.72404930232585	0.3333330910016257
8.732317257438353	0.3333330806318925
8.74885316766336	0.33333306096939747
8.781924988113373	0.33333302582817376
8.790192943225875	0.3333330178805236
8.79846089833838	0.3333330102564807
8.814996808563386	0.33333299595784643
8.823264763675889	0.33333298927256977
8.831532718788392	0.33333298288952995
8.848068629013397	0.3333329710087905
8.8563365841259	0.3333329655004057
8.864604539238403	0.33333296027288734
8.872872494350908	0.3333329553208928
8.88114044946341	0.33333295063907953
8.889408404575914	0.3333329462238253
8.897676359688418	0.3333329420722821
8.914212269913424	0.33333293454256
8.922480225025927	0.333332931155495
8.93074818013843	0.33333292801437003
8.939016135250933	0.3333329251147419
8.947284090363436	0.33333292245216767
8.963820000588441	0.33333291782040864
8.980355910813449	0.3333329140835484
9.013427731263462	0.33333290914943287
9.046499551713474	0.3333329073444613
9.079571372163487	0.33333290837197876
9.1126431926135	0.33333291193777775
9.129179102838506	0.3333329145862724
9.145715013063512	0.333332917774922
9.162250923288518	0.33333292147438454
9.178786833513525	0.3333329256553181
9.186503941204453	0.33333292776303186
9.194221048895379	0.3333329299662358
9.209655264277234	0.3333329346471845
9.240523695040942	0.33333294502370275
9.24824080273187	0.3333329478122632
9.255957910422797	0.3333329506732987
9.27139212580465	0.33333295660251394
9.30226055656836	0.3333329692175543
9.309977664259286	0.33333297251394833
9.317694771950213	0.3333329758622555
9.333128987332067	0.3333329827043282
9.363997418095776	0.3333329969101894
9.425734279623192	0.33333302700243606
9.433451387314118	0.33333303088033434
9.441168495005046	0.33333303477698106
9.4566027103869	0.3333330426179866
9.487471141150609	0.33333305843111394
9.549208002678025	0.3333330902187462
9.67268172573286	0.3333331524561156
9.681043776818537	0.3333331564976431
9.689405827904213	0.3333331605146718
9.70612993007557	0.33333316847093397
9.73957813441828	0.3333331840415596
9.8064745431037	0.33333321356947715
9.814836594189378	0.3333332170878244
9.823198645275056	0.33333322056414977
9.83992274744641	0.3333332273864347
9.87337095178912	0.3333332405432891
9.94026736047454	0.3333332648931776
9.948629411560217	0.3333332677444178
9.956991462645895	0.33333327055144724
9.97371556481725	0.33333327603115354
10.007163769159959	0.33333328644152715
10.015525820245637	0.33333328893162145
10.023887871331315	0.3333332913794741
10.04061197350267	0.3333332961484544
10.07406017784538	0.33333330517951504
10.090784280016734	0.3333333094415954
10.10750838218809	0.33333331353470913
10.140956586530802	0.3333333212162398
10.157680688702158	0.33333332481734446
10.174404790873512	0.33333332826352935
10.207852995216221	0.33333333469113985
10.224272596421976	0.3333333376196664
10.240692197627729	0.33333334039886314
10.273531400039236	0.3333333455166863
10.28995100124499	0.3333333478753424
10.306370602450745	0.33333335010490767
10.339209804862252	0.3333333541767654
10.372049007273759	0.3333333577322595
10.404888209685268	0.33333336078913384
10.437727412096775	0.33333336344061293
10.470566614508282	0.333333365700219
10.601923424154315	0.3333333708948611
10.733280233800345	0.3333333713394872
10.855823484701158	0.33333336863942936
10.978366735601973	0.3333333640468686
11.03963836105238	0.3333333613429058
11.100909986502787	0.33333335848097934
11.2234532374036	0.3333333527079871
11.28988441001201	0.33333334968621253
11.356315582620422	0.3333333468011476
11.422746755228832	0.3333333441180141
11.489177927837241	0.33333334164365513
11.622040273054061	0.33333333740473925
11.754902618270883	0.3333333341691206
12.003000191214088	0.3333333305422546
12.251097764157295	0.3333333293136023
12.494323321650882	0.3333333296794219
12.73754887914447	0.33333333077440397
13.00141262527007	0.3333333318912808
13.265276371395672	0.3333333327432016
13.511513000030838	0.33333333341906224
13.757749628666005	0.3333333338403784
14.024624445933185	0.33333333386962444
14.291499263200366	0.33333333365197537
14.553502065017927	0.3333333333899875
14.81550486683549	0.3333333331599952
15.059880551162616	0.3333333329717422
15.304256235489742	0.33333333280536487
15.569270108448883	0.33333333264571696
15.834283981408023	0.333333332503475
16.081670736876728	0.33333333238258206
16.329057492345434	0.3333333322695632
16.571572232364524	0.3333333321630177
16.81408697238361	0.3333333320815291
17.077239901034712	0.33333333208341565
17.340392829685815	0.3333333321708872
17.58591864084648	0.33333333231890516
17.831444452007148	0.33333333252086644
18.09760845179983	0.33333333278921523
18.36377245159251	0.33333333309665236
18.612309333894757	0.33333333340785776
18.860846216197	0.33333333373182883
19.10451108304963	0.33333333400960846
19.348175949902256	0.3333333341488054
19.612479005386895	0.33333333415531446
19.876782060871538	0.3333333340302138
20.123457998865746	0.3333333338116913
20.37013393685995	0.3333333335109271
20.63744806348617	0.3333333331102994
20.90476219011239	0.3333333326513638
21.16720430128899	0.3333333321633144
21.42964641246559	0.3333333316573017
21.674461406151757	0.33333333134443666
21.919276399837923	0.33333333130321496
22.184729582156102	0.333333331515171
22.450182764474285	0.3333333319403897
22.69800882930203	0.33333333248114105
22.945834894129774	0.3333333331147402
23.1887889435079	0.33333333378269425
23.431742992886026	0.33333333431925494
23.695335230896166	0.3333333345549356
23.958927468906307	0.33333333448801455
24.204892589426013	0.3333333342065562
24.45085770994572	0.333333333764522
24.725428599870817	0.3333333331423551
24.99999948979592	0.33333333245108926