5.10204081632653e-7	5.10203572021187e-6
0.00766794801399067	0.07608831632542426
0.015335385823899707	0.14982730367997954
0.023002823633808744	0.21955591219775367
0.030670261443717782	0.2837394656871156
0.03833769925362682	0.34100734200986516
0.04600513706353586	0.39018167525588743
0.053672574873444893	0.4302995613848055
0.06134001268335393	0.46063193861761914
0.06900745049326296	0.4806934948822828
0.076674888303172	0.4902502630727152
0.08434232611308104	0.48931858153325986
0.09200976392299007	0.478158288627412
0.09967720173289911	0.45726210719596594
0.10734463954280815	0.4273389330755543
0.11501207735271718	0.38929185714449743
0.12267951516262622	0.34419269893157994
0.13034695297253526	0.2932532836573497
0.1380143907824443	0.23779431633950956
0.15334926640226237	0.1189425823976237
0.1610167042121714	0.05843055108661853
0.16868414202208043	-0.0009078322957195989
0.17635157983198946	-0.05771561873858646
0.1840190176418985	-0.11072572244349291
0.19168645545180757	-0.15878841991572415
0.1993538932617166	-0.200895374954192
0.20702133107162562	-0.2362002466901673
0.21468876888153465	-0.26403456551235377
0.22235620669144368	-0.28391924753253595
0.23002364450135274	-0.29557143875610403
0.2376910823112618	-0.29890663920963634
0.24535852012117082	-0.29403616471738214
0.25302595793107985	-0.28126023473597833
0.26069339574098893	-0.261056061326806
0.26836083355089796	-0.23406402370714066
0.276028271360807	-0.20106783636691244
0.283695709170716	-0.16297348006926887
0.29136314698062504	-0.12078505970921176
0.3066980226004431	-0.028479588125418974
0.3143654604103521	0.019373522802982067
0.32203289822026115	0.0668467613029867
0.32970033603017024	0.11284183493822719
0.33736777384007927	0.1563198320582493
0.3450352116499883	0.19632429266736265
0.3527026494598974	0.23200133673122203
0.3603700872698064	0.2626174552004467
0.36803752507971543	0.28757382416115745
0.37570496288962446	0.30641720566900227
0.3833724006995335	0.31884720450219245
0.3910398385094425	0.32471981906964703
0.39870727631935154	0.32404717941517597
0.4063747141292606	0.31699405204271847
0.4140421519391696	0.30386970118250256
0.4217095897490787	0.28511837128925277
0.4293770275589877	0.2613052743457481
0.43704446536889674	0.23310064705127018
0.4447119031788058	0.20126215890806162
0.4600467787986239	0.1300302364177242
0.4677142166085329	0.09240575603273067
0.47538165441844193	0.054642252189209914
0.49071653003826	-0.017804454222826574
0.4990289112429194	-0.05349942040744994
0.5073412924475789	-0.08548936830228208
0.5156536736522384	-0.11298989127113275
0.5239660548568978	-0.1353588578648491
0.5322784360615573	-0.15211052730920582
0.5405908172662168	-0.16292470375042603
0.5489031984708763	-0.16765184409954717
0.5572155796755358	-0.16631234585408594
0.5655279608801953	-0.15909228021117444
0.5738403420848548	-0.14633408403581796
0.5821527232895143	-0.12852333649947426
0.5904651044941737	-0.10627194288420591
0.598777485698833	-0.08029827762625827
0.6070898669034925	-0.05140491250537665
0.6237146293128115	0.011655101398184705
0.632027010517471	0.04401655993539999
0.6403393917221305	0.07573792714545284
0.64865177292679	0.10596677906768476
0.6569641541314495	0.13391254206486636
0.665276535336109	0.15886637403185372
0.6735889165407685	0.18021942736700905
0.681901297745428	0.19747578532704096
0.6902136789500873	0.21026402651186932
0.6985260601547467	0.218344147644264
0.7068384413594062	0.22161090475234968
0.7151508225640657	0.22009339033352054
0.7234632037687252	0.21395099181841948
0.7317755849733847	0.2034657901064522
0.7400879661780442	0.18903198829837065
0.7484003473827037	0.17114143836961707
0.7567127285873632	0.15036912384140744
0.7650251097920227	0.12735454805252824
0.7733374909966821	0.10278281330268457
0.789962253406001	0.05181707540804197
0.7982746346106604	0.026841964679716074
0.8065870158153199	0.0031089735514383543
0.8148993970199794	-0.01876286753187631
0.8232117782246389	-0.03822079581273776
0.8315241594292984	-0.054791775592996264
0.8398365406339579	-0.06809338182405832
0.8481489218386173	-0.077842073966008
0.8564613030432768	-0.08385850545177057
0.8647736842479363	-0.08606987076802187
0.8730860654525958	-0.08450932593352295
0.8813984466572553	-0.07931264604953317
0.8897108278619147	-0.07071153098907358
0.8980232090665741	-0.05902523613284398
0.9063355902712336	-0.044649595008633594
0.914647971475893	-0.028044297649726248
0.9229603526805525	-0.009718737313609931
0.931272733885212	0.009783155772679929
0.9395851150898715	0.02989864938952682
0.9562098774991905	0.06972038039084971
0.96452225870385	0.08834790409947536
0.9728346399085095	0.10546026411626694
0.981147021113169	0.12062647431724376
0.9894594023178284	0.13347941126141513
0.9977717835224877	0.14372426717166992
1.0060841647271472	0.1511448298146245
1.0143965459318067	0.1556074724972741
1.0227089271364662	0.157062837911136
1.0304704609195494	0.15573584482362318
1.0382319947026328	0.15190762603554006
1.0459935284857163	0.14572742890096047
1.0537550622687997	0.13739645590461103
1.061516596051883	0.12716342015025722
1.0692781298349665	0.11531663618101634
1.07703966361805	0.10217620752197107
1.0848011974011333	0.08808583134247805
1.0925627311842168	0.07340398679741857
1.1003242649673002	0.05849500740032571
1.1080857987503836	0.04372030237150368
1.1158473325334668	0.02942971407295002
1.12360886631655	0.015953468201715212
1.1313704000996334	0.0035947877510920565
1.1391319338827168	-0.007376798027699178
1.1468934676658002	-0.016731114010204655
1.1546550014488837	-0.024281936941919366
1.162416535231967	-0.02989040847610595
1.1701780690150505	-0.0334672583024018
1.177939602798134	-0.034973635983994264
1.1857011365812173	-0.03442147214715656
1.1934626703643008	-0.031871257228697714
1.2012242041473842	-0.027429876855836335
1.2089857379304674	-0.021246925596138763
1.2167472717135506	-0.013510163355492743
1.224508805496634	-0.004440175027973302
1.2322703392797174	0.005715640095238813
1.2400318730628008	0.016689655324039335
1.2477934068458842	0.028200887795366215
1.2555549406289677	0.039962006479452174
1.2710780081951345	0.06309450756107995
1.278839541978218	0.07392140065238856
1.2866010757613013	0.08392170628644684
1.2943626095443848	0.09287555172477747
1.302124143327468	0.1005931235625108
1.3098856771105511	0.10691853137783443
1.3176472108936346	0.11173265724099381
1.325408744676718	0.11495531149380254
1.3331702784598014	0.11654613700549846
1.3409318122428848	0.11650468770427756
1.3486933460259682	0.11486952069127516
1.3564548798090517	0.11171637760847855
1.364216413592135	0.10715551960698501
1.3719779473752185	0.10132831770103648
1.379739481158302	0.09440306473565273
1.3875010149413853	0.08657052996211481
1.3952625487244685	0.07803868938697406
1.4030240825075517	0.06902744942500637
1.4107856162906351	0.059763122588361375
1.4185471500737186	0.05047284029257824
1.426308683856802	0.04137915123846897
1.4340702176398854	0.032694765523840645
1.4418317514229688	0.02461770214942994
1.4495932852060522	0.01732694187866397
1.4573548189891357	0.010978592323821753
1.465116352772219	0.005702606639650896
1.4728778865553025	0.0016003172306430795
1.480639420338386	-0.0012572983410869256
1.488400954121469	-0.0028306099907477408
1.4961624879045523	-0.0031115587308022624
1.5039240216876357	-0.0021231868976568933
1.5116855554707191	0.00008171693711980267
1.5194470892538026	0.0034223939014140095
1.5270563725540853	0.0076980218100792894
1.534665655854368	0.012843006573660835
1.5422749391546509	0.01871961450478541
1.5498842224549336	0.025176368130548268
1.5574935057552164	0.03205181599333603
1.5651027890554992	0.03917858877533776
1.580321355656065	0.05351073251890617
1.587930638956348	0.060386944458161874
1.5955399222566307	0.06686364009332359
1.6031492055569134	0.07280115659608952
1.6107584888571962	0.07807533328164364
1.618367772157479	0.08257993928070435
1.6259770554577617	0.08622875127403128
1.6335863387580445	0.08895736862230834
1.6411956220583273	0.09072399565833443
1.64880490535861	0.09150980032017429
1.6564141886588928	0.09131863396811529
1.6640234719591755	0.09017707303746357
1.6716327552594583	0.0881327840787891
1.679242038559741	0.08525308572541043
1.6868513218600238	0.08162296311374777
1.6944606051603066	0.0773427341902106
1.7020698884605896	0.07252538726704003
1.7096791717608726	0.06729369382737328
1.7172884550611554	0.06177715667096312
1.7325070216617209	0.0504225737807477
1.7401163049620036	0.04484914864710351
1.7477255882622864	0.03951411020770107
1.7553348715625692	0.03453461144992566
1.762944154862852	0.03001698531094814
1.7705534381631347	0.0260545645839187
1.7781627214634175	0.02272583868656082
1.7857720047637002	0.020092968104121662
1.793381288063983	0.018200711216249173
1.8009905713642658	0.017075814365807247
1.8085998546645485	0.016726795237159683
1.8162091379648313	0.01714415906291291
1.8238184212651143	0.018301022958700005
1.8314277045653973	0.020154130460547877
1.83903698786568	0.022645196462267987
1.8466462711659628	0.025702649015591824
1.8542555544662456	0.029243409700934312
1.8618648377665283	0.03317525718798533
1.869474121066811	0.03739909656809268
1.8846926876673766	0.046306325550090385
1.8923019709676594	0.050778992540707904
1.8999112542679422	0.05512713619009628
1.907520537568225	0.05925368954815227
1.9151298208685077	0.06306880335298755
1.9227391041687905	0.06649191059997764
1.9303483874690732	0.06945331176893421
1.937957670769356	0.07189541433876122
1.945566954069639	0.07377374691862876
1.953176237369922	0.07505786125624622
1.9607855206702047	0.07573178854147453
1.9683948039704875	0.07579385365763039
1.9760040872707703	0.07525637458848335
1.983613370571053	0.0741451398012977
1.9912226538713358	0.07249877124458642
1.9988319371716186	0.07036705668626554
2.0064412204719013	0.06780995206641494
2.0146954471669343	0.06463473760224388
2.0229496738619677	0.06113545423348266
2.0394581272520345	0.05357769336572638
2.047712353947068	0.049731460748444846
2.055966580642101	0.04597983120679347
2.0642208073371338	0.04242176938586445
2.072475034032167	0.039148555028854844
2.0807292607272005	0.036241568712976124
2.0889834874222335	0.033770328193711334
2.0972377141172664	0.03179088867350214
2.1054919408123	0.030344631052152626
2.1137461675073332	0.029457589330448047
2.1220003942023666	0.029139947577976843
2.1302546208974	0.02938638912066432
2.138508847592433	0.03017646976825681
2.146763074287466	0.03147557321499903
2.1550173009824993	0.033236190223568024
2.1632715276775327	0.03539951363931637
2.171525754372566	0.037897298495354226
2.1797799810675995	0.04065393906686536
2.1880342077626325	0.043588696858128495
2.204542661152699	0.04965778849385523
2.212796887847732	0.05262574966945839
2.221051114542765	0.05544353854165338
2.229305341237798	0.05803877245069083
2.2375595679328315	0.06034684247974809
2.245813794627865	0.06231246734736719
2.2540680213228983	0.06389096377470883
2.2623222480179317	0.06504919941911345
2.2705764747129646	0.06576619703077984
2.2788307014079976	0.06603340082289402
2.287084928103031	0.06585456069656014
2.2953391547980644	0.06524554979030586
2.303593381493098	0.06423317869417647
2.311847608188131	0.06285462636826317
2.320101834883164	0.06115616400114172
2.328356061578197	0.05919143856647797
2.3366102882732305	0.05701993583358631
2.344864514968264	0.054705346674271335
2.353118741663297	0.052313670707070256
2.3613729683583298	0.049911309654131514
2.369627195053363	0.04756338414803608
2.3778814217483966	0.045332007884548865
2.38613564844343	0.043274418214376435
2.3943898751384634	0.04144192318495721
2.4026441018334963	0.03987867545084551
2.4108983285285293	0.0386200346924371
2.4191525552235627	0.03769254834239115
2.427406781918596	0.03711340597789454
2.4356610086136294	0.03688944197675592
2.443915235308663	0.03701802419786382
2.452169462003696	0.03748731048374833
2.4604236886987287	0.03827606677696413
2.468677915393762	0.039355186367660736
2.4769321420887955	0.040688591389045646
2.4851863687838285	0.04223398900716687
2.4934405954788614	0.043944489330878266
2.501694822173895	0.04576988494050719
2.5099490488689282	0.047658094911960436
2.5182032755639616	0.04955661849129288
2.534711728954028	0.05318098777309032
2.542415108227485	0.05470844136731032
2.550118487500942	0.05608433291792342
2.5578218667743995	0.05727973469928929
2.565525246047857	0.05827064542437325
2.573228625321314	0.05903841300527284
2.580932004594771	0.05957006601076152
2.588635383868228	0.059858486192797204
2.596338763141685	0.05990244243872029
2.6040421424151425	0.05970648021587462
2.6117455216885994	0.05928070287455829
2.6194489009620563	0.05864037756806264
2.6271522802355136	0.057805474732145194
2.634855659508971	0.05680008816249995
2.642559038782428	0.055651773755041045
2.6502624180558847	0.054390822609980544
2.657965797329342	0.05304948555901754
2.6656691766027993	0.05166116905964245
2.673372555876256	0.05025962134291699
2.681075935149713	0.04887813718751041
2.6887793144231704	0.047548756275063955
2.6964826936966277	0.04630156802867725
2.704186072970085	0.04516406427184287
2.7118894522435424	0.044160527216992235
2.7195928315169993	0.043311491152794486
2.727296210790456	0.042633392453249
2.7349995900639135	0.04213829318839858
2.742702969337371	0.041833696547769104
2.750406348610828	0.0417224059417398
2.7581097278842854	0.04180261397414499
2.7658131071577423	0.04206805359135097
2.773516486431199	0.0425082483319185
2.7812198657046565	0.0431088519345743
2.788923244978114	0.04385207055732801
2.7966266242515707	0.04471715284024907
2.8043300035250276	0.045680947493518115
2.812033382798485	0.04671851534456049
2.8197367620719422	0.047803754335863605
2.827440141345399	0.048910038632809544
2.8428468998923133	0.051080395715904635
2.8505502791657706	0.052094223986755256
2.8582536584392275	0.05302975183946893
2.8659570377126844	0.05386675456038352
2.8736604169861417	0.054587781589831935
2.881363796259599	0.05517850190606648
2.8890671755330564	0.05562798513681215
2.8967705548065137	0.05592889038692777
2.9044739340799706	0.056077511177191605
2.9121773133534274	0.05607391647812365
2.9198806926268848	0.05592150927155394
2.927584071900342	0.055627440038330665
2.9352874511737994	0.05520177317859969
2.9429908304472567	0.054657519508073876
2.9506942097207136	0.054010280661266535
2.9583975889941705	0.05327755192827094
2.966100968267628	0.05247858333932548
2.973804347541085	0.05163368201442998
2.981507726814542	0.05076377514969386
2.989211106087999	0.049889913001261554
2.996914485361456	0.0490327379529579
3.0046178646349135	0.048212087378574964
3.0123212439083704	0.04744636693203081
3.0200246231818273	0.04675240922149006
3.0277280024552846	0.046144900827245296
3.036076325123492	0.04559829771674283
3.0444246477916996	0.045179892118379694
3.052772970459907	0.04489804549830984
3.0611212931281147	0.04475712334831831
3.069469615796322	0.04475752800077601
3.0778179384645297	0.044895785586479976
3.086166261132737	0.045164679344035716
3.094514583800945	0.045553519330612025
3.102862906469153	0.046048604952611136
3.1112112291373606	0.046633662246087636
3.119559551805568	0.04729031961526703
3.1279078744737756	0.047998658979743
3.136256197141983	0.048737862536588746
3.1446045198101906	0.04948675669164263
3.1613011651466056	0.05093079313291234
3.169649487814813	0.05158712104658152
3.1779978104830207	0.05217653922723773
3.186346133151228	0.05268442848163934
3.1946944558194357	0.053098785403480855
3.203042778487643	0.05341048544794327
3.2113911011558507	0.05361346347211075
3.219739423824058	0.05370480121645792
3.228087746492266	0.05368474624206111
3.236436069160474	0.053556605243249976
3.2447843918286816	0.0533265886475626
3.253132714496889	0.05300356543532017
3.2614810371650966	0.05259875251947389
3.269829359833304	0.05212534749053917
3.2781776825015116	0.05159811535501054
3.2948743278379267	0.050446366960657206
3.303222650506134	0.049855112293954826
3.3115709731743417	0.04927561500560755
3.319919295842549	0.0487235813602576
3.3282676185107567	0.048213575006163745
3.336615941178964	0.047758635441046
3.3449642638471717	0.047369944182865636
3.3533125865153792	0.04705659007752824
3.361660909183587	0.04682538029453551
3.370009231851795	0.04668067069590932
3.3783575545200026	0.046624294037977985
3.38670587718821	0.04665561738900657
3.3950541998564177	0.0467716220208017
3.403402522524625	0.04696701905527829
3.4117508451928327	0.047234440825836096
3.42009916786104	0.047564721061053965
3.4284474905292477	0.04794718813158785
3.436795813197455	0.04836999549164347
3.4451441358656627	0.048820475642884324
3.461840781202078	0.04975189367161881
3.470189103870286	0.050206726790625565
3.4785374265384936	0.05063773598488138
3.486885749206701	0.05103361288227207
3.4952340718749086	0.05138429836720236
3.503582394543116	0.05168122970173363
3.5119307172113237	0.051917539810940196
3.520279039879531	0.052088203951548936
3.5286273625477387	0.05219013613167815
3.536975685215946	0.05222222234665901
3.5453240078841537	0.05218530454040471
3.553672330552361	0.05208210862176863
3.562020653220569	0.05191712263131677
3.5702167254059765	0.05170091109794713
3.5784127975913833	0.05143805965031547
3.58660886977679	0.05113669752921828
3.594804941962197	0.05080578099686085
3.603001014147604	0.050454835317084015
3.611197086333011	0.05009368750710248
3.6275892307038253	0.04937999481811222
3.635785302889232	0.04904623569349711
3.643981375074639	0.04873934021807711
3.652177447260046	0.04846682109336646
3.660373519445453	0.048235122364602305
3.6685695916308605	0.0480494020311463
3.6767656638162673	0.04791347145333767
3.684961736001674	0.0478297634025273
3.693157808187081	0.04779924107134154
3.701353880372488	0.04782139835727743
3.7095499525578948	0.04789437632460922
3.7177460247433016	0.048015018819110244
3.725942096928709	0.04817893487056661
3.7341381691141162	0.0483807095065534
3.742334241299523	0.04861407002557673
3.75053031348493	0.04887202254505134
3.758726385670337	0.049147108785760445
3.7669224578557436	0.049431593795417506
3.7751185300411505	0.04971767774335332
3.7833146022265574	0.049997707672488595
3.7915106744119647	0.05026436658749474
3.799706746597372	0.05051091226311974
3.807902818782779	0.05073122886785197
3.8160988909681857	0.050920121472334205
3.8242949631535925	0.05107332977609924
3.8324910353389994	0.05118761851160814
3.8406871075244062	0.0512609005167388
3.848883179709813	0.051292222541082455
3.8570792518952204	0.0512817702514368
3.8652753240806277	0.05123083669764781
3.8734713962660345	0.051141760766511946
3.8816674684514414	0.05101783977016561
3.8898635406368482	0.05086321788011265
3.898059612822255	0.05068275615136072
3.9062556850076624	0.05048188519883486
3.9226478293784766	0.050042529097578024
3.9308439015638834	0.049816297470737146
3.9390399737492903	0.04959382980929199
3.947236045934697	0.04938095853739655
3.9554321181201044	0.049183112282092316
3.9636281903055117	0.04900518921341587
3.9718242624909186	0.048851445407626745
3.9800203346763254	0.04872539044243012
3.9882164068617323	0.048629699675471046
3.9964124790471396	0.04856618010718485
4.004608551232547	0.048535742803539526
4.012804623417954	0.04853840750911279
4.021000695603361	0.04857327844784726
4.0291967677887675	0.04863864983342824
4.037392839974174	0.04873205559078873
4.045588912159581	0.048850313877331346
4.053784984344988	0.04898967330191853
4.061981056530395	0.04914592142570549
4.070177128715802	0.049314481802682344
4.086569273086616	0.04966932479941286
4.094214497850448	0.04983420953213368
4.101859722614279	0.04999343205784794
4.10950494737811	0.05014342953135795
4.11715017214194	0.0502809335040953
4.124795396905771	0.05040303974730349
4.132440621669602	0.050507264625755915
4.140085846433433	0.05059159778647529
4.1477310711972635	0.050654536462169
4.155376295961094	0.050695107317877186
4.163021520724925	0.05071287676262878
4.170666745488756	0.050707948852539673
4.178311970252587	0.05068095184908934
4.185957195016417	0.05063301248249848
4.193602419780248	0.05056571738415606
4.201247644544079	0.05048106572718475
4.208892869307911	0.05038141372614643
4.216538094071742	0.050269411818562766
4.224183318835573	0.0501479365178998
4.239473768363235	0.04988877068783618
4.247118993127065	0.04975730993708306
4.254764217890896	0.04962868988837947
4.262409442654727	0.04950582806109984
4.270054667418558	0.049391441935647505
4.2776998921823886	0.049287995070489275
4.285345116946219	0.049197627540808836
4.29299034171005	0.04912215353707314
4.300635566473881	0.049062958980039706
4.308280791237712	0.049021081827967126
4.3159260160015425	0.048997066426899286
4.323571240765373	0.04899108863605151
4.331216465529205	0.04900286853108549
4.338861690293037	0.04903172484790433
4.346506915056867	0.04907661934251988
4.354152139820698	0.0491361233685838
4.361797364584529	0.049208549598301975
4.36944258934836	0.04929190824162962
4.3770878141121905	0.04938402843153006
4.392378263639852	0.0495851114092095
4.400023488403683	0.04968917540336044
4.407668713167514	0.04979232209166378
4.415313937931344	0.04989217673592926
4.422959162695175	0.04998649943870238
4.430604387459006	0.05007322893541994
4.438249612222837	0.050150526851142324
4.4458948369866675	0.050216815267557016
4.453540061750499	0.05027080717787376
4.461185286514331	0.050311529749339216
4.468830511278162	0.05033833927175556
4.4764757360419924	0.050350929687789384
4.484120960805823	0.05034933137395812
4.491766185569654	0.050333903079903465
4.499411410333485	0.05030531629709682
4.507056635097316	0.05026453230708932
4.514701859861146	0.05021277328967342
4.522347084624977	0.05015148807388148
4.529992309388808	0.05008231343184835
4.5452827589164695	0.049927526512568876
4.5529279836803	0.04984573880920609
4.560573208444131	0.049763613571907214
4.5758636579717935	0.0496059259532404
4.584153826130375	0.049528112008883365
4.592443994288956	0.04945828953916157
4.600734162447537	0.049398152844154615
4.609024330606118	0.049349107707254834
4.617314498764699	0.04931222078496536
4.625604666923281	0.04928818545212251
4.633894835081863	0.04927735012695743
4.642185003240444	0.04927968633802595
4.650475171399025	0.049294796541059505
4.658765339557607	0.04932196569269728
4.667055507716189	0.049360155765991204
4.67534567587477	0.049408050297525735
4.6836358440333505	0.04946411426710761
4.691926012191932	0.04952661734328995
4.708506348509095	0.049663421954142195
4.716796516667676	0.04973382164538463
4.725086684826258	0.049802967531880044
4.73337685298484	0.04986900141865938
4.741667021143421	0.04993021216723914
4.749957189302002	0.04998504301041732
4.758247357460583	0.05003216302429055
4.766537525619164	0.05007048162196203
4.774827693777746	0.05009916066388093
4.7831178619363275	0.05011767527734234
4.7914080300949085	0.05012574558989374
4.799698198253489	0.050123437351856495
4.80798836641207	0.050111038630232724
4.816278534570651	0.05008916163646438
4.824568702729233	0.05005861424933141
4.832858870887815	0.05002045532922507
4.841149039046396	0.04997590230443796
4.849439207204977	0.04992632580219097
4.857729375363559	0.04987320164534712
4.874309711680722	0.049762457908727506
4.882599879839303	0.049707915327683205
4.8908900479978845	0.04965589084873243
4.899180216156466	0.049607741846791946
4.907470384315047	0.04956468574597168
4.915760552473628	0.04952775930624356
4.92405072063221	0.04949783182518305
4.932340888790792	0.04947553208855366
4.940631056949373	0.049461288077236584
4.948921225107954	0.049455289871677736
4.957211393266535	0.049457489886931036
4.965501561425116	0.04946764123683848
4.973791729583698	0.04948525717597095
4.98208189774228	0.04950968571677347
4.990372065900861	0.049540089330280715
4.9986622340594415	0.04957549309586315
5.0069524022180225	0.049614813706173384
5.0152425703766035	0.049656882845479575
5.023532738535185	0.049700487572063794
5.040113074852348	0.049787425852418785
5.048403243010929	0.049828406831968985
5.056693411169511	0.04986627728517582
5.064983579328093	0.04990009036237231
5.073273747486674	0.049929014953960175
5.081563915645255	0.04995239170311179
5.089854083803837	0.04996971838393585
5.0981442519624185	0.04998066720957986
5.1064344201209995	0.04998510707508161
5.114173740858005	0.04998339756502714
5.12191306159501	0.04997621781891867
5.129652382332015	0.04996385601598207
5.137391703069021	0.04994672896086714
5.145131023806026	0.04992535229572459
5.152870344543031	0.04990032930034493
5.160609665280036	0.049872341503548974
5.168348986017041	0.04984211833414994
5.176088306754046	0.04981043152811028
5.183827627491052	0.049778066240629394
5.191566948228057	0.049745807042778076
5.199306268965062	0.049714416958052204
5.2070455897020675	0.049684622306024606
5.214784910439072	0.04965709491809405
5.222524231176077	0.049632434789172085
5.230263551913083	0.04961116256916779
5.238002872650089	0.04959370761321248
5.245742193387094	0.04958039564937807
5.253481514124099	0.049571447085129054
5.2612208348611045	0.04956697598300627
5.268960155598109	0.04956698230376285
5.276699476335114	0.049571368895534755
5.28443879707212	0.04957992334459736
5.292178117809125	0.04959235508701885
5.29991743854613	0.04960827125890537
5.307656759283136	0.04962722173100789
5.3153960800201405	0.04964867998667466
5.323135400757145	0.04967208362260171
5.330874721494151	0.04969682895360313
5.338614042231156	0.04972229946261851
5.354092683705167	0.049772940220701715
5.361832004442173	0.049796917113892905
5.3695713251791775	0.04981925843985397
5.377310645916182	0.04983947038228356
5.385049966653188	0.04985712308377837
5.392789287390193	0.04987185614345957
5.400528608127198	0.04988338365983535
5.408267928864204	0.04989150883814635
5.416007249601209	0.04989611479852949
5.4237465703382135	0.049897171798504975
5.431485891075219	0.0498947392575546
5.439225211812224	0.04988895248501157
5.446964532549229	0.04988002514682813
5.454703853286235	0.049868246268145865
5.46244317402324	0.04985395635225775
5.470182494760245	0.04983755751608427
5.47792181549725	0.049819483461236616
5.485661136234256	0.04980020497018587
5.493400456971261	0.049780205994417744
5.508879098445272	0.049740008373936356
5.516618419182278	0.04972076259958484
5.5243577399192825	0.04970268501169274
5.532097060656287	0.049686173884850075
5.539836381393293	0.04967159004980895
5.547575702130299	0.04965923109695828
5.555315022867304	0.04964934355832175
5.563054343604309	0.04964210220810852
5.5707936643413145	0.04963762067815425
5.578532985078319	0.0496359399062701
5.586272305815324	0.0496370359430551
5.59401162655233	0.04964082150306879
5.601750947289335	0.04964714111143733
5.609338017543539	0.04965559873578119
5.616925087797744	0.04966604952030029
5.624512158051949	0.04967821022974817
5.632099228306153	0.04969176547017832
5.639686298560358	0.04970637315813006
5.647273368814562	0.04972167697295797
5.662447509322972	0.049752912494146546
5.670034579577177	0.049768124641845886
5.677621649831381	0.04978260901545234
5.685208720085585	0.049796051876642995
5.69279579033979	0.04980816771977394
5.7003828605939955	0.049818711448049516
5.7079699308482	0.049827477124736584
5.715557001102404	0.0498343030396041
5.723144071356609	0.04983908074431069
5.730731141610814	0.049841741819021894
5.7383182118650184	0.04984227790135463
5.745905282119223	0.04984072085364754
5.753492352373428	0.049837155648158216
5.761079422627633	0.04983170801971468
5.768666492881837	0.04982454444978982
5.776253563136041	0.049815868572852015
5.783840633390247	0.049805911205634136
5.791427703644452	0.049794930795131455
5.799014773898656	0.0497832001893235
5.814188914407065	0.04975863327748841
5.82177598466127	0.04974637108840167
5.829363054915475	0.04973449759674673
5.836950125169679	0.04972327220352344
5.844537195423884	0.04971294035944519
5.852124265678089	0.04970371360851908
5.859711335932293	0.049695782559551656
5.867298406186498	0.049689294193992595
5.874885476440703	0.0496843699713791
5.882472546694908	0.04968108147804379
5.890059616949112	0.049679470195593364
5.897646687203316	0.04967953506197025
5.9052337574575215	0.049681233866845365
5.912820827711727	0.04968449632447814
5.920407897965931	0.04968920590759406
5.927994968220135	0.049695229318797496
5.93558203847434	0.04970239348299421
5.943169108728545	0.049710513247550214
5.95075617898275	0.049719379457812844
5.965930319491159	0.049738468762584545
5.973517389745364	0.04974823740031044
5.981104459999568	0.0497578546523418
5.988691530253773	0.04976710450982594
5.996278600507978	0.04977578397542395
6.003865670762183	0.04978370804500324
6.011452741016387	0.04979071213375366
6.019039811270591	0.049796656962530945
6.0266268815247965	0.049801431113827135
6.034213951779002	0.049804951507910894
6.041801022033206	0.04980716658355288
6.04938809228741	0.04980805333199355
6.056975162541615	0.0498076230201107
6.0645622327958195	0.04980591357460535
6.072149303050024	0.04980299407801605
6.079736373304229	0.04979895727166095
6.087323443558433	0.04979392175939286
6.095555457207388	0.04978748774234446
6.103787470856343	0.04978023808951319
6.1202514981542535	0.04976416060029109
6.128483511803209	0.049755788881579895
6.136715525452164	0.04974750020933958
6.1449475391011195	0.04973951399192862
6.153179552750074	0.04973203878924339
6.161411566399028	0.04972526034918357
6.169643580047984	0.04971934656097974
6.177875593696939	0.04971443184053831
6.186107607345894	0.049710627352517994
6.19433962099485	0.049708004453673175
6.202571634643805	0.04970660785057424
6.21080364829276	0.049706442172294266
6.219035661941715	0.04970748506376447
6.227267675590669	0.04970967565753347
6.235499689239624	0.049712930105089044
6.24373170288858	0.049717132699098526
6.251963716537535	0.04972214915745061
6.26019573018649	0.04972782385788692
6.268427743835446	0.04973398892399638
6.284891771133355	0.04974707565523247
6.29312378478231	0.049753635223530275
6.301355798431265	0.04975997061317401
6.3095878120802205	0.04976591734395087
6.317819825729176	0.04977132512542951
6.326051839378131	0.04977606157827332
6.334283853027086	0.04978001607105192
6.342515866676042	0.04978310154423504
6.350747880324996	0.049785256521458036
6.358979893973951	0.049786445713693527
6.367211907622906	0.04978665969317952
6.375443921271861	0.04978591747288709
6.3836759349208165	0.049784261242694534
6.391907948569772	0.04978175864952952
6.400139962218727	0.04977849661901696
6.4083719758676825	0.04977458246592702
6.416603989516637	0.04977013604972818
6.424836003165591	0.04976529177915876
6.433068016814547	0.04976018835194381
6.449532044112457	0.049749779790703344
6.457764057761413	0.04974475579269851
6.465996071410368	0.04974002963423242
6.474228085059323	0.04973571918082746
6.482460098708278	0.049731932096440085
6.490692112357232	0.04972875425614793
6.498924126006187	0.049726259886210565
6.507156139655143	0.04972449501812539
6.515388153304098	0.04972349372059758
6.523620166953053	0.04972325992700259
6.531852180602009	0.04972378491856985
6.540084194250964	0.04972503300904083
6.548316207899918	0.04972695519519236
6.556548221548873	0.04972948205166633
6.564780235197828	0.049732531469279945
6.5730122488467835	0.049736008899555845
6.581244262495739	0.049739809993313996
6.589476276144694	0.049743825279230186
6.597708289793649	0.049747941916390176
6.614172317091559	0.04975602984022741
6.621853483318938	0.04975954500668116
6.629534649546317	0.049762785608160054
6.637215815773696	0.04976568228541527
6.644896982001075	0.049768175200856885
6.652578148228454	0.04977021482367239
6.660259314455833	0.049771764012052286
6.667940480683212	0.049772797803334316
6.6756216469105905	0.049773302637563625
6.68330281313797	0.04977328112727733
6.690983979365349	0.04977274244688833
6.698665145592727	0.049771713235421663
6.7063463118201065	0.04977022793181598
6.714027478047486	0.04976833101730731
6.721708644274864	0.04976607798358187
6.729389810502243	0.049763527410539084
6.737070976729623	0.04976074804490881
6.744752142957002	0.04975780885836619
6.752433309184381	0.04975478252925284
6.7601144754117595	0.049751743152806
6.767795641639139	0.049748760583938775
6.775476807866518	0.049745905051240324
6.783157974093896	0.04974323877810066
6.790839140321276	0.049740821492026646
6.798520306548655	0.04973870286821435
6.806201472776034	0.04973692646807008
6.813882639003413	0.04973552594346343
6.821563805230792	0.04973452508716009
6.829244971458171	0.04973393929369991
6.83692613768555	0.04973377121131539
6.8446073039129285	0.049734014951768706
6.852288470140308	0.049734656814959755
6.859969636367687	0.04973567089324862
6.867650802595066	0.04973702765002909
6.8753319688224455	0.04973868542706142
6.883013135049824	0.049740601075601146
6.890694301277203	0.04974272203043494
6.898375467504582	0.049744995553475196
6.906056633731961	0.04974736396246992
6.921418966186719	0.04975215705553986
6.929100132414098	0.04975446924625567
6.936781298641478	0.04975665333416332
6.944462464868856	0.04975866179240273
6.952143631096235	0.04976045139838234
6.9598247973236145	0.04976198323680754
6.967505963550993	0.04976322978316637
6.975187129778372	0.04976416595970092
6.982868296005751	0.04976477821799966
6.990549462233131	0.04976505964430754
6.99823062846051	0.04976500960604247
7.005911794687888	0.049764639343175404
7.013592960915267	0.049763962639840405
7.021274127142647	0.049763003523557336
7.028955293370025	0.04976179096166653
7.036636459597404	0.049760357880880755
7.0443176258247835	0.04975874469483926
7.051998792052163	0.04975699190667116
7.059679958279542	0.04975514416262077
7.0750422907343	0.04975134651658417
7.082723456961679	0.049749486890028304
7.090404623189057	0.04974771143249395
7.098085789416436	0.04974605933608224
7.105766955643816	0.04974456612593572
7.114093065265945	0.04974316368988143
7.1224191748880745	0.04974201751662864
7.130745284510204	0.04974115327960686
7.139071394132333	0.04974058747756077
7.147397503754463	0.0497403282653502
7.155723613376592	0.04974037469832301
7.164049722998722	0.04974071830525938
7.172375832620851	0.04974134176633464
7.1807019422429805	0.04974222249387495
7.18902805186511	0.04974332911653003
7.197354161487239	0.04974462621514934
7.205680271109369	0.04974607362581365
7.214006380731498	0.0497476272259954
7.222332490353628	0.049749243019843674
7.2389847095978865	0.04975247711216442
7.247310819220016	0.049754007383622754
7.255636928842145	0.049755424533873265
7.263963038464275	0.04975669322648214
7.272289148086404	0.04975777960648223
7.280615257708534	0.04975866073594071
7.288941367330663	0.049759315662050864
7.2972674769527925	0.04975973217683153
7.305593586574922	0.049759905128582894
7.313919696197051	0.04975983428919573
7.322245805819181	0.049759529757986344
7.33057191544131	0.049759003970648814
7.33889802506344	0.04975827783598295
7.347224134685569	0.049757376362464384
7.3555502443076985	0.04975632762033899
7.363876353929828	0.049755165493111334
7.372202463551957	0.04975392293529151
7.380528573174087	0.04975263656397818
7.388854682796216	0.049751344555174375
7.397180792418346	0.04975008043976513
7.405506902040475	0.049748878844445114
7.4138330116626046	0.04974777319649066
7.422159121284734	0.04974678905968116
7.430485230906863	0.049745951810210416
7.438811340528993	0.04974528228238324
7.447137450151122	0.04974479212203352
7.455463559773252	0.04974449229219654
7.463789669395381	0.04974438670538259
7.472115779017511	0.049744471495934986
7.48044188863964	0.04974474107920981
7.488767998261769	0.04974518283842436
7.497094107883899	0.049745780309164406
7.505420217506028	0.0497465132818622
7.513746327128158	0.049747358014448906
7.522072436750287	0.04974828921102653
7.538724655994546	0.049750299139699625
7.547050765616675	0.04975132054170703
7.555376875238805	0.04975231403642073
7.563702984860934	0.04975325463990682
7.572029094483064	0.049754116420403324
7.580355204105193	0.04975487819433492
7.588681313727323	0.04975552122303661
7.597007423349452	0.04975602976322618
7.605333532971581	0.04975639478787241
7.613659642593711	0.04975660855010889
7.62198575221584	0.049756669669591684
7.630311861837971	0.04975658020408811
7.6386379714601	0.049756346997750646
7.646811830599429	0.04975598681853503
7.6549856897387585	0.04975551015604815
7.663159548878087	0.0497549319642813
7.671333408017416	0.04975426952882738
7.679507267156745	0.049753542909170216
7.687681126296074	0.04975277194292784
7.704028844574731	0.0497511846577198
7.71220270371406	0.04975041045931511
7.720376562853389	0.04974967674928004
7.7285504219927175	0.049749001096022726
7.736724281132046	0.04974840127529127
7.744898140271375	0.04974788998362525
7.753071999410704	0.04974748023072634
7.761245858550033	0.0497471810336648
7.769419717689361	0.04974699593302475
7.77759357682869	0.049746928217930905
7.785767435968019	0.04974697724438807
7.793941295107348	0.04974713810924397
7.8021151542466765	0.049747405085962065
7.810289013386005	0.049747767617346846
7.818462872525334	0.049748213162818695
7.826636731664664	0.04974872896193519
7.8348105908039924	0.04974929896048235
7.842984449943321	0.04974990659113561
7.851158309082651	0.04975053565801957
7.85933216822198	0.04975116817024698
7.867506027361308	0.049751787122987216
7.875679886500637	0.04975237730420976
7.883853745639966	0.049752922775118814
7.892027604779295	0.04975341038936963
7.9002014639186235	0.04975382927691855
7.908375323057952	0.0497541687928421
7.916549182197281	0.04975442256879894
7.92472304133661	0.04975458620597887
7.932896900475939	0.04975465696897116
7.941070759615267	0.04975463563563402
7.949244618754596	0.049754524933622514
7.957418477893925	0.04975433006987068
7.965592337033254	0.04975405821942999
7.9737661961725825	0.04975371818586963
7.981940055311911	0.04975332081709557
7.99011391445124	0.04975287772985462
7.998287773590569	0.04975240195414378
8.006461632729899	0.04975190672635728
8.014635491869226	0.04975140573246613
8.030983210147884	0.04975043946061303
8.039157069287214	0.04974999910188364
8.047330928426542	0.04974960224126796
8.05550478756587	0.049749258464262876
8.063678646705199	0.04974897480407952
8.071852505844529	0.04974875818607478
8.080026364983857	0.04974861345565903
8.088200224123185	0.049748541603559494
8.096374083262514	0.049748543258872256
8.104547942401844	0.04974861757190295
8.112721801541172	0.049748759773458925
8.1208956606805	0.04974896445667852
8.12906951981983	0.049749225691274594
8.137243378959159	0.04974953446951588
8.145417238098489	0.049749880899015636
8.161764956377146	0.04975064819662372
8.169387968094899	0.04975102006715201
8.177010979812653	0.04975138875463157
8.184633991530406	0.049751746405467485
8.192257003248159	0.049752084409584105
8.199880014965911	0.04975239471646268
8.207503026683664	0.0497526717895043
8.215126038401417	0.04975290999247556
8.22274905011917	0.04975310377829907
8.230372061836922	0.04975325001952468
8.237995073554675	0.04975334696392207
8.245618085272428	0.04975339283301159
8.25324109699018	0.049753387735207405
8.260864108707933	0.04975333299392029
8.268487120425686	0.0497532313881638
8.276110132143438	0.04975308612410381
8.283733143861191	0.04975290179261228
8.291356155578944	0.04975268317834626
8.298979167296697	0.04975243636645477
8.314225190732202	0.04975188336188361
8.321848202449955	0.04975159070424182
8.329471214167707	0.04975129648668042
8.344717237603213	0.049750730363715155
8.352340249320966	0.04975047118108562
8.359963261038718	0.049750235394521364
8.367586272756471	0.049750028075623474
8.375209284474224	0.04974985371020828
8.382832296191976	0.04974971487236526
8.390455307909729	0.049749614003695194
8.398078319627482	0.04974955344933034
8.405701331345234	0.04974953373186316
8.413324343062987	0.04974955379251673
8.42094735478074	0.04974961252435896
8.428570366498493	0.04974970847377142
8.436193378216245	0.04974983816459833
8.443816389933998	0.04974999741314016
8.45143940165175	0.04975018208823466
8.459062413369503	0.049750387913414976
8.466685425087256	0.0497506092043807
8.474308436805009	0.04975084006452903
8.481931448522761	0.04975107512783343
8.489554460240514	0.04975130943332098
8.497177471958267	0.04975153721821326
8.50480048367602	0.04975175278416387
8.512423495393772	0.049751951675376015
8.520046507111525	0.049752129408900364
8.527669518829278	0.049752282633656386
8.53529253054703	0.0497524085388916
8.542915542264783	0.049752504763342094
8.550538553982536	0.04975256995228363
8.558161565700289	0.049752602887140694
8.565784577418041	0.049752604028341384
8.573407589135794	0.049752573740682954
8.581030600853547	0.04975251428013533
8.5886536125713	0.049752426784969356
8.596276624289052	0.04975231513059424
8.603899636006805	0.04975218090493759
8.611522647724557	0.04975202937512748
8.61914565944231	0.04975186172542455
8.626768671160063	0.049751682586544436
8.634391682877816	0.049751497294092235
8.649637706313321	0.049751126522181416
8.657905661425824	0.04975093403676349
8.666173616538327	0.04975075415570497
8.674441571650831	0.04975059118627921
8.682709526763334	0.049750449793680256
8.690977481875837	0.049750333339306146
8.699245436988342	0.049750243567297486
8.707513392100845	0.04975018327798985
8.715781347213348	0.049750153557755604
8.72404930232585	0.0497501539596935
8.732317257438353	0.04975018336182024
8.740585212550856	0.04975024048641802
8.74885316766336	0.04975032305159367
8.757121122775862	0.04975042888483514
8.765389077888365	0.0497505540369575
8.77365703300087	0.04975069502002561
8.781924988113373	0.049750847613738755
8.790192943225875	0.04975100731153328
8.79846089833838	0.04975116994992245
8.806728853450883	0.049751331216128604
8.814996808563386	0.04975148672726142
8.823264763675889	0.04975163217734992
8.831532718788392	0.04975176410045775
8.839800673900895	0.049751879498900864
8.848068629013397	0.04975197490987251
8.8563365841259	0.04975204845573288
8.864604539238403	0.0497520992985975
8.872872494350908	0.049752125642457325
8.88114044946341	0.04975212743912471
8.889408404575914	0.04975210598048797
8.897676359688418	0.0497520614029315
8.905944314800921	0.04975199541187962
8.914212269913424	0.04975191110252792
8.922480225025927	0.049751810439427266
8.93074818013843	0.04975169707590736
8.947284090363436	0.049751445116893334
8.955552045475939	0.049751313631424536
8.963820000588441	0.04975118402015138
8.972087955700946	0.049751058478940756
8.980355910813449	0.049750941223433896
8.988623865925952	0.04975083457806629
8.996891821038457	0.049750741450826926
9.00515977615096	0.049750664099755995
9.013427731263462	0.04975060390976382
9.021695686375965	0.049750562418444035
9.029963641488468	0.04975053991561366
9.038231596600971	0.049750536647671255
9.046499551713474	0.04975055227255303
9.054767506825977	0.049750585740798416
9.06303546193848	0.049750636292974146
9.071303417050984	0.049750701521314486
9.079571372163487	0.04975077965512847
9.08783932727599	0.04975086895039337
9.096107282388495	0.04975096650287236
9.1126431926135	0.04975117427676573
9.120911147726003	0.049751279258707405
9.129179102838506	0.04975138144959947
9.13744705795101	0.04975147821079527
9.145715013063512	0.049751566908002344
9.153982968176015	0.04975164528776348
9.162250923288518	0.04975171200305149
9.170518878401023	0.049751765118090846
9.178786833513525	0.049751802661841774
9.186503941204453	0.049751823003190046
9.194221048895379	0.04975182952796434
9.201938156586307	0.049751822333631214
9.209655264277234	0.04975180242261585
9.21737237196816	0.04975177005861179
9.225089479659088	0.04975172604390184
9.232806587350016	0.04975167277608097
9.240523695040942	0.04975161041556018
9.24824080273187	0.0497515400432576
9.255957910422797	0.049751464106016045
9.27139212580465	0.04975130375957477
9.279109233495578	0.049751223043252565
9.286826341186504	0.0497511443083069
9.294543448877432	0.049751069397949654
9.30226055656836	0.04975099994062276
9.309977664259286	0.04975093727907874
9.317694771950213	0.0497508829822949
9.325411879641141	0.049750838551600764
9.333128987332067	0.04975080427802409
9.340846095022995	0.04975078065957606
9.348563202713922	0.04975076848396731
9.356280310404848	0.04975076813573903
9.363997418095776	0.0497507790032327
9.371714525786704	0.04975080061912184
9.37943163347763	0.04975083191216774
9.387148741168557	0.04975087222543402
9.394865848859485	0.04975092003447322
9.402582956550411	0.049750974885793844
9.410300064241339	0.049751034988422725
9.425734279623192	0.049751164293050786
9.433451387314118	0.04975123039292672
9.441168495005046	0.04975129555363365
9.448885602695974	0.04975135827240941
9.4566027103869	0.04975141709410611
9.464319818077827	0.04975147092490897
9.472036925768755	0.04975151853704023
9.479754033459681	0.04975155865050609
9.487471141150609	0.04975159044610585
9.495188248841536	0.049751613863370035
9.502905356532462	0.04975162828002773
9.51062246422339	0.04975163307605247
9.518339571914318	0.04975162843780558
9.526056679605244	0.04975161469988381
9.533773787296171	0.04975159272988117
9.5414908949871	0.049751562978949795
9.549208002678025	0.049751526659252567
9.556925110368953	0.049751484192558364
9.56464221805988	0.049751436909484366
9.580076433441734	0.04975133316166432
9.587793541132662	0.049751279219088174
9.595510648823588	0.04975122548639357
9.610944864205443	0.049751123556998136
9.618661971896369	0.049751077567408424
9.626379079587297	0.04975103616053105
9.634096187278224	0.04975100038479274
9.64181329496915	0.049750971217622356
9.649530402660078	0.049750948780797444
9.657247510351006	0.04975093342858731
9.664964618041932	0.04975092568807286
9.67268172573286	0.04975092590412933
9.681043776818537	0.049750934658061796
9.689405827904213	0.04975095176513269
9.697767878989891	0.049750976458686834
9.70612993007557	0.049751007737411174
9.714491981161247	0.049751044695834835
9.722854032246925	0.04975108473987008
9.73957813441828	0.04975117242027801
9.747940185503959	0.049751218714174796
9.756302236589637	0.04975126374937442
9.764664287675313	0.04975130747426409
9.77302633876099	0.04975134978297175
9.781388389846668	0.049751388108118744
9.789750440932345	0.049751421351888196
9.798112492018022	0.04975144951428011
9.8064745431037	0.0497514722044627
9.814836594189378	0.049751488018017556
9.823198645275056	0.0497514967809611
9.831560696360732	0.049751498431906856
9.83992274744641	0.04975149316164682
9.848284798532088	0.049751481257750405
9.856646849617764	0.049751464047208274
9.865008900703442	0.0497514417839739
9.87337095178912	0.04975141446804727
9.881733002874798	0.04975138338991478
9.890095053960476	0.04975135037283145
9.90681915613183	0.0497512787653949
9.915181207217508	0.04975124277586791
9.923543258303184	0.04975120815137513
9.931905309388862	0.04975117489191654
9.94026736047454	0.0497511435412426
9.948629411560217	0.04975111523554877
9.956991462645895	0.049751090865217416
9.965353513731571	0.04975107123726002
9.97371556481725	0.049751056802981114
9.982077615902927	0.049751047767985515
9.990439666988603	0.04975104425548371
9.998801718074281	0.049751046270002285
10.007163769159959	0.04975105345946273
10.015525820245637	0.049751065686972684
10.023887871331315	0.04975108233079951
10.032249922416993	0.049751102918831405
10.04061197350267	0.04975112710773456
10.048974024588349	0.049751153885648415
10.057336075674026	0.04975118245801636
10.07406017784538	0.049751241833187326
10.082422228931058	0.0497512711779565
10.090784280016734	0.04975129937545371
10.099146331102412	0.049751325696843915
10.10750838218809	0.049751349413292095
10.115870433273768	0.0497513699300866
10.124232484359446	0.0497513871156337
10.132594535445124	0.04975140053912827
10.140956586530802	0.049751409732520395
10.14931863761648	0.049751414228004026
10.157680688702158	0.0497514141854924
10.166042739787834	0.04975141002346559
10.174404790873512	0.04975140172873465
10.18276684195919	0.04975138928811061
10.191128893044866	0.04975137276084933
10.199490944130543	0.04975135279465995
10.207852995216221	0.049751329984634836
10.216062795819099	0.0497513058497361
10.224272596421976	0.04975128069753757
10.240692197627729	0.049751229964647696
10.248901998230604	0.04975120566955912
10.257111798833481	0.049751183069209205
10.265321599436358	0.0497511624978757
10.273531400039236	0.04975114462605522
10.281741200642113	0.049751129709668815
10.28995100124499	0.04975111815897227
10.298160801847867	0.04975111018587525
10.306370602450745	0.049751105914025415
10.314580403053622	0.04975110536887559
10.3227902036565	0.049751108316491134
10.331000004259376	0.049751114243811505
10.339209804862252	0.04975112313355633
10.347419605465127	0.0497511349857256
10.355629406068005	0.049751149399988426
10.363839206670882	0.049751165142295814
10.372049007273759	0.04975118212560633
10.380258807876636	0.04975120034991997
10.388468608479513	0.04975121950895551
10.404888209685268	0.04975125634242081
10.413098010288145	0.04975127385083994
10.421307810891022	0.049751290659379145
10.4295176114939	0.04975130612803775
10.437727412096775	0.04975131999605118
10.44593721269965	0.04975133150904826
10.454147013302528	0.04975134049822714
10.462356813905405	0.04975134671849956
10.470566614508282	0.0497513501303256
10.47877641511116	0.04975135069375626
10.486986215714037	0.04975134843068292
10.495196016316914	0.049751343566139174
10.503405816919791	0.049751336161967204
10.511615617522668	0.04975132660387314
10.519825418125546	0.049751315098522673
10.528035218728423	0.04975130228760194
10.536245019331298	0.049751289000258825
10.544454819934174	0.049751275239796555
10.552664620537051	0.049751261006215144
10.569084221742806	0.04975123213394491
10.577294022345683	0.049751218699625566
10.58550382294856	0.049751206043290946
10.593713623551437	0.049751194164941066
10.601923424154315	0.04975118328639972
10.610133224757192	0.04975117427619712
10.618343025360069	0.04975116722229574
10.626552825962946	0.049751162124695596
10.634762626565822	0.04975115898339666
10.642972427168697	0.049751157997702126
10.651182227771574	0.049751159395476856
10.659392028374452	0.049751162977026364
10.667601828977329	0.0497511686122949
10.675811629580206	0.04975117606966245
10.684021430183083	0.04975118487042199
10.69223123078596	0.04975119435996644
10.700441031388838	0.04975120453291331
10.708650831991715	0.049751215389262596
10.716860632594592	0.049751226928991456
10.733280233800345	0.04975124987235372
10.740939186981645	0.04975126002337386
10.748598140162947	0.04975126982389735
10.756257093344248	0.04975127927392419
10.763916046525548	0.0497512879943438
10.77157499970685	0.04975129543997092
10.77923395288815	0.04975130160649174
10.78689290606945	0.04975130649390626
10.794551859250753	0.04975131010221447
10.802210812432053	0.04975131234601407
10.809869765613353	0.049751312937706495
10.817528718794655	0.0497513119040419
10.825187671975955	0.04975130933916681
10.832846625157256	0.04975130533992215
10.840505578338558	0.049751300010261
10.848164531519858	0.04975129373945697
10.855823484701158	0.04975128673695733
10.86348243788246	0.049751279002762085
10.87114139106376	0.04975127053687123
10.886459297426363	0.04975125285617772
10.894118250607663	0.04975124416301723
10.901777203788964	0.04975123557054396
10.909436156970266	0.049751227184672814
10.917095110151566	0.04975121951228222
10.924754063332866	0.049751212619522076
10.932413016514168	0.04975120650639237
10.940071969695468	0.049751201179696364
10.947730922876769	0.04975119678582987
10.95538987605807	0.049751193396733756
10.963048829239371	0.049751191201015905
10.970707782420671	0.049751190259803575
10.978366735601973	0.049751190553097055
10.986025688783274	0.049751192048278485
10.993684641964574	0.04975119451960793
11.001343595145876	0.049751197916568554
11.009002548327176	0.04975120223916035
11.016661501508477	0.049751207484996486
11.024320454689779	0.04975121330555711
11.03963836105238	0.04975122592480944
11.047297314233681	0.04975123272350115
11.054956267414981	0.04975123967448195
11.070274173777584	0.04975125276461213
11.077933126958884	0.04975125888556952
11.085592080140184	0.04975126470078157
11.093251033321486	0.04975127001788893
11.100909986502787	0.049751274756026406
11.108568939684087	0.049751278677348146
11.116227892865389	0.04975128172596205
11.12388684604669	0.04975128383243062
11.13154579922799	0.04975128498669224
11.139204752409292	0.04975128518581693
11.146863705590592	0.04975128442966391
11.154522658771892	0.049751282786951206
11.162181611953194	0.04975128031457233
11.169840565134495	0.04975127703933223
11.177499518315795	0.04975127313589263
11.185158471497097	0.0497512686357977
11.192817424678397	0.04975126373994599
11.200476377859697	0.04975125873014402
11.208135331041	0.04975125360833182
11.2234532374036	0.04975124304242923
11.231757133979652	0.049751237519300266
11.240061030555703	0.04975123241683192
11.248364927131753	0.0497512277350242
11.256668823707805	0.04975122347387711
11.264972720283858	0.049751219766290225
11.273276616859908	0.0497512167942527
11.281580513435959	0.04975121455884832
11.28988441001201	0.049751213060077064
11.306492203164114	0.04975121226786254
11.323099996316216	0.04975121456865781
11.331403892892268	0.04975121686422697
11.339707789468319	0.04975121979460378
11.34801168604437	0.04975122304365541
11.356315582620422	0.049751226571935064
11.364619479196474	0.049751230379442735
11.372923375772524	0.04975123446617843
11.389531168924627	0.04975124291628949
11.39783506550068	0.0497512468388468
11.40613896207673	0.04975125053836202
11.41444285865278	0.04975125401483516
11.422746755228832	0.049751257245145314
11.431050651804885	0.049751260034896924
11.439354548380935	0.04975126234021536
11.447658444956986	0.04975126416110061
11.455962341533038	0.04975126549755268
11.472570134685139	0.04975126674367658
11.489177927837241	0.04975126594395711
11.497481824413292	0.04975126466297893
11.505785720989344	0.04975126285538937
11.514089617565395	0.049751260692332114
11.522393514141445	0.04975125823939266
11.530697410717497	0.049751255496571
11.539001307293548	0.04975125246386715
11.55560910044565	0.04975124618946911
11.563912997021703	0.049751243136712926
11.572216893597753	0.049751240140377705
11.580520790173804	0.049751237253453984
11.588824686749856	0.04975123466658413
11.597128583325908	0.04975123239689984
11.605432479901959	0.04975123044440111
11.613736376478009	0.04975122881220677
11.622040273054061	0.0497512275436043
11.638648066206164	0.04975122625675613
11.655255859358267	0.04975122686515943
11.663559755934319	0.04975122781921152
11.67186365251037	0.04975122910006097
11.68016754908642	0.04975123070418641
11.688471445662472	0.049751232631587844
11.696775342238524	0.0497512348096226
11.705079238814575	0.04975123707685199
11.721687031966677	0.04975124186116241
11.72999092854273	0.049751244308044694
11.73829482511878	0.049751246614737246
11.74659872169483	0.04975124877586478
11.754902618270883	0.04975125079142729
11.762655667425358	0.04975125251958283
11.770408716579833	0.04975125404819574
11.778161765734309	0.04975125532845325
11.785914814888784	0.04975125630736673
11.801420913197735	0.04975125731025382
11.816927011506685	0.04975125704154456
11.82468006066116	0.04975125644454478
11.832433109815636	0.04975125558533777
11.840186158970111	0.0497512544689695
11.847939208124586	0.04975125312602932
11.855692257279062	0.049751251619600645
11.863445306433537	0.04975124995161899
11.878951404742486	0.04975124644107296
11.88670445389696	0.04975124467198557
11.894457503051434	0.04975124289368859
11.90221055220591	0.04975124117633215
11.909963601360385	0.04975123959109773
11.91771665051486	0.049751238137986264
11.925469699669335	0.049751236816997765
11.93322274882381	0.04975123566963537
11.940975797978286	0.04975123474172941
11.971987994596187	0.0497512332461283
12.003000191214088	0.04975123541481038
12.010753240368564	0.04975123637654067
12.018506289523039	0.049751237416332056
12.03401238783199	0.04975123973009809
12.041765436986465	0.04975124100407274
12.04951848614094	0.04975124232469365
12.06502458444989	0.04975124477462032
12.072777633604366	0.04975124589497642
12.080530682758841	0.049751246945594366
12.088283731913316	0.04975124792647415
12.096036781067792	0.04975124879440485
12.111542879376742	0.04975125019309868
12.127048977685693	0.049751250903227635
12.142555075994643	0.04975125081195752
12.158061174303594	0.049751250019263615
12.173567272612544	0.04975124891713516
12.189073370921495	0.0497512474755991
12.19682642007597	0.04975124669009412
12.204579469230445	0.0497512458724968
12.220085567539396	0.049751244094507194
12.235591665848347	0.04975124240798783
12.251097764157295	0.049751240942620276
12.281500958843992	0.049751238854860456
12.31190415353069	0.0497512388852501
12.32710575087404	0.049751239433049745
12.342307348217389	0.0497512402629524
12.357508945560738	0.04975124136317509
12.372710542904088	0.049751242415947944
12.387912140247437	0.04975124340888818
12.403113737590786	0.04975124449458807
12.418315334934135	0.049751245272014175
12.433516932277485	0.04975124574099471
12.463920126964183	0.04975124622209079
12.494323321650882	0.04975124572085341
12.615936100397676	0.049751243039661594
12.73754887914447	0.04975124389977371
13.00141262527007	0.04975124387940073
13.265276371395672	0.04975124368991622
13.511513000030838	0.04975124385461233
13.757749628666005	0.04975124507700025
13.891187037299595	0.049751246066896695
14.024624445933185	0.04975124709980473
14.09134315024998	0.049751247586755046
14.158061854566775	0.04975124802969859
14.191421206725172	0.04975124805507852
14.22478055888357	0.04975124648190374
14.258139911041969	0.04975124473434056
14.291499263200366	0.0497512433163527
14.553502065017927	0.049751244861317365
14.81550486683549	0.04975124412048439
15.059880551162616	0.04975124387614802
15.304256235489742	0.049751243926334746
15.569270108448883	0.04975124377292496
15.834283981408023	0.04975124678846016
16.081670736876728	0.04975124371624286
16.329057492345434	0.04975124372896622
16.571572232364524	0.04975124094785218
16.81408697238361	0.04975124356038199
17.077239901034712	0.049751243711125326
17.340392829685815	0.04975124371569579
17.58591864084648	0.04975124496342797
17.831444452007148	0.04975124396708544
18.09760845179983	0.04975124318512837
18.36377245159251	0.04975124378401077
18.612309333894757	0.04975124390706812
18.860846216197	0.049751244214741426
19.10451108304963	0.04975124377615944
19.348175949902256	0.04975124423036699
19.612479005386895	0.04975124377510526
19.876782060871538	0.0497512431845479
20.123457998865746	0.049751243713341935
20.37013393685995	0.04975124472062116
20.63744806348617	0.04975124377661098
20.90476219011239	0.04975124368335707
21.16720430128899	0.04975124599713602
21.42964641246559	0.04975124373006999
21.674461406151757	0.04975124422852276
21.919276399837923	0.0497512436015152
22.184729582156102	0.04975124422835469
22.450182764474285	0.04975124312250519
22.69800882930203	0.04975124389736545
22.945834894129774	0.049751245017523475
23.1887889435079	0.04975124539893342
23.431742992886026	0.04975124369691629
23.695335230896166	0.0497512438226642
23.958927468906307	0.04975124400587606
24.204892589426013	0.0497512439946103
24.45085770994572	0.049751243494829143
24.725428599870817	0.04975124382251444
24.99999948979592	0.04975124382929513