1.0355099509143044	0.02725534293104312
1.0355794470551238	0.02731165685099234
1.0356490808551702	0.027368094462170655
1.0357887625447924	0.027481341960887366
1.0360697900972227	0.027709334529694374
1.0366385649004741	0.028171378396124568
1.0378035052065284	0.02912026028181809
1.0402471728656921	0.03112186953004622
1.0461099855549638	0.03598648200262024
1.0523648600299085	0.041275309509683694
1.0593331727727229	0.04729065629902421
1.0679613972246684	0.05492431101696466
1.077159480391212	0.06329598350387615
1.0885572031808115	0.07401898404816741
1.1013987550070627	0.0865878225892363
1.1150544427589952	0.10055601386803037
1.1319285525161895	0.11874113605019611
1.1498462445621662	0.13927689029528342
1.1696375957556984	0.16360322867821728
1.1937693490157002	0.1959604368867086
1.2188148301646595	0.23331511158528678
1.2192593237621525	0.2340182805957938
1.2197044664193586	0.23472400579898697
1.2205966916128241	0.23614316875040392
1.2223888484057848	0.23901265549576192
1.2260035315402034	0.24487880165979042
1.2333501939791869	0.25714074188432784
1.248469494665209	0.28396303776413573
1.2489413219334404	0.28483789646816055
1.2494135759856686	0.2857160046441219
1.2503593453290074	0.28748202518746174
1.252255791555101	0.2910536768916686
1.2560671587074947	0.29835862541206964
1.2637535926864885	0.3136415677538203
1.264236372889925	0.3146276267805614
1.2647193923058875	0.31561741208530075
1.2656861200425236	0.31760822544589723
1.2676221250430078	0.3216352742962795
1.2715026076424711	0.3298747253942861
1.2792823542029337	0.3471252624911308
1.2797359905617147	0.34816363372678905
1.2801895944827395	0.3492057180629557
1.2810966711094485	0.3513010848583101
1.2829100570996177	0.35553702557938527
1.2865317423167677	0.3641930959245259
1.2937372974759977	0.3822695645381326
1.2941852265846197	0.383434297265414
1.2946328039149293	0.3846032386586493
1.2955268560745465	0.38695381276846785
1.2973102135160364	0.3917061863044592
1.3008551424441035	0.40141955550559355
1.3078337239114683	0.421711181900891
1.3083002965905872	0.4231297818605788
1.3087659355078227	0.42455397627442953
1.3096943295411518	0.42741923926323194
1.3115389926438141	0.43321790054370085
1.3151749134267319	0.44509291773071774
1.3156239529334617	0.4466037810410494
1.3160717025753463	0.448120608034915
1.3169632350063667	0.45117224705472597
1.3187297376858906	0.45734812543499875
1.322190720872363	0.46999559763279575
1.3226160698384337	0.4716047201519931
1.3230397100138607	0.47322018666327215
1.323881749826142	0.47647024784921355
1.325544052159409	0.48304755747985195
1.3287747806299226	0.49651633817569407
1.329169209728234	0.49822986056348295
1.3295614392270088	0.4999501137181722
1.3303391659678632	0.5034109093378439
1.331866738056219	0.5104143367282074
1.3348024584445215	0.524753959758455
1.3351339453692017	0.5264563286873295
1.3354630194288737	0.5281648969934756
1.3361138027844957	0.5316007097624851
1.3373850117200452	0.5385475845165166
1.3397985704810782	0.5527466588865954
1.3400875169598747	0.5545505412068692
1.3403735128572558	0.5563609308874355
1.340936508148038	0.5600013077133809
1.3420254821223565	0.5673609755190778
1.3440468545487645	0.5824001048826029
1.344284082927604	0.5843103313143411
1.3445177450361403	0.5862273585482592
1.3449742050956623	0.590081885869692
1.345842492132579	0.5978733193622371
1.346050016234572	0.5998384402972193
1.3462536344816889	0.6018105001968063
1.3466489770230248	0.6057755038220927
1.3473908316900285	0.6137895078461278
1.3475658567950228	0.6158106027806971
1.3477366139791311	0.6178387671697234
1.3480651366674465	0.621916366919564
1.3482228072907207	0.6239658332070801
1.3483760202275945	0.626022430795305
1.348668879182832	0.6301570799884912
1.3488084273311556	0.6322351612368295
1.3489433220494478	0.634320433065098
1.349198951279982	0.6385126058449916
1.3493195848763118	0.6406195350361199
1.3494353632073546	0.6427337112782571
1.3496521479899732	0.6469838593183459
1.3497612546342848	0.6492987004356572
1.3498644111107558	0.6516221145148499
1.349961549938729	0.6539541178617317
1.3500526030915552	0.6562947264884792
1.3501375019942425	0.6586439561071163
1.3502161775211463	0.6610018221229197
1.3502885599936867	0.6633683396277259
1.350354579178112	0.6657435233931586
1.3504141642832976	0.6681273878637647
1.3504672439585845	0.6705199471500616
1.3505137462916608	0.6729212150214965
1.3505535988064892	0.6753312048993171
1.3505867284612738	0.677749929849347
1.3506130616464775	0.6801774025746763
1.3506325241828867	0.6826136354082556
1.3506450413197235	0.6850586403054025
1.35065053773281	0.6875124288362108
1.350648937522787	0.6899750121778704
1.350640164213382	0.6924464011068909
1.35062414074974	0.6949266059912338
1.3506007894968044	0.6974156367823472
1.350570032237763	0.699913503007106
1.3505317901725524	0.7024202137596599
1.350485983916426	0.7049357776931804
1.3504325334985845	0.7074602030115137
1.350371358360878	0.7099934974607393
1.3503023773565692	0.7125356683206252
1.350225508749173	0.7150867223959924
1.3501406702113652	0.7176466660079778
1.3500477788239664	0.7202155049851969
1.3498375028588347	0.7253798898335095
1.3497199494753924	0.7279754448183442
1.3495940056294586	0.7305799133775344
1.349316602389944	0.7358156035915325
1.3491649694251209	0.7384468300540676
1.3490045988545338	0.7410869796872555
1.3486572911850006	0.7463940518073956
1.348470175736724	0.7490609744895056
1.3482739659839929	0.7517368207126218
1.3478539002946341	0.7571152774622045
1.3469006078694803	0.767979168263363
1.3466381658627236	0.7707174036012266
1.3463658875122488	0.7734645329623258
1.3457914394716541	0.778985446116871
1.3445202688457616	0.7901336561910187
1.3441764310629039	0.7929428145765828
1.343821977032054	0.7957607925664723
1.3430808191914305	0.8014231555754526
1.3414666649813374	0.8128531015422588
1.3410430220829679	0.8156799117393443
1.340608360390645	0.8185151030155435
1.3397055840052672	0.8242105541930476
1.3377634143068626	0.8357011612349999
1.337248819782538	0.8385944559487053
1.3367224000623619	0.8414959601014093
1.3356336724139304	0.8473234939236641
1.3333097492024588	0.8590758912099536
1.3326976414767127	0.8620340953577388
1.3320728710524579	0.8650002784529779
1.3307849146697637	0.8709564474237652
1.32805232346306	0.8829629997007183
1.3219359517111857	0.9073440780199484
1.3211081972533532	0.9104253548583082
1.3202660233042942	0.9135139478834031
1.3185379650099156	0.91971287623363
1.3149038264444581	0.9321961884503928
1.3068977927675944	0.95749144255369
1.3058256223596616	0.9606829125913277
1.304737194553864	0.9638807232873833
1.3025111003676468	0.9702950749462511
1.2978586870132416	0.9831965759575338
1.2877267452210825	1.0092725271518126
1.2864713267646515	1.012335449510089
1.2852001377121283	1.015402728799668
1.2826100691049023	1.0215500421361696
1.2772365256236502	1.0338934059695677
1.2656947986203868	1.0587557630915299
1.2641757713718502	1.0618782468780634
1.2626394790330326	1.0650036760112138
1.259514734433469	1.0712629716491544
1.2530540735226396	1.0838124461295384
1.2392681639322676	1.1090108499107223
1.237462172866303	1.112167777221245
1.2356375085689466	1.1153258964518271
1.2319318269394386	1.121645223639553
1.2242927555339895	1.1342927446200024
1.208086028715096	1.1595941567547272
1.1718279073713915	1.2099706653094386
1.1691804317506709	1.213361739613081
1.1665083628095336	1.2167488095339716
1.1610901833397718	1.223510086777658
1.149955935575625	1.2369751432802452
1.126483838300393	1.2636254031553569
1.1234360993821777	1.2669259840047673
1.1203629627171625	1.2702189597671931
1.1141403750219836	1.2767811381334482
1.101389236367254	1.2898036131374275
1.074659687390544	1.3153855404403116
1.071203341662594	1.318534945868404
1.067721423826081	1.3216727537220816
1.0606809283290932	1.3279125358901875
1.0462938664334682	1.3402414254966362
1.0163026814359002	1.3642370673111899
1.0124405522353839	1.3671692206936616
1.0085534482800667	1.3700855180613791
1.0007045827109065	1.3758694596830219
0.9847102843201774	1.3872351205174906
0.9515549362975322	1.4090965970947464
0.9475858788497428	1.4115675418334999
0.9435963360080828	1.4140208910252885
0.9355561992627299	1.4188739250252307
0.9192347170868069	1.4283592179575213
0.8856532875056738	1.4463982798956154
0.8813701329163289	1.4485616721053696
0.8770684453445877	1.450704032435267
0.8684100594919717	1.4549248291986714
0.8508775213571883	1.4631049959558173
0.8149859466319137	1.4783748952623477
0.8104254012193948	1.4801776192316565
0.8058489999558196	1.4819561566104367
0.7966493944885297	1.485439939224941
0.7780684699563879	1.492109316641318
0.773386557198703	1.493713516153805
0.7686903848664651	1.4952921155007057
0.7592561074049784	1.4983718465339477
0.7402258775573449	1.5042168945672
0.7354359270099335	1.5056117343922952
0.7306334704353991	1.5069796998167457
0.7209919595061591	1.509634416344166
0.7015691093012412	1.5146149990470696
0.6966856574820851	1.5157908332967291
0.6917915951870168	1.5169386792463835
0.6819726252176459	1.519149901111354
0.6622183098449758	1.5232310896311858
0.657354478381214	1.5241612742320563
0.6524823846746542	1.525063662690333
0.6427143917837158	1.5267846640801737
0.6378189867707085	1.5276030906193896
0.6329163077746581	1.5283933482811882
0.6230901308769905	1.5298890162097372
0.6181671376212706	1.530594263491441
0.6132378795873945	1.5312710159696372
0.6033615912794484	1.5325387435560376
0.5984150747358955	1.533129579790112
0.5934633207848796	1.5336916435102024
0.5835451389483564	1.534729209523874
0.5785792324331726	1.535204597658381
0.5736091311579183	1.5356509849920086
0.5686350978237481	1.5360683222972846
0.5636573958531936	1.5364565635127494
0.5586762893424861	1.5368156657556273
0.5536920430136216	1.5371455893336337
0.5487049221661828	1.537446297755914
0.5437151926289394	1.5377177577431131
0.5387231207112446	1.5379599392365628
0.5337289731542453	1.538172815406589
0.5287330170819243	1.538356362659932
0.523735519951996	1.538510560646272
0.5187367495066713	1.5386353922638665
0.513736973723314	1.5387308436642853
0.5087364607650033	1.5387969042562484
0.5037354789310288	1.5388335667085606
0.49873429660732616	1.538840826952146
0.49373318221688506	1.5388186841811753
0.4887324041701412	1.5387671408532868
0.4837322308153681	1.5386862026889085
0.47873293038910364	1.538575878669671
0.47373477096660804	1.5384361810359168
0.46873802041239376	1.5382671252833093
0.46374294633083235	1.538068730158539
0.4587498160168614	1.5378410176541315
0.45375889640681616	1.537584013002363
0.44877045402939525	1.537297744668278
0.44378475495678643	1.5369822443418213
0.43880206475596817	1.536637546929084
0.43382264844020846	1.5362636905426699
0.42387469445886405	1.5354286692678556
0.4189066836178276	1.5349675965382896
0.41394300021559877	1.534477549127368
0.4040296609890806	1.5334107492727982
0.39908052564991	1.532834114145497
0.39413675862686953	1.532228738937437
0.38426636005905085	1.530932036922844
0.379340241174007	1.5302408520769386
0.3744205158346282	1.5295212110329404
0.3646012586828185	1.5279968774567638
0.34505053897356425	1.5246103898745664
0.33976992439601067	1.5236148769520756
0.33449920322667576	1.522586720062645
0.3239886775514695	1.5204329996207036
0.3030998250042061	1.5157398221383778
0.2979069040008626	1.5144870199499378
0.29272629050106347	1.513202722030853
0.28240314725898635	1.5105402822558487
0.26191717724553254	1.5048447224011963
0.25683071509178496	1.50334462466163
0.2517588130934724	1.5018144056163216
0.24165976244615756	1.498664352402537
0.22164801700447817	1.4920111959303841
0.18242607037350447	1.4773383463248804
0.17760312121885583	1.4753802959751883
0.17279866003362052	1.4733954437137347
0.16324606768413985	1.4693462500594376
0.1443720703324434	1.4609364379902914
0.10759278113569395	1.4429249347810287
0.10308974962077715	1.440566565165652
0.09860825811429412	1.4381852717446393
0.08971053134124779	1.4333549352489376
0.07218035075454876	1.4234304759510292
0.038211985002887854	1.4025848480558887
0.03434665188420684	1.400071397625554
0.030501917341973196	1.397541612685005
0.0228745728137512	1.3924339044546388
0.007870532460167083	1.3820319974544442
-0.021119988325344938	1.3605307221995595
-0.02464729624675703	1.3577818893041838
-0.028152998289169087	1.3550201798624264
-0.035099423238387065	1.349458988345161
-0.0487313644164503	1.3381914890474025
-0.07494569790854892	1.3151233666451063
-0.07812375100610669	1.3121939460238026
-0.08127983006702144	1.3092550124131652
-0.08752605401419081	1.3033494224260156
-0.09975480029625651	1.2914330155264762
-0.12315949678037814	1.267223808459593
-0.1657994300940426	1.2176415402111187
-0.16848953720766177	1.2142408974030243
-0.1711548202243466	1.2108361601940327
-0.17641118845838044	1.2040152538456304
-0.18662915811278843	1.1903335664534842
-0.20590366964431442	1.162855901992053
-0.20820575247770845	1.1594142723790564
-0.21048430604198126	1.1559717300605374
-0.21497120168148381	1.1490846340000618
-0.2236668519237491	1.135307371449433
-0.23996819770817873	1.107778691384257
-0.24190572769529828	1.1043432027657563
-0.24382136537635987	1.100909477096203
-0.247587406770059	1.0940479140860748
-0.2548616965254965	1.0803524280885979
-0.26840480300723185	1.0531030818010345
-0.27000570742242347	1.0497127552727215
-0.2715865662920881	1.0463263654492632
-0.27468862667963695	1.0395658731750241
-0.28065749157451775	1.0260972765402112
-0.29168140287598204	0.9993940355582704
-0.292952630154219	0.9961405081837615
-0.2942064101824839	0.9928924137520267
-0.296662093133895	0.986412869413132
-0.30136920317626276	0.9735226934000225
-0.3099923788452851	0.9480354213320958
-0.31099836987601126	0.9448784001473038
-0.31198876554104926	0.9417280233744935
-0.31392322904411113	0.9354474565554738
-0.31761004014987054	0.9229687700816325
-0.32428054478188867	0.8983537096562483
-0.32505062569725257	0.8953099182924266
-0.32580691366299785	0.8922736373455592
-0.32727855022709823	0.8862237809601561
-0.3300611210782207	0.8742160473188788
-0.33072391607718815	0.8712335044906311
-0.33137378703217557	0.8682587918595552
-0.33263518354560856	0.862332996722903
-0.33500755784715186	0.850576846593097
-0.3355699262667745	0.8476578723788779
-0.33612021266200426	0.8447469812888312
-0.33718495173590174	0.8389495564645741
-0.3391739548314645	0.8274528404559045
-0.3396425301120512	0.8245992421579545
-0.34009983556217926	0.8217539193162329
-0.3409810337077327	0.8160881794932874
-0.3426125276902797	0.8048568332635492
-0.3429683823038892	0.8022571874281391
-0.34331510565144047	0.7996648600062456
-0.34398146727581186	0.794502204443087
-0.3452079889045444	0.7842651671899745
-0.3454929348258502	0.7817243495120894
-0.3457693564800224	0.7791909239133138
-0.3462969227791039	0.7741462756302631
-0.3472529949187123	0.764145949217558
-0.34747179713534987	0.7616644303466364
-0.3476826559828544	0.7591903440063822
-0.34808082617560576	0.7542644800697909
-0.3482682777867477	0.7518127069161378
-0.34844806655991156	0.7493683751918195
-0.34878493155658025	0.7445020400731313
-0.348942144723259	0.7420800376321434
-0.3490919689381701	0.7396654785400879
-0.3493697198267728	0.7348586877500976
-0.34949778011867105	0.7324664537215896
-0.3496187186955355	0.7300816583932379
-0.34983949337376474	0.7253343748901636
-0.34993945977344304	0.7229718812988187
-0.35003256505545377	0.7206168155862908
-0.35011887333421565	0.7182691741277513
-0.3501984483110885	0.7159289529422777
-0.35027135327491066	0.7135961476986027
-0.3503376511025832	0.7112707537208092
-0.35039740425969695	0.7089527659939647
-0.3504506748012046	0.7066421791697014
-0.3504975243721347	0.7043389875717375
-0.35053801420834635	0.7020431852013428
-0.35057220513732495	0.6997547657427474
-0.3506001575790178	0.6974737225684939
-0.3506219315467066	0.6952000487447351
-0.350637586647919	0.6929337370364715
-0.3506471820853758	0.6906747799127393
-0.3506507766579729	0.6884231695517369
-0.35064842876179997	0.6861788978459001
-0.35064019639119043	0.6839419564069218
-0.350626137139806	0.6817123365707144
-0.350606308201752	0.6794900294023214
-0.3505807663727241	0.6772750257007717
-0.35054956805118576	0.6750673160038825
-0.3505127692395737	0.6728668905930058
-0.35047042554553304	0.6706737394977249
-0.35042259218317945	0.6684878525004947
-0.3503693239743886	0.666309219141231
-0.35031067535011096	0.6641378287218472
-0.35024670035171285	0.6619736703107377
-0.3501774526323413	0.6598167327472114
-0.35010298545831264	0.6576670046458719
-0.3499386038858906	0.6533891301905699
-0.34984097926790236	0.6510815583682472
-0.34973746754279933	0.6487824078144556
-0.34951304398183164	0.6442093066206798
-0.34939226144732827	0.6419353233534445
-0.3492658504130783	0.6396696961122155
-0.34899639576126	0.6351634415837687
-0.3488534773213424	0.6329227796119744
-0.3487051807418414	0.6306904043083851
-0.34839269793880684	0.626250441719099
-0.3477058591376413	0.6174691521867788
-0.3475216045207259	0.6152942688113991
-0.34733244837066296	0.6131275224768685
-0.3469396604474688	0.608818362249222
-0.34609775806418036	0.6002968105511693
-0.3458758705534788	0.5981864638736079
-0.3456495270630396	0.5960840922612792
-0.3451836859961358	0.5919031901089274
-0.34420085882330215	0.583636153019571
-0.34394479804594674	0.5815890109046054
-0.3436846971608984	0.579549671921695
-0.3431525744966206	0.5754943149008671
-0.34204201716607985	0.5674762590726451
-0.3396462681749758	0.5518056894406231
-0.33933132094864243	0.5498806879323845
-0.3390130819682052	0.5479631240681809
-0.33836690146093157	0.5441502150112731
-0.3370369173383807	0.5366126083424491
-0.33423563166941916	0.5218848911848625
-0.333897196816016	0.5201961302783238
-0.33355645485716895	0.5185135182583828
-0.3328681708193836	0.515166661982558
-0.33146523580362547	0.5085458673440733
-0.3285603488363868	0.49559151556841197
-0.3224027859077973	0.47079626048172296
-0.3220043281835105	0.4692944499903236
-0.32160441181903704	0.4677981558397236
-0.3208002938657453	0.4648220381808723
-0.319175540252504	0.458935138058707
-0.31586477680363295	0.4474183211730529
-0.30903413704648175	0.4253781697488344
-0.30860786116256556	0.42406954002117087
-0.3081807893445805	0.42276562330568895
-0.30732432094274936	0.4201718591172007
-0.30560251798992644	0.4150401213969165
-0.3021267889102299	0.4049959527539179
-0.29507171520746717	0.3857545777895668
-0.28071931522512505	0.35042750960128444
-0.28023002830027394	0.3492987934796515
-0.279740692904975	0.3481744171409185
-0.27876191905348974	0.34593861008718413
-0.27680424885374194	0.3415182663112559
-0.27289063885077625	0.33287862140281005
-0.26508663106864105	0.3163721270519836
-0.24968083338613573	0.28621403825691394
-0.24923729870074313	0.28538794636206527
-0.24879413744440715	0.28456472536121036
-0.24790895085316778	0.2829268500756901
-0.24614322807186323	0.27968504723985244
-0.24263119817116807	0.2733347185652531
-0.23569071433696173	0.26114767134282135
-0.22218280997489956	0.23868146453306316
-0.19484121947185387	0.19747467003029315
-0.17188704283229786	0.16648740511635157
-0.15178229346993774	0.1415771663472081
-0.13250023164087973	0.11937617955191601
-0.1166695965459893	0.10225119673955492
-0.10162601392714708	0.08681509015422807
-0.08874784801568203	0.07420173459161641
-0.07822045507693828	0.06427758236923796
-0.0682260285684684	0.055161752214910126
-0.06006478736320573	0.04792989496159549
-0.05302416020252062	0.04183883021490232
-0.04632716053557829	0.03616839052567908
-0.040852297872101866	0.03161987525205952
-0.040762857203527465	0.031546208471700116
-0.04067361489447307	0.03147272544465148
-0.04049572356317903	0.03132630860642921
-0.04014230156312261	0.031035657577172786
-0.03944480119155268	0.03046297374163715
-0.038086396301481557	0.029351201367571952
-0.03800308585536399	0.0292831689930755
-0.03791995992569318	0.02921530479487202
-0.03775425995110928	0.029080079082488407
-0.03742505594239636	0.028811625561462245
-0.03677533969490785	0.028282608685619447
-0.03669493207803741	0.02821721255184005
-0.03661470242915306	0.028151977381656784
-0.03645477543097785	0.028021988178221678
-0.03613703945403719	0.02776392211900637
-0.036058044395598725	0.02769980148420327
-0.03597922412030623	0.027635838340847752
-0.035822106344090006	0.027508382818139148
-0.03574380805789627	0.027444889586957812
-0.035665682984304246	0.02738155214355768
-0.035587730732934135	0.027318370065344492
-0.03550995091430447	0.027255342931043113