0.9721720127996469	0.03150255430274213
0.9721179144188551	0.03155993112010299
0.9720637105209476	0.03161740584144341
0.9719549853513613	0.031732649561722975
0.9717362597382435	0.03196431807789984
0.9712936608551052	0.03243241121742315
0.970387494633242	0.033387877653673036
0.9684881785397671	0.03537799641422859
0.9639399952909649	0.0400758286210062
0.9591014961453905	0.04497119484406918
0.9537284418914789	0.050287748294537506
0.9471013788069198	0.05667783206016195
0.9400686005345167	0.0632647975854436
0.9313997351722254	0.07112065321046045
0.9216920557970166	0.07958864949925566
0.9114343516182738	0.08817723175903629
0.8988430515174469	0.09824188197969343
0.8855569301359016	0.10832242743706316
0.8709492046414353	0.11880313688845782
0.8531618476263578	0.13076408903562567
0.8345972366200932	0.1423670912089777
0.812178255617379	0.1552572110720369
0.7877243100064935	0.16800776641061926
0.7626656447303256	0.17974541973405478
0.7330117124164607	0.19200439887235976
0.7325603672684117	0.1921778546244013
0.7321084854767692	0.1923511301091598
0.7312031132750979	0.1926971355936697
0.7293859438294645	0.19338693178897523
0.7257259839088029	0.1947574016790971
0.7183042727662531	0.19745973362629357
0.7030602025122196	0.20269289401900656
0.702534814915398	0.20286574387711132
0.7020088325444583	0.20303829250754513
0.7009550866467485	0.20338247997855755
0.6988404927623034	0.204067173020253
0.694583082456491	0.2054214897504633
0.6859569473902968	0.20806711681270643
0.6682734608209988	0.2130846669575855
0.6677221068287197	0.21323244464955854
0.667170241178739	0.21337983910506333
0.6660649795196876	0.21367347276234763
0.6638483674107548	0.21425608035183555
0.6593910543958925	0.21540234852274415
0.6503822869829475	0.21761665941227357
0.6498151619587079	0.21775149552700235
0.6492475651972411	0.21788590504410163
0.648110961861847	0.21815343902114162
0.6458321540731351	0.21868333004559362
0.6412524441173726	0.21972211307498887
0.6320072072747255	0.2217133918326776
0.6314647163598015	0.22182586418473554
0.6309218549125521	0.22193792991926095
0.6298350254138386	0.2221608375783163
0.6276569751901196	0.22260173010403086
0.6232835949550778	0.22346360585777927
0.6144700529249908	0.22510601336789365
0.6139163446027459	0.22520499672423724
0.6133623077474919	0.22530354318914683
0.6122532539625831	0.22549932186383032
0.6100312649891687	0.22588559730920968
0.6055720758698926	0.22663682430003868
0.5965954200024755	0.22805245840614521
0.5959844369283566	0.22814413422792165
0.5953731219639047	0.22823526468930244
0.5941495040205749	0.22841588554308023
0.591698369943019	0.22877053935471356
0.5867809439562547	0.22945327891767406
0.5861648828658591	0.22953611215815375
0.5855485210616266	0.22961838470785514
0.5843149032671756	0.22978124409403158
0.581844146871548	0.23010019484274186
0.5768890020086447	0.2307108276719065
0.5762683704808909	0.23078458364775195
0.5756474705644858	0.23085776503257868
0.5744048737937723	0.23100240075830167
0.5719165503213336	0.23128474147264103
0.5669278495044588	0.23182152453701524
0.5569060093646565	0.2327821767020745
0.5563195054232302	0.23283354018290958
0.5557328263652294	0.2328843826203083
0.5545589499670437	0.23298450235209023
0.5522091736443134	0.2331784674336168
0.5475019255951826	0.2335411938027501
0.5469128330118763	0.23358416286173733
0.5463235938404507	0.2336266034091356
0.5451446829389659	0.2337098972798912
0.5427851814503679	0.23387012458855005
0.538059865690299	0.23416504952909292
0.5374686448680605	0.23419951446410467
0.5368773064954285	0.23423344473149482
0.5356942844187342	0.23429969990738073
0.5333269102650928	0.23442577962724123
0.5327348003537566	0.2344559579881197
0.5321425875712836	0.23448559910691052
0.530957860760348	0.23454326843191695
0.5285872538026241	0.23465214742651203
0.5279943725602536	0.23467801980832576
0.5274014032161978	0.2347033527144751
0.5262152076317699	0.2347523990849267
0.523841840803769	0.23484400725629784
0.5232483066653875	0.23486555699303974
0.5226546992721938	0.23488656536471117
0.5214672721649948	0.23492695717094111
0.5190916208263259	0.2350012354457912
0.5185092193782199	0.23501811583636462
0.5179267618203649	0.23503447443595485
0.5167616854157085	0.23506562563233852
0.516179070090835	0.23508041792682333
0.5155964057000205	0.2350946878257143
0.5144309367717409	0.2351216598876743
0.5138481357614052	0.23513436178886993
0.5132652927393416	0.23514654077073083
0.5120994877205819	0.23516932950840982
0.511516529255472	0.23517993904288279
0.5109335358417605	0.23519002521533597
0.5097674512369689	0.23520862708731222
0.5091843635811846	0.23521714260609738
0.5086012480473431	0.2352251344013909
0.5080181064040636	0.23523260239552993
0.5074349404203129	0.23523954651593768
0.5068517518653799	0.2352459666951244
0.5062685425088537	0.23525186287068933
0.5056853141205991	0.23525723498532186
0.5051020684707344	0.235262082986803
0.504518807329606	0.2352664068280063
0.5039355324677668	0.2352702064668992
0.5033522456559516	0.2352734818665435
0.502768948665054	0.23527623299509676
0.5021856432661024	0.23527845982581252
0.5016023312302375	0.23528016233704133
0.5010190143286875	0.23528134051223062
0.5004356943327456	0.23528199433992592
0.4998523730137461	0.2352821238137702
0.4992690521430406	0.2352817289325048
0.49868573349197504	0.23528080969996884
0.4981024188318656	0.23527936612509964
0.49751910993397575	0.23527739822193197
0.49693580856949227	0.2352749060095985
0.4963525165095019	0.23527188951232852
0.4957692355249679	0.235268348759448
0.4951859673867063	0.2352642837853787
0.4946027138653627	0.23525969462963747
0.4940194767313886	0.2352545813368354
0.4934362577550179	0.23524894395667678
0.4928530587062432	0.23524278254395772
0.4922698813547929	0.23523609715856558
0.4911035988213149	0.2352211547347572
0.4905204971772094	0.23521289784155705
0.4899374243062261	0.23520411726611298
0.48877137195543513	0.2351849854148518
0.4881883960104949	0.2351746343249149
0.48760545590836535	0.23516375992449037
0.486439690297207	0.2351404416197773
0.48585686831924196	0.2351279979419669
0.4852740892461684	0.23511503140662007
0.48410866687072845	0.2350875302720041
0.4817784145604391	0.2350262595911957
0.48114656745182904	0.23500820237450898
0.48051478760270433	0.23498953117321472
0.4792514386634679	0.23495034767642914
0.4767256466223441	0.23486462271366104
0.4760944003980109	0.2348416599788021
0.4754632393641718	0.23481808515957386
0.47420118180971255	0.23476910035006499
0.4716781872677367	0.23466379800850065
0.47104768509046385	0.23463594651178482
0.4704172859498734	0.23460748527439138
0.46915680567283863	0.2345487348802535
0.4666371793006396	0.2344239319170466
0.46160375911401225	0.23414519904186065
0.4609751714190094	0.23410763439441087
0.4603467221286161	0.23406946600769757
0.45909024753446465	0.23399131975356038
0.4565790555789602	0.23382780185669244
0.45156418895034794	0.2334719703711545
0.45093807770331656	0.2334248015387104
0.4503121396820356	0.2333770366861289
0.44906079193446213	0.2332797210805606
0.4465602697911269	0.23307796175111928
0.4415683979176223	0.23264605989596943
0.4409869332159708	0.23259322481978476
0.4404056489784779	0.2325398788332149
0.43924362874824424	0.23243165621413509
0.4369218290965243	0.2322091032539884
0.43228757356643993	0.23173968928710156
0.4230594465888545	0.23070467402360145
0.42248459401354166	0.23063577090994317
0.42190997544123454	0.23056637582404332
0.42076144680794375	0.23042611240328528
0.4184672689307079	0.23013971148208237
0.41389079085484354	0.22954356823741412
0.40478818278241907	0.22825921161199364
0.40417413500048854	0.22816783016965425
0.40356042148798726	0.2280758983740301
0.4023340050031016	0.22789038778901322
0.39988526803611374	0.22751280740102214
0.39500460458199066	0.22673164415979463
0.38531386116442445	0.22506725051217133
0.3847114438249721	0.22495878659400578
0.38410942006537196	0.224849807302319
0.3829065603351045	0.22463030728847258
0.38050564105793283	0.22418517461651777
0.3757233906400402	0.22327064694659318
0.36624026307271756	0.22134674404267146
0.36566203465614877	0.22122466464657833
0.3650842371633972	0.2211021266158652
0.36392994090319236	0.22085567957166857
0.3616265846397755	0.22035733618178374
0.357041143140228	0.21933913189042234
0.34795787382494736	0.21721893110537738
0.3301607484341664	0.21266215632266344
0.3296497031490616	0.21252334740360423
0.3291391052707456	0.2123842126312791
0.3281192553236225	0.21210497002274065
0.3260849635303755	0.21154262408666336
0.32203820733293387	0.21040274255871602
0.3140335016235514	0.2080642599475082
0.2983902907957244	0.20316889348519257
0.2978689147858152	0.20299823182112417
0.2973481215779672	0.20282727354212846
0.2963082866260353	0.20248447307203926
0.294235643626726	0.20179537801447614
0.2901186283561579	0.20040354364536392
0.2819989016155137	0.19756795309034525
0.26622510850941083	0.19171022404223528
0.2384786950078776	0.18025065355412215
0.21346455828336405	0.16859435840205736
0.18875470746136275	0.15576817699935
0.16791767248986242	0.14387281250841374
0.1476293090604163	0.1312765101842545
0.13070857602128697	0.11995428397508084
0.11587454091812088	0.10937678960508489
0.1015820702469676	0.09857284322017952
0.08977469400163038	0.089166091912879
0.07847919245222225	0.07973501010107446
0.06874483894120931	0.07124927550914399
0.06074048426749889	0.06401012611509503
0.05310141828676663	0.056870536863490126
0.046834606653508276	0.05083775546499666
0.04140765964073873	0.045480334186669226
0.03622824382613605	0.0402477966329035
0.031981825825788755	0.03586787214849441
0.031912364832847095	0.035795538984044514
0.0318430550746559	0.035723341000286776
0.03170488795278264	0.03557934974992598
0.03143035415707605	0.03529298034926324
0.030888415887626943	0.03472664789093968
0.02983248589159324	0.033619241433217324
0.029767705264161712	0.03355113230162642
0.02970306572107234	0.03348315180727139
0.02957420866323408	0.03334757592070936
0.029318174124181712	0.03307795889688304
0.028812755596456616	0.03254481868869202
0.028750195917718116	0.032478743539324256
0.028687772498758438	0.03241279380511828
0.028563333256197154	0.032281269781704765
0.028316076899669626	0.032019717919817246
0.028254599041923727	0.03195464049566164
0.02819325509222046	0.031889686889595946
0.028070967752867906	0.03176015033608862
0.028010023782723232	0.031695566991211094
0.027949212559628057	0.0316311066695531
0.027888533794871058	0.03156676917278691
0.027827987200353295	0.03150255430274212