0.9656385389977298	-0.02369916383556416
0.9655734558084444	-0.02374172969834324
0.9655082518303896	-0.023784366041801747
0.9653774806516557	-0.02386985054695918
0.9651144793906483	-0.024041669465654315
0.9645825928663424	-0.024388728048864182
0.9634948921355965	-0.025096697525425378
0.9612205725959854	-0.02656940601607544
0.9558040106471598	-0.03003567643834132
0.9500862082712191	-0.03363256589390685
0.9437884136861998	-0.03752154594565955
0.936092543906659	-0.04217202547699547
0.9280081473769166	-0.0469388402275414
0.9181538406018301	-0.052588469378868866
0.9072553726416913	-0.05863556527382229
0.8958862852994472	-0.06472393991036177
0.8821225681350864	-0.07180189543598156
0.8678112417989258	-0.07883034856639903
0.8523069438867091	-0.08607424952085459
0.8337249631404028	-0.09426315773358579
0.814645504284142	-0.10212859816073491
0.7919869375179205	-0.11077739087031582
0.7676927215826047	-0.11924164039537426
0.7431957633879752	-0.1269548049010046
0.7146547371374694	-0.1349312309210014
0.6862460471882802	-0.1418206105613027
0.6857510473578283	-0.14193152841018464
0.6852555947699788	-0.14204223733988985
0.6842633343362687	-0.14226302486488795
0.6822734137734877	-0.14270205356422724
0.6782721481217201	-0.14356972587192965
0.6701853697254714	-0.1452619404620973
0.6536873413913287	-0.14846129658683055
0.6531745712930326	-0.14855532655580064
0.652661419383537	-0.148649101414059
0.6516339740004496	-0.1488358826307636
0.6495745442776658	-0.14920634896364127
0.6454377505903112	-0.14993472154084556
0.6370942494886023	-0.15133983997792294
0.6365697595135881	-0.15142532029759806
0.6360449205192423	-0.1515105208580767
0.6349941998195792	-0.15168007972534117
0.6328886182085546	-0.1520158077094233
0.6286611422233809	-0.1526735402826323
0.6201429716581442	-0.15393282170571987
0.6196437825839106	-0.15400388838258958
0.6191443214613827	-0.15407469168991222
0.6181445869644184	-0.15421550597949754
0.6161418963563718	-0.15449394983503079
0.6121238499539413	-0.15503797666203004
0.6040388999281809	-0.15607363398337784
0.6035315001420033	-0.15613600618697476
0.6030238606631398	-0.15619809812793856
0.6020078668328664	-0.1563214392318143
0.5999730492499774	-0.15656473650379632
0.595892332853917	-0.15703768235162027
0.5876885127549037	-0.15792813450274387
0.5871306377468635	-0.15798576463682656
0.5865725219169146	-0.15804304770720698
0.5854555735081646	-0.15815657045518672
0.583218849869421	-0.15837942713712888
0.5787344190013259	-0.1588082658647106
0.5781728638067508	-0.15886027854175558
0.5776110909744053	-0.15891193570311893
0.5764868982851512	-0.15901418147490592
0.5742359661720644	-0.15921438496615264
0.5697242480108894	-0.1595975316592343
0.5691593886019881	-0.15964379767315703
0.5685943353982744	-0.15968970053056616
0.5674636536510115	-0.15978041498060258
0.5652000312372346	-0.15995746644257589
0.5606640921262799	-0.16029396342332727
0.5515601964538891	-0.16089581029591515
0.5510277316257569	-0.1609279762833845
0.550495140828602	-0.16095981465817655
0.5494295864575548	-0.16102250747003916
0.5472970225941474	-0.16114394979914606
0.5430263633316265	-0.16137100325408937
0.5424920375859966	-0.16139789591294423
0.5419576065386891	-0.1614244568817838
0.5408884337474517	-0.16147658282796895
0.5387488818987431	-0.16157684446260034
0.534465246182707	-0.16176135875386366
0.5339293924259658	-0.16178291823338353
0.5333934543222955	-0.16180414266701457
0.5323213303468324	-0.16184558565793536
0.5301761282811539	-0.16192444312559123
0.5296396367002889	-0.1619433172090143
0.5291030713401945	-0.16196185484447082
0.5280297245818013	-0.16199792012562295
0.525882204051394	-0.16206600637122737
0.5253451593702436	-0.16208218449290338
0.5248080515282856	-0.16209802495083148
0.5237336516846515	-0.16212869232319696
0.5215841526539325	-0.16218596919288192
0.5210466399768807	-0.16219944228296387
0.5205090748009426	-0.16221257668132208
0.5194337922947044	-0.16223782894492147
0.5172826560909507	-0.16228426429974382
0.5167553241681765	-0.1622948167542453
0.5162279520449768	-0.16230504288400754
0.5151730922459641	-0.1623245158268271
0.5146456070954792	-0.16233376247550757
0.5141180867951992	-0.16234268247069814
0.5130629458000142	-0.16235954220210205
0.512535327633356	-0.16236748179594315
0.5120076793733692	-0.16237509445155238
0.5109522976334321	-0.1623893386936371
0.5104245666842275	-0.1623959701597874
0.5098968107031604	-0.16240227444705801
0.5088412287098818	-0.16241390127466734
0.5083134052304963	-0.16241922371676434
0.5077855617848736	-0.16242421878349997
0.5072576996399712	-0.16242888643266198
0.5067298200629418	-0.1624332266248031
0.5062019243211181	-0.16243723932324172
0.5056740136820017	-0.1624409244940626
0.5051460894132486	-0.16244428210611747
0.5046181527826563	-0.16244731213102567
0.5040902050581508	-0.1624500145431746
0.503562247507774	-0.16245238931972034
0.5030342813996692	-0.16245443644058796
0.502506308002069	-0.16245615588847193
0.5019783285832816	-0.1624575476488364
0.501450344411678	-0.16245861170991568
0.5009223567556784	-0.16245934806271406
0.5003943668837395	-0.16245975670100646
0.49986637606434076	-0.16245983762133814
0.4993383855659713	-0.16245959082302489
0.49881039665711757	-0.16245901630815338
0.4982824106062488	-0.16245811408158045
0.49775442868180503	-0.16245688415093368
0.4972264521521831	-0.16245532652661085
0.4966984822857238	-0.16245344122177977
0.49617052035069875	-0.16245122825237823
0.49564256761529724	-0.16244868763711365
0.4951146253476127	-0.16244581939746253
0.4945866948156299	-0.1624426235576702
0.49405877728721154	-0.1624391001447504
0.4935308740300852	-0.16243524918848476
0.4930029863118305	-0.16243107072142213
0.49194726256143184	-0.16242173139893412
0.49141942906358665	-0.16241657062243722
0.4908916161731837	-0.16241108249299877
0.4898360572810393	-0.1623991243635606
0.48930831381188356	-0.16239265446459888
0.4887805960153157	-0.16238585741476952
0.4877252425022743	-0.1623712820949502
0.48719760931625344	-0.1623635039480772
0.4866700068637001	-0.1623553988965685
0.4856148992164828	-0.16233820835619472
0.4835051083366859	-0.16229990761602903
0.4829330113697986	-0.1622886195598811
0.48236096259256234	-0.16227694751244698
0.4812170160483696	-0.1622524519111897
0.47892977205525705	-0.16219885816791202
0.4783581056637139	-0.16218450163964634
0.4777865003275785	-0.1621697621536134
0.47664347924106576	-0.1621391348968956
0.4743582403039668	-0.1620732915765601
0.47378710725365364	-0.1620558756913972
0.47321604807687767	-0.1620380781237008
0.4720741577367117	-0.16200133864970953
0.4697913338068476	-0.16192328751986038
0.46522986968544544	-0.1617489410444319
0.4646601098734266	-0.1617254414862654
0.4640904493888124	-0.16170156351367035
0.46295143272633676	-0.16165267327174726
0.46067466083066666	-0.16155036243219778
0.4561265152819293	-0.16132767704594586
0.45555853376271876	-0.1612981531900413
0.4549906767168364	-0.16126825512885362
0.45385534228214625	-0.16120733756944247
0.45158623561466715	-0.16108102515426495
0.44705461833720583	-0.1608105617362882
0.4465266079025371	-0.16077746914654872
0.4459987273411188	-0.16074405512259732
0.44494336082127245	-0.16067626391217266
0.4428342409990344	-0.16053683696904264
0.4386227314775963	-0.1602426722064021
0.4302288308936109	-0.15959367144365444
0.42970558728138114	-0.15955044685181247
0.42918251268166063	-0.1595069112020475
0.4281368753039248	-0.1594189081938077
0.42604768122621317	-0.15923918573395524
0.42187788140488497	-0.15886496019481192
0.4135747351040886	-0.15805809963842604
0.41301414056384417	-0.1580006599120795
0.4124537885611324	-0.15794286996663376
0.4113338179455513	-0.15782624166391737
0.4090968505526029	-0.15758880729880112
0.40463513088321135	-0.15709735713802794
0.3957630694696229	-0.15604920705307307
0.3952109380868967	-0.15598085299519793
0.39465909398594134	-0.15591216810248326
0.39355627301034585	-0.15577380842157168
0.3913541374454517	-0.15549314788768306
0.3869641888871538	-0.15491621157357297
0.3782439121514882	-0.1537011069688765
0.3777115215608369	-0.15362393972224447
0.37717944771554424	-0.153546474886863
0.37611625493063394	-0.15339065521092915
0.37399372147990473	-0.15307547527904566
0.3697643201410711	-0.15243111028223016
0.36137018957235617	-0.15108764273888117
0.3448559270463615	-0.14819239348287114
0.3443803106869928	-0.14810402961434782
0.34390502864428174	-0.14801544829488877
0.34295547054661485	-0.14783763587745521
0.34106039940562133	-0.1474794299978344
0.3372866037433743	-0.14675283932736186
0.32980569114110964	-0.1452601151023863
0.31512029047628387	-0.1421260218600496
0.2846162106116595	-0.13474076294604995
0.2579141917870661	-0.12728513335138628
0.23347816236728094	-0.11962888837848237
0.20894763718393408	-0.11111831648348405
0.1879162608614995	-0.10314369559297695
0.16709444886353628	-0.09461213874429487
0.14943823118175967	-0.08686596928185561
0.13371843749198223	-0.07956200440646792
0.11833863354973555	-0.07203361126239892
0.10544428073176454	-0.06542205858952906
0.09293564051290513	-0.05873969583988868
0.08200950514825435	-0.05268065074945548
0.07291665654154528	-0.04747650233858919
0.06414174860820733	-0.042311868262474454
0.05686847689968515	-0.03792284006349452
0.0505128780522715	-0.03400577539337385
0.04439556289155629	-0.030162291749171174
0.039341092717265706	-0.026931525001072664
0.03925811357541658	-0.02687806569400505
0.03917530534814803	-0.026824702913834306
0.03901020030506769	-0.026718266398959585
0.038682026570131776	-0.026506545804932707
0.03803375061785753	-0.026087684399526995
0.03676890115388562	-0.025268041257701834
0.03669122877008205	-0.025217604509330305
0.036613716913805605	-0.02516726001391753
0.03645917352230683	-0.02506684724944604
0.03615199922326387	-0.024867122900285116
0.03554523061380004	-0.024472049148505506
0.035470089111864	-0.024423072491975655
0.03539510315412361	-0.024374185962858404
0.03524559664423111	-0.024276682756993108
0.0349484366877202	-0.024082752048380365
0.034874530976519276	-0.02403449270446792
0.03480077836938682	-0.02398632242951665
0.034653731257369626	-0.023890248558249193
0.03458043614883051	-0.023842344697943815
0.0345072929370499	-0.023794529378622645
0.03443430132152239	-0.023746802468429355
0.034361461002270215	-0.02369916383556416