0.9804874502236264	0.037645497909651555
0.9804478097929687	0.037715272849276664
0.9804080857321603	0.03778517133611665
0.9803283859766176	0.03792533973308154
0.9801679747011299	0.038207167703387085
0.9798430628944605	0.03877683239104433
0.9791765386903195	0.03994055187573592
0.9777738407920019	0.04236843609606582
0.9743840680268757	0.048121179223535426
0.9707310911896052	0.05414820589479735
0.966619310428186	0.06073154965789738
0.9614699620798804	0.06869673988755971
0.9559139675325701	0.07696798332805548
0.9489402174987511	0.08691402138276985
0.9409726341105504	0.09773560915175657
0.9323792666566291	0.10881937850368037
0.9215967063038089	0.12194874120839551
0.9099523947310133	0.1352535793218026
0.8968499026378116	0.1492537360875323
0.8804953394749775	0.165443429236906
0.8629867299837003	0.1813691758971837
0.8412873909973266	0.19932181983882763
0.8169806052732788	0.21735566334841197
0.7914443134889009	0.23420470460168613
0.7604878676398611	0.2520614307074179
0.7600109989460235	0.2523160198859864
0.7595333998427074	0.2525703986455276
0.7585760108335344	0.2530785174219514
0.7566524729589573	0.2540921474518518
0.7527703902639694	0.25610855476162464
0.7448665490388072	0.2600945431911903
0.7285045064661214	0.26785141642706894
0.7279376419328951	0.2681084801629467
0.7273699444343852	0.2683651507159911
0.7262320534552806	0.26887730210779154
0.7239463085715723	0.269896774794514
0.7193351442813183	0.2719158288015741
0.7099556832754002	0.2758697905734018
0.7093625781919627	0.2761130065560419
0.7087686688312228	0.27635574755564835
0.7075784416157462	0.27683979435134015
0.7051883842140264	0.2778020753583081
0.7003701152040591	0.2797028131753539
0.6905831769470238	0.283404410552645
0.6899761920163524	0.2836270346405321
0.6893684706821995	0.2838491221778503
0.6881508243117156	0.2842916780173906
0.68570675593039	0.28517024577519473
0.680783839119966	0.28690067144464154
0.6708016122399615	0.2902504415849602
0.6701717982162418	0.2904547182691592
0.6695412971834248	0.2906583828730623
0.6682782409960174	0.2910638665939735
0.6657439610816924	0.29186738756700187
0.6606431317915029	0.29344413063109825
0.6503157460726597	0.2964723724643515
0.6497085483124527	0.2966436401663225
0.6491008051856259	0.29681431266263897
0.6478836895502048	0.29715386498817975
0.6454429882246147	0.2978257498480443
0.6405360917843087	0.299140250947777
0.6306235204520394	0.3016491227720801
0.6299997420713143	0.30180049060586234
0.6293754758905026	0.30195120899747674
0.628125487838015	0.3022506909999738
0.6256197433525892	0.30284179100092534
0.6205856221283765	0.30399218051820986
0.610430478299411	0.3061629583196694
0.6097383043771832	0.30630366999143904
0.6090456339168461	0.306443560659629
0.6076588143748745	0.3067208717246149
0.6048793382750576	0.30726556244973163
0.5992976654265999	0.308314823448152
0.5985978815353146	0.3084421860934884
0.5978976461326493	0.30856869976270856
0.5964958323600063	0.3088191735122563
0.5936869143923731	0.3093098605836061
0.5880485754030876	0.3102498328451904
0.5873419188080404	0.31036341734072526
0.5866348579402693	0.31047612738243163
0.5852195354802006	0.3106989180953089
0.5823841727526425	0.31113394057017296
0.5766952631799438	0.3119614270070165
0.565250302142796	0.3134437324475098
0.5645798868885687	0.3135230378476315
0.5639092064648904	0.31360154380909594
0.5625670606751995	0.31375615369279347
0.5598797035428291	0.3140557397478723
0.5544933244928707	0.3146161802441159
0.5538189858575718	0.3146825877623971
0.5531444248240216	0.3147481820110229
0.5517946463996799	0.3148769275664645
0.5490925401989165	0.3151246255087345
0.5436787420945993	0.31558068549238144
0.5430011721812302	0.3156339917400244
0.5423234236430045	0.31568647329065097
0.5409674017543246	0.3157889597808392
0.5382533363367333	0.3159840092228924
0.537574415010647	0.3160307007324452
0.5368953372629361	0.3160765627589838
0.5355367236591947	0.3161657961565125
0.5328177422649323	0.31633428543721925
0.5321376477924945	0.31637432612164335
0.5314574192800039	0.31641353316741644
0.5300965713731751	0.31648944445401495
0.5273733908288936	0.3166312431441955
0.5266923028156827	0.3166646019864876
0.5260111032972525	0.31669712367239794
0.5246483810521464	0.31675965400702566
0.5219217229870718	0.3168746521162664
0.5212532138657983	0.3169007879497789
0.5205846193033741	0.3169261164277001
0.5192471845621563	0.3169743501430831
0.5185783497404286	0.3169972548171718
0.5179094401915898	0.3170193510089382
0.5165714076412224	0.31706111692218797
0.5159022900070803	0.31708078615555635
0.5152331083805068	0.317099645930386
0.5138945638973225	0.31713493623193134
0.5132252064169417	0.3171513663460051
0.5125557956964972	0.3171669861762672
0.5112168252983256	0.317195794264062
0.510547271004191	0.31720898218460725
0.5098776742370847	0.3172213591473751
0.5092080376907324	0.31723292500755207
0.5085383640595478	0.3172436796298044
0.5078686560385857	0.31725362288828113
0.5071989163234962	0.3172627546666185
0.5065291476104778	0.31727107485794265
0.5058593525962305	0.3172785833648725
0.5051895339779093	0.31728528009952245
0.5045196944530782	0.31729116498350507
0.5038498367196622	0.31729623794793294
0.5031799634759022	0.31730049893342094
0.5025100774203071	0.3173039478900874
0.5018401812516073	0.3173065847775559
0.501170277668709	0.31730840956495593
0.5005003693706462	0.31730942223092445
0.4998304590565345	0.3173096227636056
0.4991605494255245	0.3173090111606517
0.49849064317675523	0.3173075874292231
0.4978207430093066	0.3173053515859878
0.4971508516221537	0.31730230365712137
0.49648097171411976	0.31729844367830595
0.4958111059838286	0.317293771694729
0.4951412571296598	0.31728828776108303
0.4944714278496998	0.31728199194156287
0.4938016208416969	0.31727488430986484
0.49313183880301376	0.31726696494918405
0.49246208443058104	0.3172582339522127
0.49179236042085067	0.31724869142113715
0.4911226694697494	0.3172383374676352
0.4897833975242341	0.31721519578750146
0.48911382191862735	0.31720240833165336
0.4884442901491714	0.31718880999493904
0.48710536888831263	0.31715918132471443
0.4864359847796528	0.317143151337774
0.4857666552725365	0.31712631116309714
0.4844281708183635	0.3170902010477071
0.4837590212464995	0.317070931529197
0.483089937026472	0.31705085266734506
0.48175197538021786	0.3170082678618074
0.47907695436256226	0.3169133970881356
0.4783516786878428	0.3168854389135036
0.47762650542993434	0.3168565307699371
0.47617647981860506	0.31679586617766864
0.473277807668165	0.3166631557097148
0.4725534467962757	0.3166276096297582
0.47182921558962626	0.31659111712059623
0.4703811557491571	0.316515294829601
0.46748674124462625	0.31635231598021446
0.46676351259765997	0.3163092131997101
0.46604044069631007	0.31626516835304225
0.46459478061324155	0.3161742548852823
0.4617054895202987	0.31598115053098663
0.4559357742340038	0.31554998417949714
0.45521545616577236	0.3154918877591929
0.45449534836208927	0.315432860431174
0.45305577679145254	0.3153120162785498
0.45017930225525404	0.31505919326261733
0.44443776344591696	0.3145092048671445
0.44372120451713254	0.31443631721314586
0.44300490829284755	0.31436251297425244
0.4415731168954032	0.3142121587445431
0.43871282856904475	0.31390049596042974
0.43300614725037556	0.31323359242435195
0.4323417294404339	0.31315203421624
0.4316775847289925	0.3130696928545974
0.43035012481916146	0.3129026645239456
0.42769859430806934	0.3125592528857968
0.42240965646666423	0.3118352364516493
0.42174991218584845	0.311741267892339
0.42109048130414173	0.31164653257474584
0.41977256963405507	0.3114547660547271
0.4171406156379735	0.31106208066041846
0.41189273217123945	0.3102403566787724
0.41123829625800595	0.3101342559543546
0.4105842126876999	0.3100274069606872
0.4092771121119497	0.30981146906239065
0.40666724363929435	0.3093706683266051
0.4014653636769216	0.3084536510545662
0.39113715772210006	0.30648032326469077
0.3904413591942375	0.306340043128066
0.38974606079437474	0.30619893438896856
0.3883569754680298	0.3059142385036708
0.3855849277988699	0.3053349854095147
0.3800659329742147	0.30413745975601825
0.36913308066386247	0.30158985075836103
0.36845461387875866	0.30142401463938123
0.3677767311022401	0.30125741324819294
0.36642272737166165	0.30092192309105964
0.3637218351807839	0.30024185277018156
0.35834904670436674	0.2988458338706273
0.34772358559773486	0.29591422544412344
0.34707698726489983	0.295728441081491
0.3464310221969426	0.29554198727873665
0.345140999794622	0.2951670800960932
0.34256864090743944	0.29440932889519617
0.33745509778780247	0.2928625748393928
0.32735601503496115	0.2896480834652189
0.30769399371683465	0.2827681326643551
0.3071319989921503	0.2825591670117938
0.30657064700283004	0.2823497470199139
0.3054498754457413	0.2819295517637617
0.3032160910708732	0.2810837944387548
0.2987797828901276	0.27937124752462045
0.29003390519141253	0.27586551391165837
0.2730609603387283	0.26855945946856086
0.27249809011978526	0.26830555452656446
0.27193603638632047	0.2680512620098927
0.27081438117596995	0.2675415241238142
0.2685808988030468	0.2665175059555224
0.2641533897873313	0.2644518507726819
0.2554572068290131	0.26025444532505715
0.2387061676176209	0.2516297804300406
0.20973601327606797	0.23493536619187697
0.18421704073757827	0.21819201337364452
0.15962811354550238	0.20003919427146472
0.13941798649681597	0.18345201996139984
0.12024187265308071	0.16614213668930855
0.10465615895149658	0.15080196037864202
0.0913179535120796	0.13665423912385707
0.07877171265078181	0.12238308781990559
0.068645069422233	0.11010258626298541
0.0591693784765378	0.09792357485421675
0.051177231643528484	0.08707760919684489
0.0447311259809313	0.07790779862821504
0.03868894647360935	0.06893784161491812
0.03381487411946296	0.06141486661832968
0.029656074021625057	0.05477695162069908
0.02574214553874641	0.04833233922522759
0.022574448726981906	0.04296690014667809
0.02252294640370473	0.042878512573293746
0.022471566345053175	0.0427902973291248
0.022369171800544672	0.04261438265694624
0.022165836499676593	0.042264608393294024
0.02176491368899811	0.04157321496661605
0.020985530773947398	0.04022253078854194
0.020937793288169467	0.04013951393213323
0.020890168677495127	0.04005666017996333
0.020795256958394816	0.039891440855885
0.02060677570873442	0.03956294701929471
0.020235120009564962	0.03891367558362611
0.0201891552189904	0.038833234589675025
0.020143298895318493	0.038752952207063186
0.02005191057163839	0.03859286216387173
0.019870423718917344	0.03827457319989428
0.01982531915859789	0.03819539332867179
0.01978032092928101	0.03811636985327009
0.019690642408902604	0.03795879098837027
0.019645961592185162	0.03788023504891257
0.019601386055154813	0.03780183440535734
0.019556915536695703	0.037723588783546536
0.019512549776373542	0.037645497909651555