1.0117789850748038	0.04214578956208141
1.0117985405719763	0.04222900299584343
1.011818121110321	0.042312383918818725
1.0118573572973446	0.042479649622704355
1.0119361300080907	0.042816206236241446
1.0120948757500485	0.04349749911239449
1.0124171571631524	0.044893444348819714
1.0130807347442645	0.04782406886622625
1.0146039456270186	0.05486811332643526
1.016121878122583	0.06240281851213868
1.0176826669475179	0.0708200172996825
1.0194248727855908	0.08127485084667463
1.0194504222633125	0.08143848636236145
1.0194759714763564	0.08160245940820421
1.0195270682711879	0.08193142093967602
1.0196292494025676	0.08259342578926203
1.0198335132584488	0.08393392409515238
1.0202412404859158	0.08668218684549257
1.0210499276327685	0.09245859695686458
1.0210770775685785	0.09266098363707542
1.0211042080661006	0.09286382390656682
1.0211584091868084	0.09327086934167823
1.0212665608780593	0.0940904488183642
1.021481771555655	0.09575179623966329
1.0219070636695038	0.09916514737541617
1.02193338601601	0.09938257160673314
1.0219596752008346	0.09960048354553079
1.02201215218913	0.1000377749620513
1.0221166872054308	0.1009182589945634
1.0223239714678414	0.10270308213901237
1.0227304770260226	0.10637018206139533
1.0227550330131328	0.10659950700167313
1.022779541010288	0.10682933714366444
1.0228284108658905	0.10729051749273874
1.0229255506650585	0.10821898979298614
1.0231173050866367	0.11010063336951886
1.0234896649381928	0.11396476637696462
1.0235124006826744	0.11421082137513996
1.02353506948805	0.11445741832207874
1.0235802036816921	0.11495224280257865
1.0236696399972447	0.1159484474153661
1.0238450339957212	0.11796734753441357
1.0241806532715017	0.12211328709964694
1.0241995479622241	0.1223595218556743
1.0242183647344472	0.12260626201478214
1.024255762006885	0.12310126261593614
1.0243295936677166	0.12409737355773666
1.024473260339792	0.12611426463551573
1.0244908311128784	0.12636870891937194
1.0245083135212383	0.12662367509075825
1.024543010514777	0.12713517727417226
1.0246113139125295	0.12816449034035962
1.0247434010329632	0.1302485873156113
1.02475947424843	0.13051150799474626
1.0247754477753401	0.1307749674600191
1.0248070928065773	0.1313035070294515
1.0248691538727783	0.1323670987755442
1.0249881896155202	0.1345205744279746
1.0250025771213485	0.13479224493215972
1.0250168526737935	0.13506447152613565
1.0250450647173381	0.13561059736364098
1.0251001099282937	0.13670957038368353
1.0252045004176829	0.13893464905176353
1.025218047117151	0.13923905501055187
1.0252314464853653	0.13954413575764188
1.0252577988096279	0.14015632732520672
1.0253086865511194	0.14138887082637955
1.025321023382809	0.1416987151497949
1.0253332038926195	0.14200924573079177
1.02535709133749	0.1426323714380362
1.0254029393225856	0.14388692155092678
1.0254139930157435	0.14420229643849508
1.0254248810092392	0.14451836917942298
1.025446155090315	0.1451526140559302
1.0254866616257703	0.14642954233570962
1.025496355762308	0.1467505409848591
1.0255058744198562	0.14707224920553033
1.0255243802859173	0.14771780025587467
1.02555923076985	0.14901748215563287
1.0255674856677452	0.14934419872705962
1.0255755548909606	0.14967163670594225
1.0255911310886112	0.1503286828379152
1.0255986354337119	0.1506582939712894
1.0256059488454015	0.15098863247266558
1.0256199975345757	0.15165149755895685
1.025626730127803	0.15198402713789186
1.0256332664190435	0.15231729007284575
1.0256457446503913	0.1529860220173162
1.025668285197483	0.1543323523423141
1.0256734089124429	0.1546707908954177
1.0256783252507984	0.15500997486002197
1.0256875301241124	0.15569058508187375
1.0256918158040658	0.15603201437207817
1.0256958883973388	0.15637419513967035
1.0257033885329954	0.1570608171897431
1.025706813161417	0.15740526151733752
1.0257100188751698	0.15775046341251978
1.0257130041985887	0.1580964244015353
1.0257157676484754	0.15844314601207937
1.025718307734067	0.15879062977328273
1.025720622957001	0.15913887721569664
1.0257227118112837	0.1594878898712784
1.0257245727832551	0.159837669273376
1.025726103086158	0.16016490065226163
1.0257274322146068	0.16049280285589215
1.0257285589188248	0.16082137713503328
1.0257294819431142	0.16115062474146177
1.0257302000258337	0.16148054692795438
1.0257307118993721	0.1618111449482764
1.0257310162901256	0.16214242005717003
1.025731111918473	0.16247437351034302
1.0257309974987523	0.16280700656445687
1.0257306717392352	0.16314032047711505
1.0257301333421034	0.1634743165068507
1.0257293810034243	0.1638089959131152
1.025728413413126	0.16414435995626525
1.0257272292549717	0.16448040989755086
1.0257258272065382	0.16481714699910308
1.0257242059391871	0.16515457252392096
1.0257223641180429	0.16549268773585907
1.0257203004019664	0.1658314938996148
1.0257180134435313	0.16617099228071508
1.0257155018889976	0.1665111841455034
1.0257127643782873	0.1668520707611266
1.0257097995449589	0.1671936533955214
1.025703182412714	0.16787891179624131
1.0256995273488707	0.16822259010226728
1.0256956394325039	0.1685669695064388
1.0256871594411305	0.16925783669664932
1.0256825645492738	0.1696043270281563
1.0256777311711414	0.16995152354871612
1.0256673432500043	0.17064804025532918
1.0256617858374033	0.1709973629921565
1.025655984199282	0.17134739701955504
1.0256436424338	0.17204960405435737
1.0256370993832649	0.1724017796173622
1.025630306260809	0.17275467158210875
1.0256159638791482	0.17346260983409215
1.025608411642351	0.1738176586812586
1.0256006033783964	0.17417342904999364
1.025584212738027	0.17488713947738507
1.025548292400665	0.17632327499318057
1.0255386493879968	0.17668413191076532
1.0255287381043812	0.17704572061136284
1.02550810446817	0.1777710984994869
1.0254635487248902	0.17923069220570167
1.025451715399375	0.1795974393671292
1.025439601103182	0.17996492859470184
1.0254145231105063	0.18070213839427418
1.0253609236918633	0.18218551940168795
1.0253470775593108	0.1825508996049306
1.0253329487770944	0.18291700283512935
1.0253038369264529	0.18365138322761745
1.0252421513256047	0.18512887369920752
1.025104568505535	0.18811904499860088
1.0250860060977187	0.1884961391420137
1.0250671348633411	0.18887397570800796
1.0250284591159868	0.18963188095011196
1.0249473264969364	0.1911566537529691
1.0247695463477258	0.1942423193234451
1.0247458347616005	0.1946314372965381
1.0247217862765714	0.19502131701368458
1.024672671322204	0.19580336649174782
1.0245703180215486	0.19737665926513
1.024348699519389	0.20056028856465116
1.0238343588356684	0.2070778574091743
1.023795893294381	0.20752718016487318
1.0237569576276142	0.2079774445675665
1.023677665247309	0.2088808042801124
1.023513320926294	0.21069888897283964
1.0231609807282849	0.21438085054745784
1.0231146665700097	0.21484541740197916
1.0230678381756146	0.21531094948917726
1.0229726272116568	0.21624491516445793
1.0227759075966205	0.21812449296891664
1.0223566188310185	0.2219305553045063
1.0223017260332292	0.22241073829108354
1.022246271624408	0.22289190934578812
1.0221336656671474	0.22385722124437044
1.0219015782919323	0.22579976307069863
1.021409195019937	0.2297328263371489
1.0203057541165612	0.23779327020265267
1.0202363002138213	0.23827141840658683
1.0201662659319979	0.23875046376728631
1.0200244447707214	0.23971124998673649
1.0197337112062232	0.24164363235178205
1.01912322279195	0.2455518562045986
1.0177807559173744	0.2535438261348371
1.0176912536464795	0.25405115855558535
1.0176010737125656	0.2545594178310841
1.0174186679073414	0.25557872026927364
1.0170455812331975	0.2576284835865796
1.0162655669175291	0.26177282141472535
1.0145640836213368	0.2702420641678735
1.014441720146183	0.2708245971036455
1.014318431323095	0.2714082462293755
1.0140690591115362	0.27257889603370083
1.013559005790587	0.2749336220435554
1.0124926036209672	0.2796969304915424
1.0101658982651593	0.2894399981294538
1.0100115411726784	0.29005855547938214
1.0098561018733225	0.2906782462992456
1.0095419558405931	0.29192102951135596
1.0089004473278036	0.29442020943598884
1.0075633755404512	0.29947306667584633
1.0046632563241866	0.30979687661332933
1.0044751156213712	0.3104397790828687
1.004285762995891	0.3110837744865806
1.003903400083795	0.31237504292342383
1.0031238894232495	0.31497068098298403
1.0015044811708458	0.32021426997391417
0.9980139132574907	0.33090967581592456
0.9977841957570661	0.33158730509642376
0.9975530830972845	0.3322660074582386
0.9970866483048514	0.33362662739055804
0.9961367719795526	0.33636069842987293
0.9941676284287341	0.3418799062569566
0.9899406605543045	0.3531201517604809
0.9896819930873945	0.3537835212360595
0.989421939098351	0.35444778466255794
0.9888976505460122	0.3557789872119149
0.9878322035103309	0.35845205068654556
0.9856326401326072	0.36384043578034536
0.9809491892171546	0.3747829030148384
0.9806435002132053	0.37547399777045964
0.9803362518947069	0.3761659251609906
0.9797170551218042	0.3775522684275486
0.9784597052509211	0.38033484140669443
0.9758679276934181	0.3859389693846218
0.9703659499293671	0.39729825084706544
0.9699771768233968	0.39807533044970433
0.9695863560685942	0.3988532838210861
0.9687985422915324	0.4004117949363004
0.9671980201150889	0.4035391136092826
0.9638957488473868	0.4098339301285818
0.9568730662259907	0.4225755985186203
0.9564151131562396	0.42337831571236356
0.9559548762288663	0.4241817484097608
0.9550275212261077	0.4257907372594575
0.9531450797442774	0.4290170445182263
0.9492676187220805	0.4355016196786306
0.941049239735676	0.4485870407748987
0.9405502587196507	0.44935472745742355
0.9400490846031515	0.4501228547578172
0.939040133764671	0.4516604068882522
0.936995659093328	0.45474052859945896
0.9327991262557302	0.46091942421059956
0.9239655626398234	0.4733398956356193
0.9233935692881114	0.4741184557875622
0.9228192024922631	0.4748972406510658
0.9216633270690728	0.47645545454281896
0.9193228594838937	0.47957424666100334
0.9145258791369738	0.48581955150532635
0.904458612926929	0.4983265369667256
0.9037536275061114	0.4991736888264501
0.9030456657571145	0.5000207960420467
0.9016207898945839	0.5017148309456985
0.8987350673995347	0.5051018599537491
0.8928184855433932	0.5118691205541148
0.8803953783122598	0.5253545413935715
0.8795924714707265	0.5261943087505355
0.8787864242387612	0.5270336363437944
0.8771648916610465	0.5287109187610756
0.8738839588323303	0.5320596148613543
0.8671697530306374	0.5387304617835875
0.8531259119226732	0.5519406468457377
0.852237232240026	0.5527445319997784
0.8513454258376811	0.5535475543831672
0.8495524252118208	0.5551509535397304
0.8459288231768285	0.5583467657400539
0.8385308834730782	0.564691178553253
0.8231304616597016	0.5771644502100508
0.8221411506355777	0.5779334108339951
0.8211486900135402	0.5787010295877344
0.819154322761728	0.5802321790725898
0.8151278287889225	0.5832776872972567
0.8069240766252262	0.5892980064830327
0.7899169771042434	0.6010272302104236
0.7889008602303532	0.6016972499940516
0.7878820615476422	0.6023656572268815
0.7858364310457565	0.6036975810190752
0.7817131279227836	0.6063414942857697
0.7733391431984192	0.6115466048189584
0.756089063196519	0.6216020852948142
0.7549890389961961	0.6222139043702478
0.7538864705857924	0.6228236849927989
0.7516737238605286	0.6240370778063452
0.7472179545923286	0.6264388187360346
0.7381866942451968	0.631139163783964
0.7196574808432147	0.6401038508628855
0.718379949373049	0.6406892909175481
0.7170996904278573	0.6412718432316024
0.7145310330240957	0.6424282201157292
0.7093614671264301	0.6447056136060942
0.6988958850749847	0.649115403052652
0.6975760634820791	0.6496527271581594
0.696253699634726	0.6501869107546708
0.6936013955463564	0.6512457950221762
0.6882668408044528	0.6533252053209843
0.6774809127089154	0.6573272322447986
0.6761219865442131	0.6578124983624583
0.6747607327756605	0.6582943855679454
0.67203130000277	0.6592479659990954
0.6665451426614283	0.6611139543924424
0.6554670245413478	0.6646781338551159
0.6329158919627643	0.6711115638451666
0.631584770579348	0.6714575400577835
0.6302520651896804	0.6718002075656571
0.6275819597892089	0.6724755790369472
0.6222233761462925	0.6737862102115666
0.6114360190744993	0.6762450327051573
0.6100813113459657	0.6765369893534212
0.6087252569532151	0.6768254969991118
0.6060091697435099	0.6773921331601401
0.6005615159518396	0.6784836690389847
0.5896078139580468	0.6804981111122296
0.5882334374984476	0.6807339674367494
0.5868579672944376	0.6809662567243887
0.5841038107655973	0.6814201079290187
0.5785830917630039	0.682284722414508
0.5772004235276863	0.682491863339715
0.5758167930289652	0.6826953872185257
0.5730467118632273	0.6830915606887777
0.5674957376402234	0.6838402540106746
0.5661058397601891	0.6840183014077609
0.564715113965632	0.6841926880589244
0.561931246576595	0.6845304591907503
0.5563543262942011	0.685161858977276
0.5549582825158601	0.6853104859021673
0.5535615476572994	0.6854554148878896
0.550766073768848	0.6857341624145248
0.5451675945302255	0.6862471051725734
0.5437940263226537	0.6863637376882636
0.5424199270996521	0.6864767868072567
0.5396702015529741	0.6866921223601966
0.5382946082600631	0.6867944027933592
0.5369185500117678	0.6868930878286682
0.5341651049495055	0.6870796607939866
0.5327877513362828	0.6871675435167885
0.5314099991676619	0.687251820427681
0.5286533657716916	0.6874095474972364
0.5272745178910458	0.6874829932480103
0.5258953381468938	0.6875528243714009
0.5231360499341645	0.6876816350250552
0.5217559749340066	0.6877406109516173
0.5203756350056535	0.6877959650436424
0.5189950469152483	0.6878476957516155
0.5176142274403294	0.6878958016271559
0.516233193369061	0.6879402813231176
0.5148519614994667	0.6879811335936824
0.5134705486386569	0.6880183572944462
0.5120889716020609	0.6880519513824989
0.5107072472126536	0.6880819149164956
0.5093253923001837	0.6881082470567227
0.5079434237004016	0.6881309470651561
0.5065613582542849	0.6881500143055116
0.5051792128072654	0.6881654482432904
0.5037970042084541	0.6881772484458145
0.5024147493098667	0.6881854145822581
0.5010324649656489	0.6881899464236699
0.4996501680313004	0.6881908438429889
0.4982678753629004	0.6881881068150537
0.49688560381633196	0.6881817354166037
0.4955033702465062	0.6881717298262744
0.4941211915065876	0.6881580903245843
0.49273908444721826	0.6881408172939159
0.491357065915744	0.688119911218489
0.48997515275543885	0.6880953726843274
0.488593361804731	0.6880672023792177
0.48721170989643003	0.6880354010926624
0.48583021385695235	0.6879999697158239
0.48444889050554996	0.6879609092414641
0.4830677566535379	0.6879182207638754
0.48168682910352373	0.6878719054788033
0.4789256600717581	0.6877683997759612
0.47754545214475486	0.687711212256174
0.4761655176277102	0.6876504037246687
0.4734065358003214	0.6875179305338953
0.4720275219443411	0.6874462695803295
0.47064884840552157	0.6873709950261936
0.4678925890218175	0.6872096136335986
0.46651503650650217	0.6871235113044618
0.4651378909659726	0.6870338043930878
0.4623848872687873	0.6868435869415994
0.4568844934992513	0.6864200139203098
0.45539411307726385	0.6862952393433701
0.4539043690589517	0.6861662496986448
0.4509268741612232	0.6858956422406538
0.4449804423806789	0.6853040414756175
0.4434957388789064	0.6851456722260996
0.4420118386585871	0.684983125487197
0.4390465307310116	0.6846455208748078
0.43312646108888686	0.6839204238491973
0.4316487602923324	0.6837287904873237
0.4301720269129155	0.6835330257264415
0.4272215435416282	0.6831291275305146
0.42133307531564684	0.6822720422892403
0.40961060516087366	0.6803623095419976
0.40815078756438394	0.6801054068001707
0.4066922553004569	0.6798444893932367
0.4037791240664696	0.6793106440765688
0.3979691319941831	0.6781951525352999
0.38641846699260424	0.6757749926521575
0.38498149598673526	0.6754549221518397
0.38354611112393316	0.6751309844364743
0.38068017234277657	0.6744715481564733
0.374968121551519	0.6731067237767918
0.36362727974399794	0.6701956883129073
0.3623119173536166	0.6698405672487274
0.36099817927507305	0.6694822303494038
0.35837563047591586	0.6687559474564804
0.3531506192893649	0.6672652181700254
0.3427838975696311	0.6641333469048831
0.3414961186403016	0.663727961847949
0.34021017328323283	0.663319522604075
0.3376438329809109	0.662493524263261
0.3325336975513359	0.6608053505484441
0.3224062896470943	0.6572867636062123
0.3211492972436064	0.656833824346559
0.3198943280618843	0.6563780085294317
0.317390503963691	0.6554577935557687
0.31240762042245074	0.6535833574035302
0.30254330300413484	0.649701117983348
0.28323846327143004	0.6414250226804186
0.28195194817296065	0.6408407103428321
0.28066818142262234	0.64025348098483
0.2781089358444367	0.639070336773525
0.27302388981106934	0.6366697675124138
0.2629898248761091	0.6317352247747258
0.24348216391346378	0.6213626722737053
0.2422883327639536	0.6206933026136541
0.24109753450432772	0.6200215550044786
0.23872506424331644	0.6186709946214042
0.2340168153045947	0.615942094416472
0.22474847823946087	0.6103770302143591
0.20681405894928867	0.5988486726986483
0.20574008365705163	0.5981252057980825
0.20466919017740556	0.5973999762025515
0.20253666107973672	0.5959442933373049
0.19830871573547404	0.5930124828184626
0.19000184531248254	0.5870706656192048
0.17398745313890968	0.5749025975243758
0.17301316881217552	0.5741306079230809
0.1720420190773734	0.5733573596679046
0.17010912389839725	0.571807148235726
0.16628094954441258	0.5686922909531155
0.1587749854952509	0.5624082094410806
0.14436288238733838	0.5496490045066843
0.14354729819137177	0.5488982955092433
0.14273441059719805	0.5481468985585047
0.14111671761499045	0.5466420859601392
0.13791360438104736	0.543624700060722
0.13163597761660678	0.5375613667264796
0.11959054553730382	0.5253397858443675
0.11886007179112056	0.5245724789027201
0.11813221029375952	0.5238048265441207
0.11668431053934962	0.5222685256984805
0.11381970723096692	0.5191922180057652
0.10821447906748645	0.5130269712721479
0.0974930003641081	0.5006629195012843
0.09678959020537718	0.4998239951197668
0.09608910385152576	0.4989850183824491
0.09469687973045088	0.49730695195608393
0.09194726387398848	0.49395067271058374
0.08658603492238577	0.4872399209793464
0.07640451801647198	0.47384396764274445
0.075791667687187	0.47300854485563293
0.07518154191278628	0.4721733930550356
0.07396943718588025	0.4705039387890474
0.07157762581739606	0.46716867888734165
0.06692206343348432	0.460514714054438
0.05811066548516599	0.4472878985118771
0.05761668749414327	0.44652006544082007
0.05712488871855098	0.4457526966980317
0.05614780519854213	0.4442193757636115
0.054219528529596814	0.44115856269125364
0.05046520460103489	0.4350615171788997
0.043354741068522974	0.4229753174180387
0.04292753859198502	0.4222250637871425
0.04250232358220057	0.4214754428638265
0.04165783176871308	0.4199781175092551
0.03999243156274472	0.4169912592044856
0.036754609468090706	0.4110496918369075
0.030640048770235333	0.3993024929919358
0.03028064966480785	0.39858891064520263
0.02992297504897804	0.39787606009688864
0.029212776718716686	0.39645256733036405
0.02781282593391303	0.3936145039153445
0.025093450003297182	0.3879747501079851
0.019966811553618177	0.37684580903745546
0.01965982251033118	0.3761571015831613
0.01935438007124084	0.37546921479623047
0.018748113214975288	0.3740959124246773
0.01755389949679156	0.3713592553900717
0.015237542152780866	0.3659262131794388
0.01088354549458589	0.3552247209073074
0.010601310416331734	0.35450704253441223
0.010320695570873326	0.353790402560399
0.009764300228942301	0.3523602454830791
0.008670663293742106	0.3495124747802071
0.00655854744469515	0.34386749721133525
0.002623493717065801	0.33278252202630987
0.002389910182283951	0.3320988788895203
0.0021577433872810576	0.33141632115248915
0.0016976356302998593	0.3300544659106642
0.0007941536598072134	0.3273438231710135
-0.0009472205691599215	0.32197500242492155
-0.004178141281684933	0.3114484520557021
-0.004356564450603576	0.3108433315153989
-0.0045339167391073	0.31023917383529853
-0.004885426736779004	0.309033747971924
-0.0055757941165078895	0.3066344597978566
-0.006906913031542241	0.3018821697541791
-0.009378468070292438	0.29256280164320103
-0.009524799375184164	0.29198853633531596
-0.009670197896210207	0.29141523430275784
-0.009958212969109499	0.2902715192399206
-0.010523229181904683	0.28799563869309097
-0.0116101064406618	0.2834900147601282
-0.013618269823189108	0.2746626785346505
-0.013746640128252437	0.27407343155033864
-0.013874061162774185	0.27348530246859015
-0.014126074169188116	0.2723123952394012
-0.014618914191017547	0.2699799644058209
-0.015560877665267888	0.2653684661765541
-0.01727792493766786	0.25635740198342827
-0.01737815939061484	0.2558035272575743
-0.01747758612080336	0.2552507426730183
-0.017674032969022282	0.2541484397710787
-0.018057415181900863	0.2519568694359844
-0.018787039576089154	0.24762562656001794
-0.020104757520785662	0.23916867064858308
-0.020176082869164568	0.23868349970120134
-0.020246812311956238	0.23819924690776406
-0.020386495298673063	0.23723349160655702
-0.02065883974982209	0.23531295265147018
-0.021176089447638297	0.2315155215842311
-0.021238228710630715	0.23104491340493474
-0.021299818002204724	0.2305752061562468
-0.021421357756770558	0.2296384899984303
-0.02165795892638206	0.2277758196608016
-0.02210585441557561	0.22409327277388078
-0.022159520831727123	0.22363694395143194
-0.02221268033846564	0.2231814978283685
-0.02231748900860948	0.2222732490042321
-0.022521137072911267	0.220467292139207
-0.02290512400597922	0.216897275850619
-0.02358426505863879	0.20992267181064697
-0.02362219337227441	0.20950239118152902
-0.023659709401565497	0.20908292179772192
-0.023733513164677842	0.20824641206490063
-0.02387626691255571	0.20658307573848605
-0.02414282710849686	0.20329487034901
-0.024174410909647878	0.2028874277811408
-0.024205615634837658	0.20248077747749973
-0.02426689585641318	0.20166984887011105
-0.024384994903888638	0.200057446040652
-0.024603784537712142	0.19687018811376708
-0.024629538645855764	0.19647527741342918
-0.024654944704918025	0.19608113968445295
-0.02470472014524152	0.19529517828572088
-0.024800176151765264	0.19373247770043908
-0.024975116703654446	0.1906436926378351
-0.024995521895613812	0.19026100348045052
-0.02501560799834895	0.18987906780164895
-0.025054829904266822	0.18911745198894084
-0.025129520870158836	0.1876032082876485
-0.02526427193975934	0.1846103983041026
-0.02528107656809848	0.18420824689614507
-0.025297537700339687	0.18380695883386042
-0.025329437759447595	0.18300696648774098
-0.025389206482275564	0.18141727309839223
-0.025403320638053603	0.18102198464562655
-0.025417107607379762	0.18062754702182243
-0.025443707956272058	0.17984121800449485
-0.02549306954526698	0.17827870110629535
-0.025504621527601665	0.17789017549966743
-0.025515862014542808	0.17750248821495426
-0.02553741616839891	0.17672962236358541
-0.025547733645127316	0.17634444067408167
-0.02555774724616457	0.17596009106084617
-0.025576870339246317	0.1751938818223966
-0.0255859835674435	0.17481201907803107
-0.025594800392329663	0.17443098217167863
-0.025611552204574645	0.1736713796406801
-0.025641579582692257	0.172162016113001
-0.025648372751800427	0.17178671647648192
-0.025654884029930415	0.17141223022969249
-0.025667068001408475	0.17066569169427248
-0.025672744217050222	0.17029363630204622
-0.025678145586373442	0.1699223880924005
-0.0256881307355881	0.16918230702255832
-0.025692717968819088	0.16881347106534353
-0.0256970372624822	0.1684454360967134
-0.025701090321985656	0.16807820057037756
-0.025704878844297077	0.16771176294096896
-0.025708404517978917	0.16734612166406365
-0.02571166902322376	0.16698127519619999
-0.025714674031889533	0.16661722199489776
-0.02571742120753458	0.1662539605186772
-0.025719912205452715	0.16589148922707778
-0.02572214867270808	0.1655298065806768
-0.025724132248169964	0.16516891104110773
-0.025725864562547465	0.16480880107107837
-0.02572734723842409	0.16444947513438893
-0.025728581890292257	0.16409093169594977
-0.025729570124587653	0.16373316922179892
-0.02573031353972347	0.16337618617911956
-0.025730813726124662	0.1630199810362573
-0.02573107226626194	0.16266455226273732
-0.025731090734685737	0.16230989832928075
-0.02573087069806009	0.1619560177078219
-0.02573041371519638	0.16160290887152445
-0.02572972133708695	0.16125057029479783
-0.025728795106938672	0.1608990004533132
-0.025727636560206407	0.16054819782401966
-0.025726347035527026	0.1602214820378941
-0.025724857715419998	0.15989543197970044
-0.025723169830038445	0.15957004641433026
-0.02572128460375097	0.15924532410769013
-0.025719203255164948	0.15892126382671246
-0.02571692699714982	0.1585978643393659
-0.02571179457575907	0.15795304282268505
-0.025708940809640698	0.15763161833456338
-0.02570589692865372	0.1573108497225184
-0.025699243554577308	0.1566712752209763
-0.025695636413762383	0.15635246688139143
-0.025691843862673338	0.15603430951772745
-0.02568370717321242	0.15539994283031147
-0.025679365342859382	0.15508373106548376
-0.02567484271831478	0.15476816539444405
-0.025665259642668345	0.15413896746431577
-0.025660201456047735	0.15382533277346214
-0.02565496700424233	0.15351233931288433
-0.0256439737749964	0.15288827123215987
-0.025638217219208607	0.1525771941898445
-0.025632288841585235	0.15226675353348437
-0.025619921006058765	0.1516477765478045
-0.02559317141800534	0.1504174061388355
-0.025586070728662424	0.1501113864298098
-0.025578806852793193	0.1498059934778325
-0.0255637937614644	0.1491970830549002
-0.02553185547744757	0.14798673067575654
-0.025523478588701506	0.1476856915567159
-0.025514946822679924	0.1473852696488165
-0.025497422718969875	0.14678627271894665
-0.025460560372385622	0.1455956332471057
-0.02545097264756937	0.14529949865193625
-0.025441238039373468	0.14500397180870206
-0.025421332078441185	0.14441473667491667
-0.02537980025304569	0.14324350777572112
-0.02529006967001236	0.14092975392031468
-0.025277251325646795	0.14061925540942408
-0.025264278293208466	0.14030944859102945
-0.025237872757013093	0.13969190416648794
-0.02518325560913957	0.13846505122616462
-0.025067046457289497	0.13604396322422146
-0.025051887704064704	0.13574435694710973
-0.025036591941371155	0.13544541914578737
-0.02500559360326729	0.13484954324124418
-0.024941998869978273	0.13366575024184066
-0.024808646055265934	0.13132968146640717
-0.024791418663898095	0.13104060008671395
-0.024774070482751022	0.13075216452105795
-0.024739015616829896	0.13017722524436626
-0.024667498637378018	0.12903503512343895
-0.02451904549319147	0.12678109862978576
-0.0242020736297246	0.12239255157279023
-0.024181812728513552	0.12212835354123834
-0.024161462836814154	0.12186473601176588
-0.024120499149265777	0.12133923745044378
-0.024037537395127363	0.1202951513800657
-0.023867642819151998	0.11823434577757158
-0.023513247352690204	0.11422000881052223
-0.023490499527309937	0.11397377635694114
-0.023467685299758463	0.11372808540532121
-0.023421860207248565	0.11323832328021327
-0.023329441255912308	0.11226524517155814
-0.023141667594002883	0.11034461160171759
-0.022755445709601405	0.10660336925341515
-0.02273252661781146	0.10638928662666543
-0.02270956614274444	0.10617564329054385
-0.022663522782867814	0.10574967087970268
-0.022570958474774125	0.10490295792268982
-0.022384013988723188	0.10323025940396512
-0.022003587519318538	0.09996619350270705
-0.021221940588579017	0.0937511085042551
-0.02119507062227225	0.09354758063768216
-0.021168179772106978	0.09334450507997667
-0.021114336977588268	0.09293970681603857
-0.021006417780172565	0.09213549328902998
-0.02078972913109455	0.09054837280421803
-0.020353593743918458	0.08745758329858182
-0.01947497572862839	0.08159606239155665
-0.01783856930633378	0.07170513259824784
-0.016275432531067294	0.06319817366513024
-0.014658503217080936	0.05512938964182013
-0.01324244863449436	0.04855027358608521
-0.01321861166165543	0.048442924398507024
-0.013194805014748786	0.04833581753614546
-0.013147282819782448	0.04812232853213107
-0.01305260364423631	0.04769823369816785
-0.012864712285880209	0.046861452184925004
-0.012494840208287481	0.045232543234429566
-0.012471986323358676	0.045132675288449206
-0.012449163499411003	0.04503303227452137
-0.012403611096411745	0.04483441895516058
-0.012312879680569383	0.04443986860695032
-0.012132913354765785	0.04366135776922276
-0.012110558088935273	0.04356502676640325
-0.012088234085223857	0.04346891248899451
-0.012043679900845325	0.04327733210163796
-0.011954947060284589	0.04289675000285359
-0.01193284213007623	0.0428021388009081
-0.011910768525781941	0.04270774033807486
-0.011866715319957064	0.042519579659278765
-0.011844735730053839	0.04242581646104146
-0.01182278748932411	0.042332264037361636
-0.01180087060270877	0.042238921900047785
-0.011778985074803787	0.042145789562081405