1.0063205965474096	0.04306550276912312
1.0063292810917954	0.04314962344841214
1.006337968583134	0.04323390988957387
1.0063553522103277	0.043402981377883676
1.006390152650799	0.043743128057819436
1.006459874872279	0.04443151102111129
1.0065997090326608	0.045841242668253256
1.0068800961688849	0.048797574391220316
1.0068895933346393	0.04890103209256392
1.0068990894522774	0.04900471108322409
1.0069180781739617	0.04921273484225282
1.0069560389454977	0.049631458896555986
1.0070318723620284	0.05047972141520152
1.0071830069322654	0.052220384164394784
1.0074815686365857	0.055885529561191444
1.0074901760923318	0.05599628644651534
1.007498776362545	0.05610726471901425
1.0075159549035306	0.056329887204942586
1.007550220853749	0.056777808445144747
1.0076183626363209	0.05768445677153974
1.007752872462609	0.059541794877170734
1.0077611920362988	0.05965986105558182
1.007769500571843	0.059778163287892296
1.0077860840022712	0.0600154778078039
1.0078191125775215	0.0604929603752585
1.0078845862023866	0.06145944684602331
1.008012946420193	0.06343937542730484
1.0080206892485926	0.06356276333564022
1.0080284170803395	0.06368639311445136
1.008043827167401	0.0639343801807211
1.008074460888496	0.06443327767809275
1.0081349487016797	0.06544287352290762
1.008252524780171	0.0675101398212072
1.0082597112637322	0.06764150717006846
1.008266877677989	0.06777313200571783
1.0082811496097388	0.06803715615049076
1.0083094450160048	0.06856831647755261
1.0083650023047643	0.06964319921154279
1.0084716531747622	0.07184413702574333
1.0084786536195482	0.07199586494753356
1.0084856234295698	0.07214791539509159
1.00849947011528	0.07245298659182979
1.008526784462415	0.07306702933658586
1.0085798375964785	0.07431087051211457
1.0085863162498496	0.07446784128340513
1.0085927599866018	0.07462514563286886
1.0086055415897766	0.07494075787650777
1.0086306733889367	0.07557601628988594
1.0086791466947014	0.07686282794157513
1.0086850322777463	0.07702522098966981
1.008690878288203	0.0771879590145769
1.008702450373529	0.0775144728923801
1.0087251061882236	0.07817167231994426
1.00876839413242	0.07950292190339785
1.0087736091689803	0.07967092223873436
1.008778779574339	0.07983927930143384
1.008788985168881	0.08017706659516616
1.0088088461396845	0.08085695483789214
1.0088462909247515	0.08223415497594998
1.0088504551651063	0.08239634333731559
1.008854575769983	0.08255885290297381
1.0088626849073548	0.08288483814705262
1.00887836665306	0.08354069064545956
1.008882173579686	0.08370546619287844
1.0088859345025998	0.08387056797223892
1.0088933171263128	0.08420175276101412
1.0089075169278674	0.08486806505866362
1.0089109472773268	0.08503546825397425
1.0089143291635299	0.08520320277768671
1.0089209462886142	0.08553966837903657
1.0089335850633108	0.08621660383897645
1.0089366188308164	0.08638667569548868
1.0089396015810885	0.08655708404594643
1.0089454127242163	0.08689891283203088
1.0089564083546299	0.08758663702889448
1.0089590247687283	0.08775941911341109
1.0089615875139641	0.08793254292672738
1.0089665506423287	0.08827981837780365
1.008975817872907	0.08897849910488131
1.0089779953693792	0.08915403353934649
1.0089801164443895	0.08932991500695457
1.0089841879230124	0.08968272171443029
1.0089916382534825	0.09039252898917335
1.0089933544484444	0.0905708584519212
1.0089950113649546	0.09074954032177043
1.0089981459023745	0.09110796399043733
1.008999622788922	0.09128770714580962
1.0090010389282793	0.09146780542139268
1.0090036874778923	0.09182907005828053
1.0090049191400725	0.09201023778485293
1.0090060885588967	0.0921917633621712
1.0090071953559847	0.09237364747559186
1.009008239151206	0.09255589081156061
1.0090092195626732	0.09273849405761203
1.0090101362067345	0.09292145790236955
1.0090109886979657	0.09310478303554555
1.0090117766491644	0.09328847014794099
1.0090125572464492	0.09348794544779046
1.0090132610900981	0.09368784757014313
1.0090138876801482	0.0938881773985676
1.0090144365141405	0.09408893581813324
1.0090149070871088	0.09429012371540998
1.0090152988915675	0.0944917419784679
1.0090156114175017	0.09469379149687693
1.0090158441523547	0.09489627316170635
1.0090159965810177	0.09509918786552467
1.0090160681858178	0.09530253650239898
1.009016058446506	0.09550631996789435
1.0090159668402479	0.09571053915907368
1.0090157928416097	0.09591519497449694
1.0090155359225481	0.0961202883142207
1.0090151955523978	0.09632582007979747
1.0090147711978614	0.09653179117427522
1.009014262322996	0.09673820250219664
1.0090136683892017	0.09694505496959849
1.0090129888552113	0.09715234948401089
1.0090122231770766	0.09736008695445662
1.0090113708081578	0.0975682682914503
1.0090104311991113	0.09777689440699766
1.0090082880496671	0.09819548462922653
1.0090070833969538	0.09840545056736714
1.0090057892794577	0.0986158649469779
1.0090029303951635	0.09903804270988713
1.0090013644939355	0.0992498079365373
1.0089997068590404	0.09946202529135888
1.0089961140885273	0.09988782008853372
1.008994177795973	0.10010139938609784
1.008992147455852	0.10031543452225267
1.0089878022876304	0.10074487603701908
1.0089854862796863	0.10096028428266272
1.0089830738644647	0.1011761521009586
1.0089779574205393	0.10160927020577691
1.0089752521886817	0.1018265223711103
1.0089724481432127	0.10204423786671483
1.0089665411726048	0.10248106262250113
1.0089535144733486	0.10336031369067439
1.0089500015139021	0.1035812989861904
1.008946384785006	0.10380275519750053
1.0089388374831498	0.10424708418794186
1.0089224695797296	0.1051414352643246
1.008918108562631	0.10536621470022454
1.008913638623718	0.10559147273041034
1.0089043693444273	0.10604342844026732
1.0088844945482716	0.10695312560451478
1.0088793403319163	0.1071775868995153
1.0088740759801347	0.10740251696389355
1.008863214278017	0.10785378710269086
1.0088401405610035	0.10876199340728669
1.0088340869639816	0.10899023083490962
1.008827917966439	0.10921894446976896
1.0088152310777134	0.10967780410487418
1.0087884427026075	0.11060127911469646
1.0087814469003613	0.11083335246917635
1.0087743302301362	0.11106590955174121
1.0087597314904553	0.11153247868587841
1.00872905266247	0.11247146339445185
1.0086616087914995	0.11437303214324188
1.0086525934773403	0.11461295935741488
1.0086434457253652	0.1148533855842878
1.008624749895602	0.11533573894057017
1.0085857356489223	0.11630647638217084
1.0085010435362627	0.11827229213917521
1.008303569431106	0.12230304655018828
1.0082908470424332	0.12254217946317085
1.008277986947698	0.12278177390516766
1.0082518508074692	0.12326235063114545
1.008197894725861	0.12422907828040533
1.0080830847904276	0.1261850136632971
1.0078245309930325	0.13018828131629523
1.0078070357186664	0.13044259049948878
1.0077893785429606	0.1306973876212887
1.0077535752438809	0.1312084490292422
1.0076799899579332	0.13223646397826289
1.0075247185504523	0.13431625073789155
1.0071802361331244	0.13857236619882637
1.0071551839121275	0.1388655368168071
1.0071299086881458	0.1391593130890577
1.00707868450331	0.13974868695568843
1.0069735077932238	0.1409347505256847
1.0067519693502958	0.14333638586127487
1.0062619050682775	0.14825965447592698
1.0062291041537748	0.14857274905318532
1.0061960397274141	0.148886484391087
1.0061291148916598	0.14951588175944272
1.0059920428202418	0.15078241414958635
1.0057046962426768	0.15334667670004298
1.0050746073158918	0.15860197020783667
1.0050354651025628	0.1589138927185932
1.0049960527064248	0.15922640435815477
1.004916412277514	0.15985319860289282
1.0047538329700347	0.16111389599194126
1.00441518900189	0.16366392636684135
1.0036815565442352	0.16888012345481385
1.0036331123535853	0.16921133994934504
1.0035843547101349	0.16954317398786845
1.0034858932919077	0.17020869820736328
1.003285145203635	0.1715471957432072
1.0028680174207287	0.1742541826758081
1.0019685126005065	0.17978967429415632
1.0019104626994533	0.1801341636693636
1.0018520644823352	0.18047927303495614
1.0017342169503796	0.18117135491062647
1.0014942741282773	0.18256299337702808
1.0009970456607837	0.18537634506859388
0.9999303241603907	0.19112473371343422
0.9998603374234258	0.1914894490342169
0.999789950309504	0.19185480897222862
0.9996479680386249	0.1925874656579141
0.9993591225908008	0.1940605468569729
0.9987615129263454	0.1970379434582146
0.9974833717197761	0.20311894531108562
0.9973925502640678	0.20353746160510902
0.997301188519873	0.20395676335462393
0.9971168342769862	0.20479772659094245
0.9967415330289662	0.20648911537747694
0.9959639936572887	0.20990992553563123
0.9942965130816519	0.21690508143406062
0.9904726132543065	0.23151965941291772
0.9903506076373837	0.2319584496029803
0.9902279771467278	0.23239796166127275
0.9899808314550463	0.2332791529343002
0.9894789301624853	0.23505021464330358
0.9884441127226882	0.23862713400757055
0.9862457092104884	0.24592070680092476
0.9812944183548095	0.26106971016224356
0.981112912596973	0.2615960119604248
0.9809304637442157	0.2621231751195428
0.9805627212620877	0.2631800850806599
0.9798157481212019	0.2653042357768122
0.9782749671838376	0.269593818861119
0.9749988617493954	0.27833759623969834
0.9676084899622894	0.2964762567234686
0.967362949546994	0.2970462536444847
0.9671162403784788	0.2976170454648892
0.9666192985457907	0.29876100953544665
0.9656111997454498	0.3010584285023756
0.9635371649988624	0.3056909670968366
0.959149819859387	0.3151044889471144
0.9493529327032382	0.33450204815433454
0.9490458102618299	0.3350782946233646
0.9487374180391205	0.33565513797162755
0.9481168087913914	0.33681060739677965
0.9468601826846235	0.3391286207328538
0.9442844301017036	0.34379247772691807
0.9388759269664491	0.35322750640349465
0.9269745828910462	0.3724903124921092
0.9265447113906784	0.3731515410959387
0.9261130504580086	0.3738132742711532
0.9252443402980863	0.3751382372413047
0.9234852270136695	0.3777940281539636
0.9198791137465246	0.3831280698719666
0.912306492615191	0.39387753800778763
0.8956505654824733	0.41562687114922664
0.8951333417946408	0.4162648247871438
0.8946142937172888	0.4169029197110467
0.8935707101849789	0.41817951215600224
0.8914614948976785	0.42073415702390093
0.8871540935073929	0.42584805956832356
0.8781773884901175	0.4360841171149828
0.8776000932351938	0.4367238183158407
0.8770208673249962	0.43736347685893107
0.8758566114140584	0.4386426410753549
0.8735047994643661	0.44120018216979795
0.8687073221071588	0.4463106844333719
0.8587320226861406	0.45650154825293826
0.8580379272182107	0.4571897283456304
0.8573414632477785	0.4578776077649204
0.8559414181310744	0.4592524283704492
0.8531127795855467	0.461998061090769
0.8473407043233078	0.4674712173802925
0.8353330610452296	0.4783280112193314
0.8345619158450126	0.479001904652476
0.8337883283404725	0.47967519026771926
0.8322338201188281	0.4810198973659294
0.8290954294041035	0.4837015684954502
0.8227008605623282	0.4890316199428196
0.8094389350463744	0.49953961066582314
0.8086045917724202	0.5001770497447628
0.807767869652285	0.5008135754269714
0.8060872892837826	0.502083844670273
0.8026975899331198	0.5046129599272161
0.7958041301249439	0.5096231219178932
0.7815624738151771	0.5194319104754206
0.7806523282276576	0.5200348247943172
0.7797398346613719	0.520636480945313
0.7779078114221184	0.5218359746040513
0.7742156788070922	0.5242193777432955
0.7667195881786593	0.5289213620861638
0.7512851206348604	0.5380460607618648
0.7503672113752946	0.5385658670763049
0.7494473401315306	0.5390842685327162
0.7476017247849418	0.5401168204963148
0.7438870971889336	0.5421646660982419
0.7363650540646237	0.5461892901290333
0.720956914225942	0.5539380644501972
0.7199780960678523	0.5544084236973127
0.7189974460872213	0.5548770894507651
0.7170306704570848	0.5558093049708167
0.7130753580837274	0.5576530242457229
0.7050788659591649	0.5612556450311768
0.6887525409421036	0.5681060703298422
0.6876306086385967	0.5685524992788374
0.6865067402272877	0.5689966121574184
0.6842532289585566	0.5698778474748092
0.6797233497863417	0.5716120626880853
0.6705741538431967	0.5749651527198342
0.6694222978834385	0.5753732767560967
0.6682686495617297	0.5757789200735779
0.6659560142227152	0.5765827247834764
0.6613096613463526	0.5781601305677753
0.6519348646438191	0.581191958306369
0.6507555187618175	0.5815592216507485
0.6495745419542887	0.581923850516037
0.6472077382507825	0.5826451680766438
0.6424550329272919	0.584055788330677
0.6328757035797486	0.5867469814398607
0.6134419809718243	0.5915940475485238
0.6122974042397269	0.5918543267128252
0.6111517289369162	0.5921120779760354
0.6088571235352981	0.5926199731461484
0.6042551821958962	0.5936051714067522
0.5950027191843741	0.5954519429832207
0.5938418135256436	0.5956710941541666
0.5926799774408436	0.5958876289939116
0.5903535573162969	0.5963128294949498
0.585690030432239	0.5971316156781376
0.5763226994180299	0.5986416725024926
0.5751482243416394	0.5988183873628378
0.5739729959444017	0.5989924118788145
0.5716203245411279	0.5993323734528463
0.566906442346214	0.5999798352156243
0.5657262595448557	0.6001349153447293
0.5645454148469167	0.6002872738745915
0.5621817859759071	0.600583811685981
0.5574470952180447	0.6011440726796455
0.5562619419468835	0.6012772819434749
0.5550762198372595	0.6014077423464543
0.5527031160691034	0.6016604041472584
0.5479506002895581	0.6021326083744061
0.5467612261053664	0.6022437429506962
0.5455713775534233	0.6023521054995657
0.5431903049517277	0.6025605041670059
0.5384229919806696	0.6029439270217203
0.5372535849249772	0.6030310974619495
0.5360838136571959	0.6031155854705499
0.5337432238316252	0.6032765064254325
0.5325724279797744	0.603352935641918
0.5314013133268672	0.6034266749673944
0.5290581731649862	0.6035660771652257
0.5278861704581352	0.6036317368024674
0.5267138945536206	0.6036947000786571
0.5243685688723424	0.6038125317613132
0.5231955419802468	0.6038673974303024
0.5220222876589636	0.6039195612634419
0.5196751425957895	0.6040157786344178
0.5185012748073667	0.6040598299349164
0.5173272254958284	0.6041011749250178
0.5161530061559533	0.6041398126428745
0.5149786282889579	0.6041757421894703
0.5138041034020623	0.6042089627286714
0.5126294430080551	0.6042394734872748
0.5114546586248586	0.6042672737550528
0.5102797617750925	0.6042923628847926
0.5091047639856391	0.604314740292335
0.5079296767872059	0.6043344054566065
0.5067545117138897	0.6043513579196499
0.5055792803027392	0.6043655972866505
0.5044039940933182	0.6043771232259586
0.5032286646272679	0.6043859354691086
0.5020533034478699	0.6043920338108343
0.5008779220996084	0.6043954181090808
0.4997025321277321	0.6043960882850126
0.4985271450778169	0.6043940443230184
0.49735177249532814	0.6043892862707112
0.49617642592518185	0.6043818142389266
0.49500111691130844	0.6043716284017157
0.4938258569962137	0.6043587289963351
0.4926506577205421	0.6043431163232343
0.4914755306226395	0.6043247907460372
0.4903004872381144	0.6043037526915214
0.48912553909940315	0.6042800026495947
0.4879506977353312	0.6042535411732661
0.4867759746706781	0.6042243688786144
0.48560138142574016	0.6041924864447527
0.48442692951589633	0.60415789461379
0.48207849573579736	0.6040805860437144
0.4809045368677905	0.6040378711033961
0.4797307653385043	0.6039924503634619
0.47738383022562686	0.603893495772938
0.47621068958756063	0.6038399642230966
0.4750377821784012	0.6037837314750039
0.4726927128438662	0.603663167673368
0.4715205737934703	0.6035988394204205
0.47034871372108294	0.6035318155702531
0.4680058761474032	0.6033896873638361
0.46332405010617816	0.6030731563966322
0.4620552366656435	0.6029799027474605
0.46078685974296846	0.6028834935302597
0.45825147319529563	0.6026812189843124
0.4531865723460365	0.6022389243321846
0.4519216542347973	0.6021205044284768
0.4506572875754257	0.6019989523359259
0.44813026564257047	0.6017464648670935
0.4430834651019713	0.6012040544199374
0.44182335655328375	0.6010606740452928
0.44056391283471363	0.6009141901973465
0.4380470760476357	0.600611927998059
0.4330219964926179	0.5999703415358916
0.4230093177573729	0.5985399152195042
0.42176151445140164	0.598347399317307
0.4205145968378247	0.5981518528732063
0.4180234726575564	0.5977516893310804
0.4130524440674858	0.5969152306914289
0.40315823613204504	0.5950990585829422
0.40192620144504915	0.5948587229987694
0.400695263528443	0.5946154494190078
0.39823672923141484	0.594120113951743
0.3933333826969712	0.5930944734562614
0.3835843840263937	0.590904841203159
0.3824523998182692	0.5906375345508554
0.3813215434992187	0.5903677652487136
0.3790632535477636	0.5898208630263858
0.3745606352132572	0.5886977771046967
0.36561337592471943	0.5863359025387668
0.3645005862622226	0.5860299483163683
0.3633890756499032	0.5857216341613279
0.36116992783272023	0.5850979532952589
0.3567473770770513	0.5838225743989357
0.34796722620864223	0.5811613269516609
0.3468759646317575	0.5808184529936008
0.3457861217511076	0.5804733328112449
0.34361072532600845	0.5797763835625656
0.339277319814396	0.5783558600885237
0.3306818565387868	0.5754100272414624
0.3137900299220722	0.5691133707148647
0.3126607898121787	0.5686679458864554
0.31153350040152705	0.568220182126868
0.30928480763503546	0.5673176807623682
0.3048111999160978	0.5654850851388336
0.29596090263942365	0.5617119683839726
0.2786614398913791	0.5537539719796238
0.27759847569670826	0.5532391685909589
0.2765376977415694	0.5527223833848007
0.2744227250046528	0.551682913606961
0.2702192792401352	0.5495807000242278
0.26191966030275216	0.5452857751535882
0.24575871113968356	0.5363548517767817
0.2447864394923844	0.5357928645717457
0.243816428803346	0.5352293270226026
0.241883204589233	0.5340976453384758
0.23804404115175554	0.5318161666578515
0.2304755700155807	0.5271832337162516
0.21578291330273075	0.5176572746777041
0.21488445097305345	0.5170511665034838
0.21398833256037117	0.5164438608607257
0.2122031336922448	0.5152257006230251
0.20866092789815407	0.5127754877086714
0.20168955567893893	0.5078219060910144
0.18820037370060777	0.4977211961109952
0.18743270010155533	0.4971251032210867
0.18666708457761952	0.4965282630152411
0.1851420270271698	0.49533237394075225
0.18211659865772312	0.4929319931167068
0.17616439888618476	0.4880986608169589
0.1646534145193148	0.47831616795865006
0.1431880800134679	0.458398857433446
0.14249651831110938	0.4577178223969492
0.14180728200941697	0.45703648563212823
0.1404357741702935	0.4556729419916703
0.13772053555170838	0.45294261777829353
0.1324004824276708	0.4474709393431232
0.1221961754275973	0.4364983120363494
0.10347760906343183	0.4145467616074697
0.10296437199245977	0.4139080806970667
0.10245295250970533	0.41326956101534346
0.10143555175842896	0.4119930261226334
0.09942240058315761	0.40944211812671405
0.09548186963835292	0.4043500768291495
0.0879371141161779	0.3942137367072752
0.07413679734747411	0.3741952662530589
0.07374011072531238	0.373588423204702
0.0733449303496259	0.37298200173183244
0.07255907292888575	0.37177043659915454
0.07100526343108526	0.3693525079019832
0.06796840051810352	0.36453816013173085
0.062170762198826716	0.355000828737223
0.05162437210183767	0.33632959788100486
0.051290134783482697	0.3357065885071398
0.050957380082858536	0.3350842712556677
0.05029629913614251	0.33384172300464693
0.04899171554780267	0.33136503927929245
0.04645178190918086	0.32644584403596627
0.04164028962165841	0.3167479840315808
0.03302379819996315	0.2979401925390327
0.03279155995792148	0.29740395425802585
0.03256035391728439	0.2968684158019293
0.032101024208900306	0.29579944184579277
0.031194595058710303	0.29366992935433117
0.029429870014581062	0.2894448234395489
0.026086748448301486	0.2811315309592678
0.02009780754980302	0.2650599448418589
0.019910253113445155	0.2645285525418071
0.019723661397502645	0.26399801909606335
0.019353350501829188	0.2629395294139887
0.01862411010415038	0.2608328626897297
0.01721029425212787	0.256660799618126
0.014554587656904774	0.24848175140299963
0.009879403391012027	0.23278157296190521
0.0097548569388124	0.23233652991981
0.009630951583603877	0.2318922252697963
0.00938505375505104	0.23100582952643506
0.00890083722356562	0.22924188059806186
0.007962148349662818	0.22574925478812694
0.006199278353944686	0.21890423231226788
0.006093995830986226	0.21848258984698227
0.005989275108353671	0.21806167013922068
0.005781509689379942	0.21722199670644113
0.005372617774154306	0.21555129749187868
0.004580874742754218	0.21224435576810774
0.0030975366175058686	0.2057671726893657
0.003010835575063424	0.20537616527441835
0.0029246061029995427	0.2049858330294662
0.002753553957298145	0.2042071914201041
0.0024170218524903523	0.2026579811473978
0.0017658120205258393	0.199591701308355
0.000547424678650748	0.1935864588082078
0.0004748652239560537	0.1932167170288473
0.0004027172985632365	0.19284762803470512
0.000259648967307009	0.19211140543904995
-0.000021626741249113348	0.19064676095758545
-0.000565122061211505	0.1877485062241362
-0.0015789069922802993	0.18207475923795108
-0.0016442294108775831	0.18169597905988966
-0.0017091307733755174	0.18131793786493555
-0.0018376783508441679	0.18056406835108194
-0.0020898086103312	0.17906515220718333
-0.0025746484087202036	0.17610238096105918
-0.0034700508898265862	0.17031521667343366
-0.003522855916712441	0.1699595705167201
-0.0035753002338549805	0.16960462995251654
-0.003679113774995608	0.1688968613374937
-0.0038824893297001216	0.16748974425443966
-0.00427261903878866	0.16470895062647825
-0.0049893757056423465	0.15927919431132134
-0.005028677842481977	0.15896782197024587
-0.005067711718232773	0.1586570342470805
-0.005144979687834882	0.15803720911622873
-0.005296351231345682	0.15680453533464414
-0.005586710469210991	0.15436689526305436
-0.0061200188034419905	0.14960085593638492
-0.00615133327548364	0.1493077518189835
-0.00618241714920583	0.14901520394879056
-0.006243897498430542	0.14843177340352579
-0.006364139131718667	0.14727154827556116
-0.006593986658449343	0.1449774434686879
-0.00701300495634127	0.14049303154788598
-0.007039501841477565	0.14019424240378328
-0.007065766854874384	0.13989607320352512
-0.007117606168971742	0.13930159016724689
-0.0072185559567487755	0.13812001431424487
-0.007409807700971235	0.1357861741241227
-0.0074327388328628	0.13549717039651804
-0.007455457075914411	0.13520876881850913
-0.007500259455882262	0.13463376768744292
-0.00758735942528841	0.13349094260196376
-0.007751788998145694	0.13123375443498594
-0.00777144801398925	0.13095425281236328
-0.007790911793481104	0.13067533573893592
-0.007829257882527228	0.1301192508700186
-0.00790365358379665	0.12901404770863178
-0.00804349029080446	0.1268312642158269
-0.008289132009120001	0.12257425432339385
-0.00830279417830912	0.12231767928811467
-0.008316298641184628	0.12206163448619281
-0.00834283790766428	0.12155113157427064
-0.008394061800218894	0.12053644452187706
-0.008489279724751622	0.118532122459922
-0.00850052031179563	0.11828391149642753
-0.008511616580426673	0.11803621486204914
-0.008533379376340328	0.11754236064427333
-0.00857520829295966	0.1165607809234401
-0.008652254681626033	0.11462191741948081
-0.008661280650615694	0.1143818182551811
-0.008670174734528156	0.11414221781187647
-0.008687570230833256	0.11366450922844915
-0.008720811229530603	0.11271503432477109
-0.008728802834596767	0.1124788979703231
-0.008736668432452199	0.11224325264944113
-0.008752024480745454	0.11177343128835644
-0.0087812559196953	0.11083963901941021
-0.008788259422835383	0.11060740425523459
-0.008795142580572228	0.11037565291747985
-0.008808550628146422	0.10991359674185897
-0.008833952848572598	0.10899524400657701
-0.008879252682346728	0.10718136701906775
-0.008884068921789473	0.10697182596887826
-0.008888789715587151	0.10676269261658293
-0.008897947051032244	0.10634564600508821
-0.008915139178384882	0.10551641220663398
-0.008919206333974253	0.10531011178474961
-0.008923182154130441	0.10510421308575182
-0.008930861800331029	0.1046936178881102
-0.008945147077175076	0.10387721557301532
-0.008948497525926706	0.10367410820591075
-0.008951760606115694	0.10347139665154553
-0.008958026602664513	0.10306715804536574
-0.008961030484560277	0.10286562952828171
-0.008963948928982425	0.1026644938934006
-0.00896953141293151	0.10226339835101686
-0.008972196400913214	0.10206343698647481
-0.008974777848347767	0.10186386559005908
-0.008979691995311985	0.10146588979888416
-0.008988538297043352	0.10067458596206767
-0.00899054797483666	0.10047772407421793
-0.008992477805607425	0.10028124637599002
-0.008996099733841953	0.09988944067888168
-0.008997792730127173	0.09969411124784662
-0.008999407677048998	0.09949916314212569
-0.009002405198361384	0.09911040805379344
-0.009003788655553315	0.0989165996473778
-0.009005095829000586	0.09872316971866917
-0.009006327155161743	0.09853011755838072
-0.009007483068532779	0.0983374424582731
-0.00900856400165505	0.09814514371115499
-0.009009570385123128	0.09795322061088366
-0.009011361215788213	0.09757049853155766
-0.009012146514511005	0.09737969814546649
-0.009012858966646728	0.09718927059215009
-0.009013498993173257	0.09699921517071805
-0.009014067013168361	0.09680953118133197
-0.009014563443817387	0.09662021792520596
-0.009014988700420907	0.09643127470460726
-0.009015343196402355	0.0962427008228566
-0.009015627343315619	0.09605449558432866
-0.009015841550852607	0.09586665829445251
-0.009015986226850814	0.09567918825971203
-0.009016061777300802	0.09549208478764623
-0.009016068606353731	0.09530534718684978
-0.00901600711632879	0.09511897476697319
-0.009015877707720645	0.09493296683872314
-0.009015680779206859	0.09474732271386306
-0.009015416727655254	0.09456204170521314
-0.009015055025803353	0.09436155081817589
-0.009014615372496093	0.09416148517019692
-0.009014098266517117	0.09396184388945844
-0.00901350420419064	0.09376262610560515
-0.00901283367939231	0.0935638309497443
-0.009012087183559996	0.09336545755444622
-0.0090112652057046	0.09316750505374455
-0.009010368232420764	0.09296997258313634
-0.00900939674789756	0.09277285927958252
-0.00900835123392914	0.09257616428150797
-0.00900723216992534	0.09237988672880153
-0.009006040032922236	0.09218402576281633
-0.009004775297592667	0.09198858052636985
-0.009003438436256716	0.09179355016374406
-0.009000550213144762	0.09140473064440491
-0.008998999784338841	0.09121093978357817
-0.008997379095487373	0.09101756038834527
-0.008993928778205018	0.09063203260254442
-0.008992100064336041	0.09043988251957921
-0.008990202919565654	0.09024814051741324
-0.008986205141510132	0.08986587738679128
-0.008984105404704127	0.08967535457765143
-0.008981939029975006	0.08948523648794272
-0.00897740813521277	0.0891062111215506
-0.008967566020500002	0.08835298030591746
-0.008964945451946427	0.08816567190702986
-0.008962261725480345	0.08797876157506573
-0.00895670649771796	0.0876061318134279
-0.008944856716334403	0.0868656128917231
-0.008941742673003425	0.08668146601040211
-0.008938568814660517	0.08649771063699556
-0.008932043284741256	0.08613137116212959
-0.008918292279899218	0.08540335461915936
-0.008914711038931761	0.0852223171099204
-0.008911073193585119	0.08504166464284527
-0.008903629256826428	0.0846815116299322
-0.008888079257933362	0.08396579093352337
-0.008854415994238527	0.08255251323082483
-0.008850271526298291	0.08238914828704463
-0.008846082968056024	0.08222610796334577
-0.008837574756732513	0.0819009986427325
-0.008820042108975218	0.08125464763557816
-0.0087829759894399	0.07997727568840203
-0.008778160625920736	0.07981902923997033
-0.008773305716931823	0.0796610974041323
-0.008763478351728287	0.07934617510634732
-0.008743360983633668	0.07872007881958246
-0.008701335025235386	0.07748274289192762
-0.00869591892527355	0.07732945689948725
-0.00869046748766014	0.07717647578895473
-0.008679459607517218	0.07687142581845326
-0.008657030815609756	0.07626495817325087
-0.008610576000189808	0.07506641930680664
-0.008511700874158468	0.07272587939041805
-0.008505399863509457	0.07258488237224377
-0.008499072087671505	0.07244416045723717
-0.008486337052330753	0.07216353980661384
-0.008460554675409028	0.07160557636550531
-0.00840778491166267	0.07050264286223422
-0.008297766406087174	0.0683478175542456
-0.008290704971657424	0.06821536427947703
-0.008283622807017115	0.0680831695273074
-0.008269396981106103	0.06781955358061667
-0.008240704152904482	0.06729540189820143
-0.008182391563915929	0.06625930798828553
-0.00806234980531125	0.06423507906847124
-0.008054057089279063	0.0641000953109991
-0.008045746049452773	0.06396539740748047
-0.008029069752949354	0.0636968567430565
-0.007995505516571931	0.06316317911819826
-0.007927571410223187	0.06210930477180819
-0.007788794936142089	0.06005442454226256
-0.007501923168475427	0.056147950162438905
-0.007493408807520384	0.056037964607307325
-0.007484887358780966	0.055928196338252086
-0.007467823625436008	0.05570930993390477
-0.0074336157754287925	0.05527412563565065
-0.00736490174630196	0.054414015580122994
-0.007226458581967343	0.0527340766519803
-0.006946825162869112	0.04952947248867947
-0.006937029778316869	0.049421298610142904
-0.006927232780064108	0.049313363070175135
-0.006907634357535749	0.0490982048898763
-0.0068684226765600275	0.04867072538027996
-0.006789962364759804	0.04782699675275933
-0.006633064543489786	0.04618354026516302
-0.0066232658662316824	0.04608273636581406
-0.006613468584987338	0.04598215443226882
-0.006593878546355654	0.04578165449069077
-0.006554718883555977	0.045383296567205855
-0.006476499300818787	0.04459703952764151
-0.006466732738229713	0.044499728497836046
-0.006456968850592957	0.04440263167143623
-0.006437449401036678	0.044209078725618446
-0.006398445881682753	0.04382452239821131
-0.006388702799300555	0.04372891172453854
-0.006378962980146949	0.04363351147510468
-0.006359493415976645	0.04344334037921254
-0.006349763811934622	0.04334856860047535
-0.006340037753075786	0.04325400538141486
-0.006330315308648381	0.04315965025847365
-0.0063205965474096995	0.043065502769123125