0.9954523051018033	-0.04281633067095315
0.995440030191966	-0.042898165983447346
0.9954277182654974	-0.04298015567226548
0.9954029828754766	-0.04314459930382734
0.9953530625131191	-0.043475351483101166
0.9952513956285589	-0.044144379097649684
0.9950405287092509	-0.04551304232506143
0.9945867361335595	-0.04837702163243747
0.9934353466432732	-0.05520939887153488
0.9921109437271254	-0.06243826213201419
0.9905210565241493	-0.0704183599675827
0.9883890050915667	-0.08019276061665963
0.9859217613443071	-0.09048365903337752
0.982593624297548	-0.10305273152172202
0.9784947773226373	-0.11697551958926422
0.9737416359042623	-0.1315102283285002
0.9673213762687893	-0.14909818448645187
0.9598555247446714	-0.16734523225378
0.9508387504525571	-0.1870237523492533
0.9387335435457764	-0.2104154461700667
0.9248039776851581	-0.23411966910830886
0.906257544634603	-0.2617053707991866
0.8839363421781896	-0.290384939845355
0.8588824280855903	-0.31810377211908114
0.8584196440348654	-0.31857826828936553
0.8579555413660418	-0.31905285772893766
0.8570233716758974	-0.32000230262758667
0.8551431158820683	-0.32190215907216174
0.8513184741403402	-0.3257049454097672
0.8434090830435206	-0.3333162475466446
0.8265235209120448	-0.34850576212078943
0.8260092369970065	-0.3489471106578589
0.825493704621145	-0.34938832026844024
0.8244588900515233	-0.3502703081617191
0.8223742312566495	-0.3520324561467669
0.8181445621539679	-0.35554861130266757
0.8094421245923242	-0.3625415691212638
0.7910542444849634	-0.37631342379233645
0.7904085025388577	-0.3767735636507422
0.7897612430998779	-0.3772332410578902
0.7884621708048329	-0.37815118661350494
0.785845807301028	-0.3799812866889313
0.7805401828500336	-0.38361708096094416
0.7696375023031173	-0.3907809654302901
0.7689432021614365	-0.3912235363567385
0.7682473890730049	-0.39166546426336835
0.7668512263595444	-0.39254736779677557
0.7640407724360052	-0.3943032027434534
0.7583475149376	-0.39778167364590195
0.7466732944075725	-0.4045952430941762
0.7459445287629654	-0.4050066999549496
0.7452143357284831	-0.40541735480470714
0.7437496731353236	-0.40623623576314494
0.7408032829388678	-0.4078641235827824
0.7348425949148614	-0.41107912752927417
0.722652792467792	-0.4173358234569299
0.721879187900533	-0.4177187897540929
0.7211042150652551	-0.41810077153788766
0.7195501739384973	-0.4188617587537726
0.71642577696455	-0.4203716682136946
0.7101122861108272	-0.4233419529427467
0.6972314174130201	-0.4290742416469671
0.6964701289360978	-0.4293995338219986
0.6957077273160874	-0.4297238122450345
0.6941795953650146	-0.4303693098042235
0.6911100929381087	-0.43164794189494754
0.6849187639150462	-0.434154752332121
0.672332158045694	-0.438958643081262
0.671536689450871	-0.4392492926396265
0.6707402046864849	-0.4395387877399297
0.6691442003024735	-0.44011429756290865
0.6659401489529371	-0.4412512772577097
0.6594846695356991	-0.44346813844431837
0.646390851830336	-0.44766611845968907
0.6454950548319317	-0.44793890421653004
0.644598204887043	-0.44821017932600576
0.6428013671636397	-0.4487481779774306
0.639195289055869	-0.449805832783781
0.631934735814522	-0.4518467004184763
0.6310227371734032	-0.45209473821497664
0.6301097729470906	-0.452341189337607
0.6282809705667604	-0.4528293133389565
0.6246120314274624	-0.45378632214049214
0.6172301290162884	-0.4556223936147569
0.616303380235405	-0.45584451080301946
0.6153757603090829	-0.4560649712701002
0.6135179315495178	-0.4565009054219981
0.6097920915268087	-0.4573527117661459
0.6023010873364302	-0.4589751809648296
0.5871733503287558	-0.4618887627714028
0.5862850213188153	-0.4620449043974023
0.5853961137393782	-0.46219949818766604
0.5836165852212903	-0.46250403178026855
0.5800508320432367	-0.46309441101482024
0.5728938118622101	-0.46419986245843936
0.5719969040865807	-0.46433093735269027
0.5710995088381313	-0.4644604253633991
0.5693032791834551	-0.4647146318582571
0.5657052267910094	-0.4652039060640245
0.5584880685051121	-0.46610543596255133
0.5575840656366987	-0.4662108683146471
0.5566796697696333	-0.4663146813295351
0.5548697230614661	-0.46651744217017016
0.5512453784883046	-0.4669034543797153
0.5503384002934169	-0.46699588312958157
0.5494310774109514	-0.4670866788985507
0.5476154219259318	-0.4672633651953965
0.5439802429878614	-0.46759707429443376
0.5430706781370132	-0.46767639647336307
0.5421608175175171	-0.4677540738000928
0.5403402335943814	-0.46790448849463057
0.5366957878039607	-0.4681855218172974
0.5357840295378586	-0.4682516487508616
0.5348720249458825	-0.46831612076534584
0.5330473016426472	-0.46844009554544963
0.529395172931617	-0.46866813827720605
0.5284995602185406	-0.468719973841496
0.5276037585817144	-0.4687702109477135
0.5258116121404555	-0.46886588641959676
0.5249152791499447	-0.46891132316913153
0.5240187808632154	-0.46895515822839867
0.5222253120788004	-0.46903802033953246
0.5213283534304942	-0.469077045990453
0.5204312531844119	-0.4691144671492714
0.5186366516405931	-0.4691844934856693
0.5177391622226413	-0.4692170974784077
0.5168415549661646	-0.46924809460940975
0.5150460107331428	-0.46930526621458457
0.5141480856617079	-0.4693314397207995
0.5132500665616496	-0.4693560044294027
0.5123519593921623	-0.4693789599243552
0.5114537701148084	-0.46940030581682624
0.5105555046933588	-0.46942004174520957
0.509657169093632	-0.46943816737513694
0.5087587692833349	-0.4694546823994936
0.5078603112319011	-0.46946958653842935
0.5069618009103322	-0.4694828795393715
0.5060632442910352	-0.4694945611770341
0.5051646473476642	-0.46950463125342784
0.5042660160549577	-0.4695130895978682
0.503367356388579	-0.4695199360669823
0.5024686743249552	-0.46952517054471465
0.501569975841116	-0.4695287929423324
0.5006712669145332	-0.4695308031984285
0.4997725535229602	-0.4695312012789247
0.4988738416442695	-0.4695299871770725
0.49797513725629405	-0.4695271609134538
0.49707644633666437	-0.4695227225359798
0.49617777486264875	-0.4695166721198893
0.4952791288109921	-0.469509009767745
0.49438051415775486	-0.46949973560943037
0.4934819368781525	-0.4694888498021429
0.4925834029463944	-0.4694763525303887
0.4916849183355239	-0.4694622440059748
0.4907864890172563	-0.4694465244679998
0.48988812096182	-0.46942919418284434
0.4889898201377944	-0.4694102534441606
0.4880915925119508	-0.46938970257285945
0.4862953807118884	-0.4693437718522637
0.48539740846072654	-0.46931839278096193
0.48449953325354017	-0.46929140513299594
0.48270409778962986	-0.46923260596217736
0.48180654943509277	-0.46920079543476517
0.4809091219285864	-0.46916737832152855
0.4791146532294446	-0.46909572662671406
0.478217623913026	-0.46905749325736945
0.4773207391967554	-0.469017655726617
0.47552742727550984	-0.46893317090254155
0.4719427992191543	-0.46874498276450555
0.47097109866174486	-0.4686895315298041
0.4699996245501822	-0.4686321996687434
0.468057385744671	-0.4685118986599676
0.46417595593878697	-0.46824878171099005
0.4632062771311686	-0.4681783194208345
0.46223688472484953	-0.4681059866476175
0.4602989889323943	-0.4679557154208739
0.45642696161269525	-0.46763279266762287
0.4554597822613449	-0.46754740867799777
0.45449294869117407	-0.4674601666876913
0.4525603483880455	-0.4672801156326485
0.4486996209554349	-0.466897795722511
0.44099769532274125	-0.46604471851133594
0.44003692702349184	-0.46592983319407666
0.43907662107514106	-0.4658131216983305
0.43715742490885245	-0.46557422934963527
0.4333248954165886	-0.46507463338808996
0.42568487420385787	-0.4639887541736673
0.4247323557717734	-0.4638449433427469
0.4237804126001414	-0.46369934696579795
0.4218782796841525	-0.4634028088920507
0.4180812200766758	-0.4627884325004969
0.41051745028076647	-0.4614751537734826
0.4096378966736389	-0.4613146766592154
0.40875893806458313	-0.46115268703435364
0.4070028273157415	-0.4608241810694346
0.4034979811344884	-0.4601491392697286
0.3965189719372086	-0.4587275709448858
0.3956495740098992	-0.4585432300816202
0.39478085509237903	-0.45835742256557327
0.39304547469798445	-0.4579814198003326
0.3895830855610696	-0.4572119500862966
0.3826929138785848	-0.4556038651815099
0.3818349829434039	-0.4553964355718162
0.38097781056648894	-0.4551875905852363
0.37926576072291357	-0.45476566799392587
0.3758509742451214	-0.4539049879876818
0.3690597062321269	-0.4521170694456418
0.35563853664305456	-0.44828148253917044
0.3547375291093351	-0.4480094310082728
0.3538375822871265	-0.44773585443748476
0.35204089190918375	-0.44718414615932933
0.3484604704622217	-0.4460626500664005
0.3413526093088315	-0.44374848416773144
0.32735755656576604	-0.43884485705908577
0.32649296455447196	-0.43852657300170383
0.325629587321234	-0.43820693265404326
0.3239064943430115	-0.43756360524940646
0.32047507262518793	-0.43626091948072476
0.3136722054458219	-0.4335926817645149
0.3003132967684241	-0.4280149554085574
0.29950457530113567	-0.42766263818199485
0.29869714170888184	-0.4273091898714959
0.2970861504711772	-0.426598922206783
0.2938797563504066	-0.425165058505604
0.2875299728381119	-0.4222452687425421
0.2750872332923221	-0.4162075088734624
0.2512611901280311	-0.4034203138815126
0.2505883641569121	-0.40303478338450166
0.24991677873255583	-0.4026485823423173
0.24857733351319622	-0.4018741868232513
0.24591337236805835	-0.4003175492664907
0.24064536440192044	-0.39717390279056075
0.2303503148602556	-0.39077318533520616
0.21073043132813415	-0.3775813937319694
0.21008824600876796	-0.37712648731648746
0.20944754933642368	-0.37667112317605406
0.2081706209550644	-0.3757590429657143
0.20563461594840277	-0.37392962288641196
0.20063392969208596	-0.370250918450857
0.19091689987354973	-0.3628232784442381
0.17260832566323295	-0.34775798174674705
0.17209649118862547	-0.3473154910954593
0.1715859053963811	-0.3468728743986441
0.170568475158667	-0.3459872772495573
0.1685485465350646	-0.3442147279307138
0.16456813913792345	-0.34066499915839493
0.15684276168193995	-0.333553178042129
0.14231280729667314	-0.3193266968177244
0.11720315325648868	-0.29173941444179985
0.0945544521555536	-0.26282734414629005
0.07718334454353189	-0.2372723441304256
0.061833272452962426	-0.2114407575752871
0.05023749927754827	-0.1892308101027284
0.04099083360232726	-0.1692916364871534
0.03290656679694845	-0.14968705214732983
0.026846946552420016	-0.13321127859827672
0.02158102834468132	-0.11721966997217408
0.017464547281732808	-0.10326126460254467
0.014375504503489693	-0.09166217422091306
0.01167919945310142	-0.08049068820538732
0.009652764235832908	-0.07125173226976333
0.008034353579380803	-0.06319659698808228
0.006608987449474516	-0.05546143634420365
0.005528023538344448	-0.049084756816702366
0.005511001965858141	-0.04898018661155527
0.0054940387004984645	-0.0488758356008687
0.00546028622776895	-0.04866778940577428
0.005393471517106132	-0.04825430806376924
0.005262555747553095	-0.04743769215722793
0.005011211292626473	-0.04584507832077538
0.004995952410831941	-0.045747308132916546
0.0049807453207870575	-0.04564974345268762
0.004950485753120969	-0.045455228954579735
0.00489057976881562	-0.045068647825554004
0.004773178623963161	-0.04430518500010745
0.004758725910812206	-0.04421065351058572
0.004744322022008116	-0.044116320972307554
0.004715660000381333	-0.04392825113612236
0.004658914000255765	-0.043554481172600905
0.004644846896198627	-0.04346153003526537
0.004630827200218701	-0.04336877464141115
0.004602929337262603	-0.043183849494077865
0.004589050824347244	-0.04309167894737471
0.004575219027625469	-0.04299970255770296
0.004561433775790669	-0.042907919930257214
0.004547694898196744	-0.04281633067095314