1.0769329770635814	0.
1.0769327995602314	0.00015965809159748683
1.0769322670514963	0.0003193152955810239
1.0769313795413191	0.0004789707243461487
1.0769301370362723	0.0006386234903073737
1.0769285395455577	0.0007982727059076737
1.076926587081004	0.0009579174836279705
1.0769242796570704	0.0011175569359966196
1.0769216172908431	0.0012771901755988953
1.0769186000020368	0.0014368163150864709
1.0769152278129936	0.0015964344671869038
1.0769115007486831	0.0017560437447131131
1.0769074188367014	0.001915643260572858
1.076902982107272	0.0020752321277782157
1.0768981905932435	0.002234809459455051
1.0768875433559117	0.002553925969352391
1.0768816877114322	0.002713463374478805
1.0768754774399982	0.002872985697907437
1.0768619932027728	0.003191981555189226
1.076854719336788	0.003351453317237194
1.0768470910434618	0.0035109064539959015
1.0768307714032235	0.003829753310157091
1.0768220801770771	0.003989145259345661
1.0768130347651195	0.004148515042836013
1.0767938816540854	0.004467184574831294
1.0767513283221322	0.005104218747951034
1.0767398056297626	0.005263408619033959
1.0767279293601404	0.005422569255561398
1.0767031164429932	0.0057407992960610416
1.0766492517198911	0.0063768697631291045
1.0766349030140432	0.006535801071940315
1.0766202015063067	0.006694696097293371
1.0765897405222087	0.007012373780136091
1.0765245898838947	0.0076472550746350945
1.076507421949144	0.0078058715134069565
1.0764899021538967	0.007964444644555686
1.0764538075017014	0.008281457480276321
1.0763774017332575	0.008914924946294374
1.0762077567598216	0.010179431490955423
1.0761830438827817	0.010350522416537422
1.0761579202729206	0.01052154595513707
1.0761064417277122	0.010863386451671866
1.0759985656424176	0.011546210232596582
1.0757631908807614	0.01290818259416259
1.0757319343195058	0.013078063213193896
1.0757002709218857	0.013247858872869726
1.0756357247128872	0.013587190955689703
1.0755017624993273	0.01426478772640605
1.0752144246336701	0.015615469039725102
1.0751766933622386	0.015783860144125583
1.0751385600314214	0.01595214898632145
1.0750610885042293	0.016288415600330296
1.0749013353629766	0.016959674632421047
1.0745626665270962	0.01829685771127863
1.0738093451192727	0.0209479971615864
1.0737622798909525	0.0211016881087674
1.0737148746526	0.021255260673897304
1.073619045551379	0.0215620473228483
1.0734233228229246	0.022174163420457818
1.073015701018342	0.02339238170116528
1.0721364372734976	0.025803299750228506
1.0720786773247433	0.02595279529392254
1.072020589744004	0.02610214642864562
1.071903433385201	0.026400412313147516
1.0716652078910103	0.026995176520893956
1.0711732037151371	0.028177459809671304
1.0701277944859608	0.030511668045820096
1.0700611086569334	0.030653325735054193
1.069994121971338	0.030794821095829355
1.0698592478823132	0.031077322050629005
1.0695859098976956	0.0316403455128521
1.0690249807279375	0.03275832495809653
1.0678469813577829	0.03496080650650092
1.0677709063248018	0.035096932667307686
1.0676945461064817	0.03523287504995341
1.0675409721854334	0.03550420591316806
1.0672304249964288	0.03604463415634222
1.0665958512796663	0.03711641519505455
1.0652737514550639	0.039222567477253584
1.065181603546148	0.039363506625457255
1.0650891404974516	0.0395042063228418
1.064903271869756	0.0397848843857216
1.0645277848221764	0.04034333447374574
1.0637619757468246	0.04144844701850752
1.06217235515119	0.04361024934891499
1.0620704897944215	0.04374316936503466
1.061968333281632	0.04387582738682273
1.0617631498975413	0.044140354809916404
1.0613493235476983	0.04466623686518693
1.0605080085928362	0.04570516565025958
1.0587721573214073	0.04773056583126313
1.0586687694417503	0.0478465070794273
1.0585651501941271	0.04796220296651832
1.0583572202635751	0.04819285680186698
1.057938613390882	0.04865119984769901
1.0570905621569324	0.04955592628308249
1.0553523250613357	0.051316760141292585
1.055241868336345	0.051424630111788355
1.0551312019875663	0.051532240924065824
1.054909243185262	0.05174668349365515
1.054462840563213	0.05217244147168987
1.0535602509690956	0.05301136306642578
1.0517171876084972	0.054638172080861254
1.0515905799572076	0.05474587244856196
1.0514637524958947	0.05485325480332097
1.0512094417486513	0.0550670638153959
1.0506982222233034	0.05549084760519386
1.0496655936016568	0.05632298917307618
1.0475612041594824	0.057924895244441464
1.0474280118610706	0.05802222779265428
1.047294628803409	0.05811923049581842
1.0470272940623462	0.058312245083820616
1.0464903756513104	0.05869430216630863
1.0454077478281054	0.059442459818620376
1.043208966992968	0.060874442478327434
1.043072657358324	0.060959497867970475
1.0429361920427553	0.061044226791362906
1.042662797828154	0.06121270436965927
1.0421141792729443	0.06154573250906778
1.0410098151882812	0.06219603533728689
1.0387741245265774	0.0634332984394898
1.0386332611595028	0.06350781145894187
1.0384922696843124	0.0635819922999814
1.0382099058363246	0.06372935690093685
1.0376436785150562	0.06402009409475576
1.0365054167411618	0.06458557303303947
1.0342071893807652	0.06565236221373799
1.0340723668537863	0.06571191032973592
1.0339374564673114	0.06577116664632716
1.0336673748450649	0.06588880368534532
1.0331261872812925	0.06612057411271448
1.0320398670905575	0.06657009162675154
1.029852657236182	0.06741298633861068
1.0297153591976045	0.0674631808883355
1.0295779948820971	0.06751308290477584
1.029303070080484	0.06761200935777854
1.028752454381861	0.06780635217479108
1.0276483067730413	0.06818100064649747
1.0254295233286317	0.06887419574218884
1.02527869545181	0.06891847160132195
1.0251278143592992	0.06896240459084864
1.0248258958091339	0.06904924224211605
1.0242214561649206	0.0692188063157939
1.023010349169629	0.06954150791471
1.022858767755815	0.06958030737182075
1.0227071461342254	0.06961876531895105
1.0224037854826555	0.06969465709303184
1.0217966169894592	0.06984234713810879
1.020580669863271	0.0701213786591267
1.0204285409896692	0.07015472727551011
1.0202763846396328	0.07018773624449207
1.0199719926535487	0.07025273577212453
1.0193629134755375	0.0703786650126425
1.0181437488186589	0.07061427638174415
1.017991274002178	0.07064220756669592
1.0178387841464038	0.0706698014431557
1.0175337623845173	0.07072397791788919
1.0169235720640222	0.0708282903832289
1.015702774441701	0.07102079185246965
1.0155602917106508	0.07104185815386233
1.0154178063985941	0.07106263290229664
1.015132830463201	0.07110330835474178
1.0145628743155524	0.07118116745280201
1.0144203879114049	0.07119990569258124
1.0142779037646348	0.07121835364052777
1.0139929446439764	0.07125437931479497
1.0134230798446193	0.07132295442155095
1.0132806282567357	0.07133937496284344
1.0131381837022222	0.07135550655130285
1.0128533180625665	0.0713869035618253
1.012283697189933	0.07144623782754485
1.0121413184051185	0.07146035164814303
1.0119989513663123	0.07147417793040427
1.0117142548640392	0.07150096860906295
1.0111450284656682	0.07155110759042418
1.0110027599607498	0.07156292626379528
1.0108605078502402	0.07157445888645332
1.0105760551174012	0.07159666674464032
1.010433855645002	0.07160734236542274
1.0102916748668698	0.07161773270598974
1.010007371682034	0.0716376583289783
1.0098652504170835	0.07164719400535269
1.009723150129904	0.07165644518940834
1.0094390147610712	0.07167409488026179
1.0088710206932994	0.0717059892101876
1.0087290831054943	0.07171325459774669
1.0085871710130598	0.07172023711980816
1.0083034255534358	0.07173335440065767
1.008161593303214	0.07173948957862154
1.0080197887822964	0.07174534272943042
1.0077362651508521	0.07175620379912799
1.0075945471489545	0.07176121214531014
1.0074528590936174	0.07176593931891516
1.0073112015365406	0.07177038553609046
1.0071695750283767	0.0717745510139757
1.007027980118729	0.07177843597069826
1.0068864173561514	0.07178204062536875
1.006744887288147	0.07178536519807653
1.006603390461167	0.07178840990988532
1.0064647099991755	0.0717911232824433
1.0063260625202275	0.07179356812029579
1.0061874485362066	0.07179574463441679
1.0060488685580207	0.07179765303666401
1.0059103230956035	0.0717992935397746
1.0057718126579112	0.0718006663573613
1.0056333377529232	0.07180177170390835
1.0054948988876422	0.07180260979476755
1.0053564965680906	0.07180318084615414
1.005218131299313	0.07180348507514295
1.0050798035853725	0.07180352269966428
1.0049415139293534	0.07180329393849998
1.0048032628333572	0.07180279901127949
1.0046650507985042	0.07180203813847583
1.0045268783249308	0.07180101154140156
1.0043887459117922	0.07179971944220503
1.0042506540572578	0.0717981620638662
1.0041126032585133	0.07179633963019273
1.0039745940117593	0.07179425236581614
1.0038366268122103	0.07179190049618778
1.0036987021540957	0.07178928424757491
1.0035608205306563	0.07178640384705676
1.0034229824341474	0.07178325952252064
1.0032851883558356	0.07177985150265799
1.0031474387859989	0.07177618001696048
1.0030097342139273	0.07177224529571609
1.0027344620152905	0.07176358707169678
1.0025968953623563	0.07175886403344436
1.002459375654448	0.07175387868868222
1.0021844790100736	0.07174312201724653
1.0020471030393099	0.0717373511613105
1.0019097759449773	0.071731318940332
1.001635270306095	0.07171847135312528
1.0014980927193078	0.071711656463726
1.0013609659244758	0.07170458116293447
1.0010868666152724	0.07168965028906613
1.0009498950507125	0.07168179519878694
1.0008129761777307	0.07167368066270306
1.0005392983951817	0.07165667422678233
0.9999925958487628	0.07161955875605874
0.9998560589888114	0.07160963495032982
0.9997195785719122	0.07159945366480985
0.9994467889240812	0.07157831965087032
0.9989019073141427	0.07153297286552811
0.9987658349474393	0.07152099623067514
0.99862982271149	0.07150876412689014
0.9983579804567612	0.07148353453085364
0.9978150375344764	0.07143002095038178
0.9976679369343839	0.07141480483220837
0.9975209114335283	0.07139929041029991
0.9972270880189771	0.07136736798319676
0.9966403674872797	0.07129995814044542
0.996493883639524	0.07128236493073206
0.9963474794339825	0.07126447609578715
0.9960549121947909	0.0712278129057422
0.9954707580434226	0.07115095398056716
0.9953249269824984	0.07113100529858007
0.9951791800184105	0.07111076372399036
0.9948879405818551	0.07106940327879471
0.9943064950058784	0.07098318292127433
0.9931478585319535	0.07079682272511816
0.993003438324382	0.07077222962869095
0.9928591108585375	0.07074734925648399
0.9925707362652127	0.07069672811502672
0.9919951231476606	0.07059205429581313
0.9908485577666339	0.07036906151084019
0.988574984750707	0.06986915227314328
0.9884432325606549	0.06983780430393688
0.9883115752280833	0.06980621644203433
0.9880485467116327	0.06974232226831846
0.9875236452504438	0.06961166874219125
0.9864785515804113	0.06933897028964887
0.9844078834470235	0.06874856758687398
0.9842793572719213	0.06870969729357543
0.9841509380731328	0.0686705971254338
0.9838944220525921	0.06859170844106519
0.9833826896012083	0.06843118663328486
0.9823645028859812	0.06809923715302618
0.9803498677510013	0.0673922938697719
0.9802144555324483	0.0673423494066731
0.9800791820949956	0.06729214704760508
0.9798090532493539	0.06719097031364445
0.9792704794037488	0.06698554050523638
0.9782001598324935	0.06656246957205345
0.9760875577651442	0.06566823869967757
0.9759567893473903	0.06561025035992216
0.9758261725700388	0.06555201764284628
0.9755653954591349	0.06543482078344082
0.9750456776012008	0.06519751332227634
0.9740136710141004	0.06471133926640359
0.9719800273469388	0.06369352370015584
0.9718565919721252	0.06362912937788878
0.9717333139020495	0.06356451276940586
0.9714872309705751	0.06343461432810986
0.9709969669428046	0.0631721679940744
0.9700241173256827	0.06263676916503026
0.9681096863086867	0.06152468105419311
0.9679914400165247	0.061453376636870234
0.9678733608647156	0.061381863045773345
0.9676377051417495	0.061238209984767575
0.9671684120786803	0.06094841184637832
0.9662379631185174	0.06035893950865036
0.9644101095630662	0.05914122666635255
0.9643049441533496	0.05906868123030038
0.9641999317461816	0.05899596526972591
0.9639903667783674	0.058850023106544594
0.9635730820609193	0.058556107131054726
0.9627459395591917	0.05796022310606543
0.9611217213633242	0.05673684236526406
0.9610215526475961	0.05665900506585277
0.9609215433036155	0.05658100787353146
0.9607220034812511	0.05642453513543339
0.9603248445141923	0.056109685518510574
0.9595382504592734	0.055472443846332944
0.9579962784858591	0.05416838269978808
0.9578932714430866	0.05407858152047385
0.9577904585852264	0.053988604708671534
0.957585416276456	0.05380812586493695
0.9571776712046455	0.053445079030667655
0.9563715858802676	0.05271072252715868
0.9547973964778774	0.05120970622224834
0.9518036665781825	0.04808441038585004
0.9517194852931791	0.04799088842556479
0.9516354836492038	0.047897236538944364
0.9514680198153843	0.04770954431592522
0.9511352536516011	0.04733261536715115
0.9504783963921681	0.04657265370537828
0.9491996075579162	0.04502890727880912
0.9491212380918251	0.04493139177872937
0.9490430522604296	0.04483375691288274
0.9488872319670232	0.0446381303936655
0.9485778000874959	0.04424545936477493
0.9479677965891938	0.043454518489723745
0.9467834277047333	0.04185082448947058
0.946704944543121	0.04174119059460377
0.9466266811008486	0.0416314287920854
0.9464708138898288	0.04141152310432135
0.9461617217361842	0.040970194866962455
0.9455541345886389	0.04008156250960868
0.9443815656543755	0.038281123770089784
0.9443101745390291	0.03816759913590504
0.9442390069774985	0.038053959606598194
0.9440973429568157	0.03782633747417668
0.9438167023807021	0.03736973218250842
0.9432661950783937	0.036451167451907115
0.9422084606225406	0.03459333810030791
0.9421454419171514	0.03447846679584659
0.9420826418466793	0.034363497058033786
0.9419576979644038	0.03413326378078235
0.9417104376862429	0.03367163249751948
0.9412264463076861	0.032743794669855025
0.9403007281379905	0.030870484539451126
0.9402447474621415	0.03075264821064917
0.9401889880351545	0.030634725339280938
0.9400781332256917	0.03039862144218191
0.9398590818471402	0.029925391333284087
0.9394316282066889	0.028974924120851547
0.9386194412466125	0.027058617344491723
0.9385738472379811	0.02694627579317784
0.9385284476845486	0.026833869081372946
0.9384382321443517	0.026608861353640923
0.938260136722308	0.026158076915793374
0.9379132994099003	0.025253497874238844
0.9372571224028414	0.023432823525234823
0.9372177745521888	0.023318542207834206
0.9371786226310148	0.023204205086563668
0.9371009067435064	0.022975364593763422
0.9369478279382394	0.022517026730012973
0.9366510911952008	0.02159778837577802
0.9360953697103253	0.019749578732174488
0.936059536211427	0.01962389134945981
0.936023934452866	0.0194981492540152
0.9359534263282382	0.01924650238704474
0.9358151928310351	0.018742568175718687
0.9355498660292566	0.01773221954388306
0.9355177453481365	0.017605700547764554
0.935485857055757	0.017479132671507403
0.9354227777881591	0.017225851732096724
0.9352994095606317	0.016718719273237037
0.9350638423874199	0.015702253271653033
0.9350354442892825	0.015574995732888898
0.9350072791476467	0.015447695113752857
0.9349516478651034	0.01519296608014797
0.9348431822046293	0.014683006945761364
0.9346374454645863	0.013661165228999298
0.9342708020451711	0.0116104331627868
0.9342512544728417	0.011490498140981489
0.9342319107635454	0.011370535582117515
0.9341938350105797	0.011130529019572758
0.9341201306908623	0.01065019827614368
0.9339825148071159	0.009688331551312324
0.9339662312261644	0.009567990894246793
0.9339501517896857	0.00944762735842239
0.9339186054131244	0.009206832813042505
0.9338579630747625	0.008724981962186998
0.9337464833159956	0.007760298255663855
0.9337334678257864	0.007639626387385926
0.9337206567078935	0.00751893628463532
0.9336956476388063	0.007277502535135101
0.9336480825042305	0.006794428973688952
0.9336367023307922	0.006673619343492011
0.9336255266238642	0.006552793796574454
0.9336037886527718	0.006311096110694918
0.9335627667729305	0.005827522475503507
0.9335530226242857	0.0057065936165610846
0.9335434830233583	0.0055856511561895045
0.9335250175014254	0.005343726588150534
0.9334905414233934	0.004859726960063848
0.9334824339040402	0.004738697387098193
0.9334745310007275	0.004617656525887162
0.9334593390725788	0.004375542094771895
0.933431410931503	0.003891190488614116
0.9334250656352858	0.0037724571205051353
0.933418917050973	0.0036537151192331013
0.9334072100406812	0.0034162063057427902
0.9334016516255544	0.0032974400377478183
0.9333962899440353	0.0031786662250376362
0.9333861568015088	0.002941097053719834
0.9333813853498873	0.0028223022391944542
0.9333768106506456	0.002703500968119643
0.9333682515260618	0.0024658801443156048
0.9333642671086424	0.0023470611355478335
0.9333604794594488	0.002228236758154783
0.933353494479576	0.0019905729852731234
0.9333502971553591	0.0018717341336454878
0.9333472966122928	0.0017528910011158215
0.9333444928531518	0.001634043859588263
0.9333418858805299	0.0015151929809575984
0.9333394756968376	0.0013963386371098638
0.9333372623043033	0.0012774810999229829
0.9333352457049731	0.001158620641267404
0.9333334259007121	0.0010397575330067074
0.9333318028932023	0.0009208920469983256
0.9333303766839439	0.0008020244550941217
0.9333291472742553	0.0006831550291409733
0.9333281146652728	0.0005642840409814908
0.9333272788579512	0.000445411762454626
0.9333266398530624	0.0003265384653963084
0.9333261976511973	0.00020766442164008245
0.9333259522527644	0.00008878990301771627
0.9333259036579907	-0.000030084818640079074
0.9333260518669212	-0.000148959471503068
0.9333263968794184	-0.00026783378374090907
0.9333269386951638	-0.0003867074835224353
0.9333276773136571	-0.0005055802990150457
0.9333286127342147	-0.0006244519583840679
0.9333297449559728	-0.0007433221897921219
0.9333310739778845	-0.0008621907213985121
0.9333325997987215	-0.0009810572813585055
0.9333343224170738	-0.0010999215978227542
0.9333362418313481	-0.001218783398936709
0.9333383580397703	-0.0013376424128399061
0.9333406710403838	-0.0014564983676653544
0.9333431808310504	-0.001575350991538902
0.9333487907730764	-0.0018130451588940838
0.9333518909192479	-0.0019318861585858787
0.9333551878450954	-0.0020507227397447937
0.9333623720234379	-0.0022883815587750886
0.9333662592692857	-0.0024072032527739018
0.9333703432815156	-0.0025260194404934594
0.9333791015898202	-0.002763634209212452
0.9333837758777869	-0.002882432246236268
0.9333886469159199	-0.0030012236890282957
0.933398979224458	-0.003238785703800663
0.9334220046327786	-0.003713818632349348
0.93342879200792	-0.0038426310330522385
0.9334358108900149	-0.0039714330840483255
0.9334505431441624	-0.004229004746880212
0.9334827853816954	-0.004744008583925661
0.933491424583653	-0.004872728455188983
0.9335002952241268	-0.005001435195848582
0.9335187307815485	-0.005258807894262606
0.933558378714403	-0.005773380419687668
0.933568869138396	-0.005901985506584885
0.933579590916081	-0.006030574679676034
0.9336017284852236	-0.006287703892049849
0.9336487793330066	-0.006801756032285871
0.9337539808839379	-0.007828957139797744
0.9337681714105579	-0.00795726580879265
0.9337825930715467	-0.008085552988732847
0.9338121297326536	-0.008342061485746321
0.9338739759488014	-0.008854805255007769
0.9340087560337229	-0.009879121654908443
0.9340266426507963	-0.010007044594773007
0.934044760115591	-0.010134940455362628
0.9340816875073329	-0.010390649538754959
0.9341583115571946	-0.010901727350456518
0.9343226318364238	-0.011922443056619122
0.9343427607905379	-0.012041377709223387
0.9343630904712935	-0.012160283915557187
0.9344043519327749	-0.012398009847511217
0.9344892826841283	-0.012873107791464578
0.934668770750268	-0.013821823964291354
0.934692108819732	-0.013940269182873678
0.934715647271379	-0.014058681379459552
0.9347633252275952	-0.014295405560145556
0.9348610846841459	-0.014768445041762316
0.9350662122491625	-0.015712824180782396
0.9350927535088489	-0.015830706610696525
0.9351194947507682	-0.01594855142337538
0.9351735770735532	-0.016184127045313468
0.9352841403080291	-0.016654814208641882
0.9355148548069901	-0.017594267603488114
0.9360145822262936	-0.019464972546329645
0.9360502771833272	-0.019591273201540502
0.9360862059023783	-0.01971751876505434
0.9361587644511578	-0.019969843135103554
0.936306684744978	-0.020473814465949137
0.9366137278612356	-0.021478964315886865
0.9372725375171124	-0.02347742532127861
0.9373156894566169	-0.02360177856194985
0.9373590735867334	-0.023726064781521384
0.9374465381985189	-0.023974434655446696
0.9376242512656436	-0.02447035361951974
0.9379907999596041	-0.025458824085291883
0.9387682799600913	-0.027421618188906795
0.9388179079144985	-0.027541412783971462
0.9388677577831687	-0.027661131126203876
0.938968123008052	-0.027900337609359286
0.9391715136000215	-0.028377819660874864
0.9395889205669559	-0.029328979078844908
0.9404661140894176	-0.03121542853536888
0.9405228097759836	-0.031332603263145915
0.9405797251440748	-0.03144969010737014
0.9406942146186301	-0.031683598678874124
0.9409258263542368	-0.03215034507940517
0.9413995632782469	-0.033079472551500795
0.9423889435583156	-0.03491960469399061
0.9424483375431154	-0.0350261056954904
0.9425079203341975	-0.035132519975303415
0.9426276520410213	-0.03534508715977664
0.9428693778742038	-0.03576916754894153
0.9433618622859441	-0.03661304444650535
0.9443828217374186	-0.03828311696121303
0.9444482192999153	-0.038386692076660414
0.9445138031377013	-0.038490170714776374
0.9446455292975862	-0.03869683732919212
0.9449112131418925	-0.0391089992932865
0.9454514872961755	-0.039928569091836535
0.9465674990146693	-0.04154813750872195
0.9466448441763572	-0.04165694075813145
0.946722404951454	-0.04176561885554158
0.9468781728393588	-0.04198259800034687
0.9471922904151168	-0.04241503691976365
0.9478308238547037	-0.043273747736894186
0.9491488443564116	-0.04496578209478331
0.9519466464840807	-0.04824250310913579
0.9520314617615481	-0.048335839073170205
0.9521164568222051	-0.048429043414411975
0.9522869857478838	-0.04861505588915287
0.9526301949693902	-0.048985486624029656
0.9533251876471472	-0.049719896046353254
0.9547492123660564	-0.05116230331311064
0.9577312326660333	-0.053936615963872926
0.9578253629400213	-0.054019190044707927
0.9579196564856106	-0.05410161679266997
0.9581087327332266	-0.05426602699787041
0.9584888372117822	-0.05459306519542116
0.9592568164507201	-0.05523994026336182
0.9608235465248541	-0.05650430413887785
0.960922816880968	-0.056582002922374475
0.9610222449398519	-0.05665954399451932
0.9612215734272874	-0.05681415170238156
0.961622114673723	-0.0571214602522243
0.9624306920429079	-0.057728376876342184
0.9640774796290716	-0.05891082340617249
0.9641905780451767	-0.05898947487393175
0.9643038547854639	-0.05906792831407539
0.9645309421837353	-0.059224239439789134
0.9649872452125344	-0.059534466968784304
0.9659083038658004	-0.06014524947836053
0.9677837354944021	-0.06132737479287209
0.9679024046968392	-0.06139948196751953
0.9680212432986229	-0.06147137773184536
0.9682594275162528	-0.06161453335697928
0.9687378156611991	-0.06189828928705303
0.969702603130686	-0.06245548625005343
0.9716636671403565	-0.06352787238100781
0.9717792982803484	-0.06358865125936145
0.9718950682052979	-0.0636492345002745
0.972127023336433	-0.06376981271831662
0.9725925871606943	-0.0640086066437937
0.9735302678370893	-0.06447666888535775
0.9754313399505188	-0.06537408779305785
0.9755512749296172	-0.06542843916618561
0.9756713396839458	-0.06548258414077195
0.9759118573332618	-0.06559025355762828
0.9763944368491342	-0.06580310091377224
0.9773657052305161	-0.06621875506363323
0.9793321270214549	-0.06700930623905947
0.9794664866941182	-0.06706087761447307
0.9796009871818632	-0.06711219393496777
0.9798704089428141	-0.06721405973902349
0.9804109239153977	-0.0674147123119838
0.9814985450389334	-0.06780360809574436
0.9836993773288458	-0.06853102121732736
0.983838030937548	-0.06857422514721458
0.9839768114415484	-0.06861716081782443
0.9842547513061222	-0.06870222575734727
0.9848121335804817	-0.06886911868772876
0.9859328041197122	-0.06918986640826989
0.9881969172448452	-0.06977849312807415
0.9883299586047909	-0.06981064284325164
0.9884630972953966	-0.06984254755838797
0.9887296650363198	-0.06990562071998146
0.9892639504715853	-0.07002881311394017
0.9903370283769629	-0.0702633117388383
0.9904715774947905	-0.07029150364135048
0.9906062172904984	-0.0703194455237127
0.9908757672148898	-0.07037457798994484
0.9914159364306938	-0.07048182909067952
0.9925004557061321	-0.07068420730096397
0.9926364040792365	-0.07070836201457499
0.9927724362025167	-0.07073226181659582
0.9930447499298343	-0.07077929548201745
0.993590362858359	-0.07087029066327356
0.9946854301051251	-0.0710399257543375
0.9948226648123076	-0.0710599660732433
0.9949599760645237	-0.07107974673279888
0.9952348263646548	-0.07111852790804292
0.9957854252107735	-0.0711929615576263
0.9968901114732842	-0.07132924958942519
0.9970258013773674	-0.07134479253511186
0.997161557670097	-0.07136008149675516
0.9974332676223703	-0.07138989640883445
0.9979774643436556	-0.07144646681050218
0.998113672713471	-0.07145997050177268
0.998249943847382	-0.0714732181076138
0.9985226725759937	-0.07149894402475748
0.9990688629992286	-0.07154731145067393
0.9992055606117467	-0.07155875922367948
0.9993423172990585	-0.07156994885229494
0.9996160060341902	-0.0715915526598848
1.0001640718427398	-0.07163165140042847
1.0003012289569433	-0.07164102693741811
1.0004384413919032	-0.07165014231540097
1.0007130303278684	-0.07166759160062375
1.001262851133848	-0.0716993573729743
1.001400437491046	-0.07170664471775037
1.0015380753502978	-0.07171366993519558
1.0018135036464373	-0.07172693301810175
1.0019512931165422	-0.07173317040046602
1.0020891321551362	-0.07173914468931383
1.0023649569931437	-0.0717503030287069
1.0025029418177167	-0.07175548660231378
1.002640974261098	-0.07176040612853524
1.0027790538333525	-0.071765061370858
1.0029171800435395	-0.07176945209355814
1.0030553523997134	-0.07177357806170521
1.003193570408924	-0.07177743904116603
1.003470141409636	-0.0717843651015068
1.0036084934102192	-0.07178742971814286
1.0037468890820038	-0.07179022841761284
1.0038853279270246	-0.07179276096982985
1.0040238094463154	-0.07179502714552825
1.004162333139908	-0.07179702671626757
1.0043008985068351	-0.07179875945443658
1.0044395050451287	-0.07180022513325723
1.0045781522518216	-0.07180142352678874
1.0047168396229487	-0.0718023544099316
1.0048555666535457	-0.07180301755843158
1.0049943328376523	-0.07180341274888372
1.0051331376683106	-0.07180353975873646
1.0052719806375672	-0.0718033983662957
1.0054108612364725	-0.07180298835072871
1.0055497789550831	-0.0718023094920683
1.0056887332824613	-0.07180136157121679
1.0058394977087233	-0.07180002889738471
1.0059903039508375	-0.07179837911841389
1.006141151352772	-0.07179641195819005
1.0062920392571217	-0.07179412714182612
1.0064429670051114	-0.0717915243956685
1.0065939339365968	-0.07178860344730313
1.0067449393900658	-0.07178536402556168
1.006895982702639	-0.07178180586052768
1.007047063210072	-0.07177792868354271
1.0071981802467567	-0.0717737322272126
1.0073493331457206	-0.07176921622541355
1.007500521238631	-0.07176438041329838
1.0076517438557955	-0.07175922452730281
1.0078030003261622	-0.07175374830515145
1.0081056121355114	-0.07174183380976246
1.0082569661256104	-0.07173539501847526
1.0084083512711486	-0.07172863485494559
1.0087112123159017	-0.07171414938953781
1.0088626868554245	-0.0717064235801716
1.009014189831005	-0.07169837538359912
1.0093172783561524	-0.07168131082861265
1.0094688625352697	-0.07167229397347238
1.0096204724095494	-0.07166295373768573
1.0099237664879703	-0.071643302145751
1.010530632600159	-0.07160010770892514
1.0106824029858577	-0.07158849702755572
1.010834193520834	-0.07157656104484236
1.0111378322404696	-0.07155171224177356
1.0117453206175637	-0.0714981008300825
1.0118972325458557	-0.07148388127307397
1.0120491589929015	-0.07146933458496763
1.0123530526030948	-0.07143925892828919
1.0129609827339014	-0.07137517236600514
1.013112990867395	-0.07135832962289143
1.0132650078055614	-0.07134115801312882
1.0135690652143212	-0.0713058273545574
1.0141772539186207	-0.07123121049354597
1.015393763861005	-0.071066109602038
1.0155356843898666	-0.0710454668166716
1.0156776024624259	-0.07102453481279997
1.0159614288307026	-0.07098180254893408
1.0165290255517103	-0.07089286086204874
1.0176638588826765	-0.07070103683042168
1.0178056673774134	-0.07067574919523471
1.0179474636760788	-0.07065017008528517
1.0182310172180813	-0.07059813692199228
1.0187979507604146	-0.07049056726176976
1.0199309843636657	-0.07026138724378145
1.0200725232324932	-0.07023142114244187
1.0202140399331658	-0.07020116164456806
1.0204970043062433	-0.07013976202629067
1.0210626392244817	-0.07001343734689337
1.0221925913148486	-0.06974666377365077
1.024446073830972	-0.06915645946122126
1.0245983403658863	-0.06911374787598178
1.0247505566153723	-0.06907068849257277
1.0250548349127284	-0.06898352601850455
1.0256627512249996	-0.06880502417061123
1.0268758340462523	-0.06843129810398146
1.0292894776949562	-0.06761686756511699
1.0294397153785675	-0.06756299809007896
1.0295898755275015	-0.06750877937623145
1.0298899597524989	-0.06739929420235112
1.0304891595808998	-0.06717613279151279
1.03168348940422	-0.06671304705691011
1.0340542961972397	-0.06571986661669932
1.0341989345469833	-0.0656560176992437
1.034343471053417	-0.06559183304454783
1.0346322351615844	-0.06546245678689297
1.0352085041025432	-0.06519967845335731
1.0363558151509489	-0.06465803628502123
1.0386280049831635	-0.06351058409974324
1.0387689632288624	-0.06343603569557241
1.0389097923756778	-0.06336115482236865
1.0391910599356413	-0.06321039624016994
1.0397520080418465	-0.06290489587096079
1.040867363289544	-0.062277997519786805
1.0430703628871392	-0.06096092596328466
1.0431976058423296	-0.060881547882093635
1.0433247124629366	-0.06080188552908064
1.0435785138861242	-0.060641708734931514
1.0440844497566872	-0.06031795199628114
1.0450894959250903	-0.059656869202328835
1.0470710245099637	-0.058280799499447075
1.0471935556595666	-0.05819242454646403
1.0473159279559698	-0.05810377211571676
1.0475601931783955	-0.05792563580561881
1.0480467864741625	-0.05756604439834405
1.049012067265923	-0.0568336442163288
1.0509097507907044	-0.05531646431202636
1.0510367144084412	-0.05521114231526688
1.0511634648722215	-0.055105504559207846
1.0514163227947013	-0.05489328336326359
1.0519194418453475	-0.054465069556133255
1.052915095033925	-0.053593649268024714
1.0548624880966955	-0.05179162079939794
1.054982194230478	-0.05167640615391461
1.0551016591619722	-0.05156088991386681
1.055339861960831	-0.05132895461499236
1.055813335149628	-0.05086148665907919
1.0567483594296012	-0.04991227508751851
1.058569192976321	-0.04795769843476089
1.0586733565383473	-0.04784137371023986
1.058777286221975	-0.0477248010148981
1.0589844412480751	-0.04749091361073211
1.0593959150463568	-0.047020184163387574
1.0602073673214643	-0.046067015859055954
1.0617831017675368	-0.044114743881409325
1.0618794504666798	-0.043990730056306764
1.0619755441336254	-0.04386648450865192
1.062166963800439	-0.04361730042041612
1.0625467145396157	-0.04311617561395588
1.063293719262475	-0.04210302398686905
1.06473661985458	-0.04003413684211183
1.064822769962029	-0.03990556803846718
1.0649086558130243	-0.0397767942238802
1.0650796324831517	-0.039518633860849244
1.065418389934116	-0.03899987839655226
1.066082996339199	-0.03795275964932112
1.0673595947298469	-0.03582116456188481
1.0674370148432104	-0.035686329385297685
1.067514153292151	-0.035551308483146436
1.067667583120923	-0.0352807120327578
1.0679710400596936	-0.034737318359299614
1.0685642288702932	-0.033641871864219186
1.0696948148118355	-0.03141751662122004
1.0697687481702336	-0.03126512136708181
1.069842331328619	-0.031112532367270698
1.0699884446706018	-0.030806776636602244
1.070276442971732	-0.030192978915511096
1.0708353962924755	-0.028956437566853913
1.0718841265053762	-0.026449192664196302
1.0719465713429244	-0.026291042614790688
1.0720086482409956	-0.02613272789781826
1.0721316961806644	-0.02581560823102461
1.072373354523804	-0.025179434461556675
1.0728388105458453	-0.02389956271516591
1.073697434275157	-0.02131145499445663
1.0737445054959778	-0.021159412553723445
1.073791243385826	-0.02100725370393176
1.07388371781779	-0.020702590021860028
1.0740646519360622	-0.020091901507310227
1.0744103883000804	-0.01886526309281981
1.0744520868079341	-0.01871145606919582
1.0744934468349088	-0.018557545749988438
1.0745751502409242	-0.018249418542348125
1.0747344821574258	-0.01763196113238486
1.0750367819893698	-0.016392421462526754
1.0750730299114917	-0.01623706178822353
1.0751089348096168	-0.016081612208106742
1.0751797144828086	-0.01577044671241969
1.0753171461166087	-0.01514707410517471
1.0755754428385915	-0.013896352992159787
1.0756061721475931	-0.01373965676581685
1.075636554514102	-0.013582884265565715
1.075696277526948	-0.013269113881057245
1.0758115505635466	-0.012640695684272944
1.0760253579289696	-0.011380543085255915
1.0760534133034452	-0.011204371941442533
1.076081032230333	-0.011028123121201284
1.07613495972769	-0.010675397299188337
1.076237566423654	-0.009969066919216597
1.0762621233166416	-0.009792308346835782
1.0762862418381853	-0.009615481819013394
1.0763331628808515	-0.009261629775346529
1.0764217349864338	-0.008553163932817822
1.0764427789018205	-0.008375895907364955
1.0764633827779666	-0.008198569705240685
1.0765032696551238	-0.007843747675740441
1.076577754833305	-0.007133459490634156
1.0765952733309634	-0.006955760421175971
1.07661235037973	-0.006778013003382896
1.0766451795027958	-0.006422378049878515
1.0767055336843	-0.005710582195080451
1.0767195163956536	-0.005532530858199139
1.0767330565083748	-0.005354441042580606
1.0767588084405382	-0.004998150920366802
1.0767710200215084	-0.0048199530876159805
1.076782788526906	-0.004641721723783921
1.076804995879052	-0.004285163355609082
1.076815434520075	-0.004106838828695039
1.0768254296740793	-0.003928485725524223
1.0768440891546838	-0.003571698749587928
1.0768527533083705	-0.0033932673573073093
1.0768609736292145	-0.003214812349706615
1.076876082471728	-0.002857836453104698
1.0768829708533496	-0.0026793180471149283
1.0768894151220365	-0.0025007809917949
1.076895415218047	-0.0023222265293071954
1.076900971085754	-0.0021436559020473686
1.0769060826736472	-0.0019650703526272613
1.0769107499343331	-0.0017864711238583133
1.0769149728245362	-0.0016078594587351676
1.0769187513050997	-0.0014292366004188943
1.0769220853409873	-0.001250603792220215
1.0769249749012821	-0.0010719622775830168
1.0769274199591887	-0.000893313300067862
1.076929420492033	-0.0007146581033351988
1.0769309764812627	-0.0005359979311285721
1.0769320879124484	-0.00035733402725812404
1.0769327547752827	-0.00017866763558409363
1.0769329770635814	-2.0292804050351807e-17