-0.0769329770635814	0.
-0.07693279956023148	0.00015965809159748683
-0.07693226705149622	0.00031931529558102377
-0.07693137954131911	0.00047897072434614866
-0.07693013703627247	0.0006386234903073737
-0.0769285395455575	0.0007982727059076736
-0.07692658708100407	0.0009579174836279704
-0.07692427965707044	0.0011175569359966199
-0.0769216172908432	0.0012771901755988951
-0.07691860000203685	0.0014368163150864706
-0.07691522781299365	0.0015964344671869038
-0.07691150074868304	0.001756043744713113
-0.07690741883670153	0.0019156432605728585
-0.076902982107272	0.0020752321277782153
-0.07689819059324345	0.0022348094594550503
-0.07688754335591196	0.0025539259693523916
-0.07688168771143211	0.002713463374478804
-0.07687547743999829	0.0028729856979074373
-0.07686199320277261	0.003191981555189226
-0.07685471933678785	0.0033514533172371926
-0.0768470910434616	0.003510906453995901
-0.07683077140322334	0.003829753310157091
-0.07682208017707723	0.003989145259345662
-0.07681303476511953	0.004148515042836013
-0.07679388165408527	0.004467184574831292
-0.07675132832213206	0.005104218747951033
-0.07673980562976257	0.0052634086190339584
-0.0767279293601403	0.005422569255561397
-0.07670311644299341	0.0057407992960610416
-0.0766492517198911	0.006376869763129103
-0.07663490301404312	0.006535801071940313
-0.07662020150630654	0.006694696097293372
-0.07658974052220868	0.00701237378013609
-0.07652458988389473	0.007647255074635095
-0.07650742194914395	0.007805871513406956
-0.07648990215389673	0.007964444644555686
-0.07645380750170125	0.008281457480276321
-0.0763774017332575	0.008914924946294376
-0.07620775675982149	0.010179431490955421
-0.07618304388278173	0.01035052241653742
-0.07615792027292047	0.010521545955137072
-0.07610644172771211	0.010863386451671864
-0.0759985656424175	0.011546210232596584
-0.0757631908807614	0.012908182594162584
-0.07573193431950584	0.013078063213193896
-0.07570027092188578	0.01324785887286973
-0.07563572471288726	0.013587190955689707
-0.07550176249932722	0.014264787726406051
-0.07521442463367004	0.015615469039725102
-0.07517669336223856	0.01578386014412558
-0.07513856003142151	0.015952148986321454
-0.07506108850422923	0.016288415600330293
-0.07490133536297654	0.01695967463242104
-0.07456266652709635	0.018296857711278633
-0.07380934511927283	0.0209479971615864
-0.07376227989095253	0.0211016881087674
-0.07371487465260002	0.0212552606738973
-0.07361904555137885	0.02156204732284829
-0.07342332282292474	0.022174163420457815
-0.07301570101834214	0.023392381701165275
-0.07213643727349775	0.02580329975022851
-0.0720786773247432	0.025952795293922536
-0.07202058974400402	0.026102146428645622
-0.07190343338520112	0.02640041231314751
-0.07166520789101026	0.02699517652089395
-0.07117320371513709	0.02817745980967131
-0.07012779448596083	0.030511668045820093
-0.07006110865693338	0.030653325735054197
-0.06999412197133813	0.03079482109582936
-0.06985924788231336	0.031077322050629005
-0.0695859098976957	0.0316403455128521
-0.06902498072793747	0.03275832495809652
-0.06784698135778287	0.03496080650650091
-0.06777090632480155	0.03509693266730768
-0.06769454610648172	0.0352328750499534
-0.06754097218543352	0.03550420591316805
-0.06723042499642869	0.036044634156342216
-0.06659585127966641	0.03711641519505455
-0.06527375145506388	0.03922256747725358
-0.06518160354614796	0.03936350662545726
-0.06508914049745165	0.03950420632284179
-0.064903271869756	0.03978488438572161
-0.0645277848221764	0.040343334473745746
-0.06376197574682457	0.041448447018507514
-0.06217235515118985	0.04361024934891499
-0.06207048979442151	0.04374316936503466
-0.06196833328163217	0.04387582738682273
-0.0617631498975412	0.044140354809916404
-0.061349323547698266	0.04466623686518692
-0.060508008592836185	0.04570516565025957
-0.058772157321407205	0.0477305658312631
-0.05866876944175027	0.04784650707942728
-0.05856515019412725	0.04796220296651832
-0.058357220263575316	0.04819285680186699
-0.0579386133908818	0.04865119984769901
-0.05709056215693238	0.049555926283082474
-0.055352325061335625	0.051316760141292585
-0.05524186833634484	0.051424630111788355
-0.055131201987566124	0.051532240924065824
-0.0549092431852619	0.051746683493655146
-0.05446284056321283	0.052172441471689854
-0.05356025096909559	0.053011363066425767
-0.05171718760849724	0.05463817208086124
-0.05159057995720759	0.05474587244856197
-0.05146375249589464	0.05485325480332096
-0.05120944174865125	0.055067063815395896
-0.05069822222330349	0.05549084760519385
-0.04966559360165682	0.05632298917307619
-0.047561204159482465	0.057924895244441464
-0.04742801186107051	0.058022227792654285
-0.04729462880340927	0.058119230495818436
-0.047027294062346195	0.05831224508382061
-0.046490375651310284	0.05869430216630863
-0.04540774782810564	0.05944245981862038
-0.04320896699296792	0.060874442478327434
-0.04307265735832397	0.06095949786797047
-0.042936192042755277	0.06104422679136289
-0.04266279782815394	0.061212704369659254
-0.04211417927294437	0.06154573250906777
-0.04100981518828128	0.06219603533728689
-0.038774124526577414	0.06343329843948979
-0.03863326115950284	0.06350781145894187
-0.03849226968431243	0.0635819922999814
-0.03820990583632436	0.06372935690093684
-0.03764367851505607	0.06402009409475573
-0.03650541674116168	0.06458557303303945
-0.0342071893807651	0.06565236221373799
-0.03407236685378639	0.06571191032973592
-0.03393745646731135	0.06577116664632715
-0.033667374845065004	0.06588880368534532
-0.033126187281292505	0.06612057411271448
-0.03203986709055738	0.06657009162675152
-0.02985265723618197	0.06741298633861066
-0.029715359197604527	0.0674631808883355
-0.029577994882097117	0.06751308290477583
-0.029303070080483915	0.06761200935777853
-0.028752454381860935	0.06780635217479108
-0.02764830677304128	0.06818100064649744
-0.025429523328631794	0.06887419574218882
-0.025278695451809927	0.06891847160132192
-0.025127814359299245	0.06896240459084864
-0.02482589580913402	0.06904924224211605
-0.02422145616492063	0.06921880631579388
-0.02301034916962876	0.06954150791470999
-0.022858767755815048	0.06958030737182073
-0.02270714613422548	0.06961876531895105
-0.022403785482655373	0.06969465709303184
-0.021796616989459144	0.06984234713810877
-0.02058066986327101	0.07012137865912671
-0.02042854098966926	0.07015472727551011
-0.020276384639632872	0.07018773624449207
-0.019971992653548588	0.07025273577212451
-0.019362913475537653	0.07037866501264252
-0.01814374881865867	0.07061427638174414
-0.01799127400217791	0.07064220756669591
-0.017838784146403754	0.07066980144315568
-0.017533762384517166	0.07072397791788917
-0.016923572064022233	0.07082829038322888
-0.015702774441701154	0.07102079185246965
-0.015560291710650799	0.07104185815386231
-0.015417806398594115	0.07106263290229664
-0.015132830463200884	0.07110330835474175
-0.014562874315552515	0.07118116745280201
-0.014420387911404979	0.07119990569258125
-0.014277903764634808	0.07121835364052775
-0.013992944643976312	0.07125437931479497
-0.013423079844619509	0.07132295442155095
-0.013280628256735793	0.07133937496284344
-0.013138183702222162	0.07135550655130284
-0.012853318062566713	0.0713869035618253
-0.012283697189933033	0.07144623782754486
-0.012141318405118624	0.07146035164814304
-0.011998951366312257	0.07147417793040427
-0.011714254864039281	0.07150096860906294
-0.011145028465668247	0.0715511075904242
-0.011002759960749729	0.07156292626379528
-0.010860507850240229	0.07157445888645332
-0.010576055117401164	0.07159666674464031
-0.010433855645002018	0.07160734236542272
-0.01029167486686985	0.07161773270598973
-0.01000737168203383	0.07163765832897828
-0.009865250417083403	0.07164719400535269
-0.009723150129904101	0.07165644518940834
-0.009439014761071155	0.07167409488026179
-0.00887102069329948	0.07170598921018762
-0.008729083105494374	0.07171325459774669
-0.00858717101305987	0.07172023711980814
-0.008303425553435651	0.07173335440065767
-0.008161593303213886	0.07173948957862154
-0.008019788782296372	0.07174534272943038
-0.007736265150852053	0.07175620379912798
-0.007594547148954415	0.07176121214531013
-0.0074528590936172754	0.07176593931891515
-0.0073112015365405965	0.07177038553609046
-0.007169575028376672	0.07177455101397572
-0.007027980118729044	0.07177843597069825
-0.006886417356151477	0.07178204062536875
-0.0067448872881470424	0.07178536519807653
-0.006603390461167126	0.07178840990988532
-0.006464709999175598	0.07179112328244332
-0.006326062520227664	0.07179356812029578
-0.006187448536206565	0.0717957446344168
-0.006048868558020815	0.071797653036664
-0.005910323095603404	0.07179929353977457
-0.005771812657911037	0.07180066635736129
-0.005633337752923324	0.07180177170390835
-0.0054948988876420985	0.07180260979476755
-0.005356496568090592	0.07180318084615415
-0.005218131299312756	0.07180348507514293
-0.005079803585372605	0.07180352269966427
-0.004941513929353451	0.07180329393849998
-0.004803262833357269	0.07180279901127948
-0.00466505079850401	0.07180203813847581
-0.004526878324930982	0.07180101154140157
-0.0043887459117921915	0.07179971944220505
-0.004250654057257743	0.07179816206386619
-0.0041126032585132415	0.07179633963019273
-0.003974594011759185	0.07179425236581614
-0.0038366268122104227	0.07179190049618776
-0.0036987021540955474	0.0717892842475749
-0.0035608205306563744	0.07178640384705674
-0.0034229824341474556	0.07178325952252063
-0.0032851883558355083	0.071779851502658
-0.0031474387859989268	0.07177618001696048
-0.003009734213927309	0.07177224529571608
-0.0027344620152904863	0.07176358707169679
-0.0025968953623562597	0.07175886403344435
-0.0024593756544480758	0.0717538786886822
-0.002184479010073464	0.07174312201724654
-0.002047103039309873	0.07173735116131048
-0.001909775944977223	0.071731318940332
-0.0016352703060949342	0.07171847135312528
-0.0014980927193077704	0.071711656463726
-0.0013609659244758633	0.07170458116293446
-0.0010868666152724644	0.07168965028906613
-0.0009498950507126188	0.07168179519878692
-0.0008129761777307778	0.07167368066270305
-0.0005392983951817177	0.07165667422678232
7.40415123722065e-6	0.07161955875605874
0.00014394101118866533	0.07160963495032983
0.0002804214280878089	0.07159945366480984
0.0005532110759187823	0.07157831965087032
0.0010980926858571768	0.07153297286552811
0.0012341650525607671	0.07152099623067511
0.0013701772885099832	0.07150876412689015
0.0016420195432389898	0.07148353453085363
0.0021849624655237137	0.07143002095038178
0.0023320630656160856	0.07141480483220836
0.0024790885664716096	0.07139929041029992
0.002772911981022966	0.07136736798319675
0.003359632512720312	0.0712999581404454
0.0035061163604761404	0.07128236493073206
0.003652520566017551	0.07126447609578714
0.003945087805209055	0.07122781290574219
0.004529241956577479	0.07115095398056716
0.004675073017501622	0.07113100529858009
0.004820819981589515	0.07111076372399033
0.005112059418144809	0.0710694032787947
0.005693504994121533	0.07098318292127434
0.006852141468046483	0.07079682272511816
0.006996561675618059	0.07077222962869094
0.0071408891414623645	0.070747349256484
0.0074292637347874255	0.0706967281150267
0.008004876852339464	0.07059205429581313
0.00915144223336599	0.07036906151084017
0.011425015249292994	0.06986915227314328
0.011556767439345	0.06983780430393688
0.011688424771916704	0.06980621644203432
0.011951453288367471	0.06974232226831846
0.012476354749556239	0.06961166874219125
0.013521448419588558	0.06933897028964889
0.015592116552976617	0.06874856758687398
0.015720642728078788	0.06870969729357541
0.015849061926867112	0.06867059712543379
0.01610557794740778	0.06859170844106519
0.016617310398791683	0.06843118663328485
0.017635497114018697	0.0680992371530262
0.019650132248998694	0.06739229386977189
0.019785544467551538	0.06734234940667308
0.019920817905004388	0.06729214704760508
0.02019094675064588	0.06719097031364446
0.02072952059625092	0.0669855405052364
0.021799840167506412	0.06656246957205345
0.023912442234855745	0.0656682386996776
0.024043210652609864	0.06561025035992214
0.024173827429961308	0.06555201764284625
0.02443460454086484	0.06543482078344082
0.024954322398799314	0.06519751332227636
0.02598632898589966	0.06471133926640357
0.028019972653061397	0.06369352370015581
0.028143408027874635	0.0636291293778888
0.02826668609795047	0.06356451276940586
0.02851276902942499	0.06343461432810985
0.029003033057195527	0.06317216799407438
0.029975882674317327	0.06263676916503025
0.03189031369131333	0.06152468105419311
0.03200855998347516	0.06145337663687024
0.032126639135284144	0.06138186304577335
0.03236229485825029	0.061238209984767596
0.032831587921319696	0.06094841184637832
0.03376203688148267	0.060358939508650344
0.035589890436933835	0.059141226666352534
0.035695055846650496	0.05906868123030038
0.035800068253818484	0.05899596526972589
0.03600963322163266	0.05885002310654459
0.03642691793908075	0.05855610713105474
0.03725406044080799	0.05796022310606544
0.038878278636675784	0.056736842365264044
0.03897844735240397	0.05665900506585276
0.03907845669638461	0.05658100787353144
0.03927799651874897	0.056424535135433364
0.03967515548580784	0.05610968551851056
0.040461749540726615	0.055472443846332924
0.042003721514140877	0.054168382699788076
0.04210672855691347	0.054078581520473845
0.04220954141477366	0.053988604708671534
0.04241458372354411	0.05380812586493694
0.04282232879535458	0.053445079030667655
0.0436284141197325	0.05271072252715867
0.045202603522122395	0.05120970622224835
0.048196333421817505	0.04808441038585004
0.04828051470682101	0.04799088842556478
0.04836451635079636	0.04789723653894434
0.04853198018461567	0.04770954431592522
0.04886474634839876	0.04733261536715116
0.04952160360783177	0.046572653705378296
0.05080039244208379	0.045028907278809115
0.05087876190817475	0.044931391778729374
0.05095694773957041	0.04483375691288273
0.05111276803297686	0.044638130393665494
0.05142219991250408	0.04424545936477493
0.05203220341080627	0.04345451848972373
0.053216572295266835	0.04185082448947056
0.053295055456879	0.04174119059460377
0.053373318899151284	0.0416314287920854
0.053529186110171205	0.041411523104321335
0.053838278263815945	0.04097019486696245
0.054445865411360955	0.040081562509608676
0.055618434345624614	0.03828112377008977
0.05568982546097071	0.03816759913590505
0.05576099302250153	0.038053959606598194
0.0559026570431844	0.03782633747417668
0.05618329761929763	0.03736973218250843
0.056733804921606394	0.0364511674519071
0.057791539377459226	0.03459333810030792
0.05785455808284861	0.03447846679584658
0.05791735815332071	0.034363497058033786
0.058042302035596155	0.03413326378078235
0.05828956231375711	0.03367163249751948
0.05877355369231363	0.032743794669855025
0.059699271862009566	0.030870484539451123
0.059755252537858544	0.03075264821064916
0.059811011964845395	0.03063472533928093
0.059921866774308344	0.030398621442181906
0.060140918152859796	0.029925391333284087
0.06056837179331094	0.028974924120851554
0.06138055875338754	0.027058617344491727
0.061426152762018876	0.026946275793177835
0.061471552315451386	0.026833869081372946
0.061561767855648306	0.02660886135364092
0.0617398632776921	0.026158076915793367
0.06208670059009968	0.02525349787423885
0.0627428775971586	0.02343282352523482
0.0627822254478111	0.02331854220783421
0.0628213773689851	0.023204205086563675
0.06289909325649355	0.022975364593763422
0.06305217206176063	0.02251702673001297
0.0633489088047992	0.021597788375778016
0.06390463028967484	0.01974957873217448
0.06394046378857283	0.01962389134945981
0.06397606554713389	0.019498149254015204
0.06404657367176195	0.019246502387044732
0.06418480716896473	0.01874256817571869
0.06445013397074319	0.017732219543883068
0.06448225465186364	0.017605700547764554
0.0645141429442431	0.0174791326715074
0.06457722221184094	0.017225851732096724
0.06470059043936817	0.016718719273237037
0.06493615761257988	0.015702253271653043
0.06496455571071748	0.015574995732888897
0.06499272085235333	0.015447695113752857
0.06504835213489642	0.015192966080147972
0.06515681779537084	0.014683006945761365
0.06536255453541379	0.013661165228999298
0.06572919795482897	0.0116104331627868
0.06574874552715824	0.011490498140981489
0.0657680892364545	0.011370535582117517
0.06580616498942031	0.01113052901957276
0.06587986930913772	0.01065019827614368
0.06601748519288413	0.009688331551312324
0.06603376877383547	0.009567990894246795
0.06604984821031445	0.009447627358422386
0.06608139458687567	0.009206832813042501
0.06614203692523736	0.008724981962186998
0.06625351668400435	0.007760298255663856
0.06626653217421369	0.007639626387385925
0.06627934329210652	0.007518936284635319
0.06630435236119357	0.007277502535135101
0.06635191749576928	0.006794428973688952
0.06636329766920776	0.006673619343492012
0.06637447337613583	0.006552793796574453
0.06639621134722823	0.006311096110694917
0.06643723322706936	0.005827522475503509
0.06644697737571413	0.005706593616561086
0.06645651697664177	0.005585651156189503
0.06647498249857474	0.005343726588150533
0.06650945857660671	0.004859726960063847
0.0665175660959596	0.004738697387098195
0.06652546899927235	0.004617656525887162
0.06654066092742117	0.004375542094771896
0.06656858906849701	0.0038911904886141167
0.06657493436471423	0.0037724571205051353
0.06658108294902708	0.0036537151192331
0.06659278995931871	0.0034162063057427907
0.06659834837444571	0.003297440037747818
0.06660371005596463	0.0031786662250376362
0.06661384319849106	0.0029410970537198347
0.06661861465011268	0.0028223022391944542
0.06662318934935434	0.0027035009681196424
0.06663174847393825	0.0024658801443156048
0.06663573289135766	0.002347061135547833
0.06663952054055124	0.0022282367581547826
0.06664650552042402	0.0019905729852731234
0.06664970284464093	0.001871734133645488
0.06665270338770733	0.0017528910011158215
0.06665550714684797	0.0016340438595882632
0.06665811411946991	0.0015151929809575986
0.06666052430316238	0.0013963386371098636
0.06666273769569683	0.001277481099922983
0.06666475429502676	0.0011586206412674042
0.06666657409928783	0.0010397575330067079
0.0666681971067977	0.0009208920469983256
0.06666962331605608	0.0008020244550941217
0.06667085272574465	0.0006831550291409734
0.06667188533472705	0.0005642840409814908
0.06667272114204888	0.00044541176245462596
0.06667336014693764	0.0003265384653963083
0.06667380234880278	0.0002076644216400824
0.06667404774723559	0.00008878990301771626
0.0666740963420093	-0.000030084818640079074
0.06667394813307896	-0.000148959471503068
0.06667360312058157	-0.000267833783740909
0.06667306130483598	-0.0003867074835224353
0.06667232268634295	-0.0005055802990150457
0.06667138726578511	-0.0006244519583840678
0.06667025504402707	-0.0007433221897921222
0.0666689260221153	-0.0008621907213985123
0.06666740020127825	-0.0009810572813585057
0.06666567758292634	-0.001099921597822754
0.06666375816865201	-0.0012187833989367085
0.06666164196022975	-0.001337642412839906
0.06665932895961604	-0.0014564983676653544
0.06665681916894957	-0.001575350991538902
0.06665120922692352	-0.0018130451588940833
0.0666481090807522	-0.0019318861585858782
0.06664481215490455	-0.0020507227397447937
0.06663762797656213	-0.0022883815587750886
0.06663374073071436	-0.0024072032527739018
0.06662965671848435	-0.0025260194404934594
0.06662089841017987	-0.0027636342092124517
0.06661622412221321	-0.002882432246236267
0.06661135308408017	-0.003001223689028295
0.06660102077554209	-0.003238785703800662
0.06657799536722141	-0.003713818632349348
0.06657120799208	-0.0038426310330522393
0.06656418910998504	-0.0039714330840483255
0.06654945685583764	-0.004229004746880212
0.06651721461830469	-0.0047440085839256605
0.06650857541634705	-0.004872728455188982
0.06649970477587323	-0.005001435195848583
0.06648126921845161	-0.005258807894262604
0.066441621285597	-0.005773380419687668
0.06643113086160388	-0.005901985506584886
0.06642040908391897	-0.006030574679676033
0.06639827151477641	-0.0062877038920498484
0.06635122066699335	-0.006801756032285871
0.06624601911606219	-0.007828957139797742
0.06623182858944197	-0.007957265808792652
0.06621740692845342	-0.008085552988732845
0.06618787026734642	-0.008342061485746323
0.06612602405119854	-0.008854805255007769
0.06599124396627715	-0.009879121654908441
0.06597335734920386	-0.010007044594773005
0.06595523988440874	-0.010134940455362628
0.06591831249266715	-0.010390649538754957
0.06584168844280544	-0.010901727350456514
0.0656773681635762	-0.011922443056619126
0.06565723920946202	-0.012041377709223389
0.0656369095287064	-0.01216028391555719
0.06559564806722505	-0.012398009847511217
0.06551071731587138	-0.012873107791464581
0.06533122924973207	-0.01382182396429135
0.06530789118026811	-0.013940269182873671
0.06528435272862113	-0.014058681379459549
0.06523667477240482	-0.014295405560145554
0.06513891531585421	-0.01476844504176231
0.06493378775083725	-0.0157128241807824
0.06490724649115115	-0.01583070661069652
0.06488050524923193	-0.01594855142337538
0.06482642292644684	-0.016184127045313464
0.0647158596919709	-0.01665481420864188
0.06448514519300994	-0.01759426760348811
0.06398541777370619	-0.01946497254632965
0.0639497228166728	-0.019591273201540502
0.06391379409762175	-0.019717518765054336
0.06384123554884233	-0.01996984313510355
0.06369331525502206	-0.020473814465949137
0.06338627213876434	-0.021478964315886865
0.06272746248288762	-0.02347742532127861
0.06268431054338305	-0.023601778561949855
0.06264092641326668	-0.02372606478152138
0.0625534618014812	-0.023974434655446693
0.06237574873435633	-0.024470353619519738
0.062009200040395965	-0.025458824085291876
0.06123172003990878	-0.027421618188906795
0.06118209208550145	-0.027541412783971462
0.0611322422168313	-0.027661131126203872
0.0610318769919479	-0.027900337609359286
0.060828486399978496	-0.028377819660874864
0.06041107943304416	-0.029328979078844908
0.059533885910582486	-0.031215428535368878
0.05947719022401654	-0.03133260326314591
0.05942027485592519	-0.031449690107370136
0.05930578538136995	-0.03168359867887412
0.059074173645763235	-0.03215034507940516
0.05860043672175303	-0.033079472551500795
0.05761105644168441	-0.03491960469399061
0.05755166245688442	-0.03502610569549041
0.057492079665802436	-0.03513251997530342
0.05737234795897877	-0.03534508715977663
0.05713062212579636	-0.035769167548941515
0.05663813771405589	-0.03661304444650536
0.05561717826258152	-0.03828311696121302
0.055551780700084714	-0.03838669207666041
0.05548619686229884	-0.03849017071477637
0.05535447070241397	-0.038696837329192116
0.05508878685810729	-0.0391089992932865
0.054548512703824506	-0.03992856909183654
0.053432500985330485	-0.04154813750872196
0.053355155823642836	-0.04165694075813146
0.053277595048546136	-0.041765618855541566
0.053121827160641184	-0.04198259800034687
0.052807709584883046	-0.04241503691976366
0.05216917614529627	-0.043273747736894186
0.050851155643588254	-0.044965782094783316
0.048053353515919335	-0.04824250310913579
0.04796853823845204	-0.04833583907317019
0.04788354317779499	-0.04842904341441197
0.047713014252116194	-0.04861505588915287
0.04736980503060975	-0.048985486624029656
0.04667481235285277	-0.049719896046353254
0.04525078763394375	-0.051162303313110634
0.042268767333966825	-0.05393661596387291
0.04217463705997868	-0.05401919004470793
0.04208034351438938	-0.054101616792669976
0.041891267266773224	-0.054266026997870434
0.04151116278821778	-0.05459306519542116
0.04074318354927964	-0.055239940263361834
0.039176453475145624	-0.056504304138877866
0.03907718311903206	-0.05658200292237447
0.0389777550601481	-0.056659543994519314
0.03877842657271271	-0.05681415170238154
0.038377885326276936	-0.0571214602522243
0.037569307957091846	-0.0577283768763422
0.0359225203709283	-0.05891082340617248
0.03580942195482328	-0.05898947487393176
0.0356961452145362	-0.059067928314075376
0.035469057816264714	-0.059224239439789134
0.03501275478746548	-0.05953446696878431
0.03409169613419963	-0.06014524947836054
0.03221626450559781	-0.0613273747928721
0.03209759530316083	-0.06139948196751951
0.03197875670137692	-0.06147137773184538
0.03174057248374724	-0.06161453335697926
0.03126218433880067	-0.061898289287053036
0.03029739686931403	-0.062455486250053434
0.028336332859643567	-0.06352787238100781
0.028220701719651502	-0.06358865125936145
0.028104931794701953	-0.0636492345002745
0.02787297666356714	-0.06376981271831662
0.02740741283930581	-0.06400860664379368
0.026469732162910854	-0.06447666888535775
0.024568660049481075	-0.06537408779305785
0.024448725070382843	-0.06542843916618561
0.02432866031605408	-0.06548258414077195
0.024088142666738237	-0.06559025355762825
0.023605563150865875	-0.06580310091377224
0.02263429476948386	-0.06621875506363324
0.020667872978545113	-0.06700930623905947
0.02053351330588177	-0.06706087761447307
0.02039901281813664	-0.06711219393496778
0.020129591057186078	-0.06721405973902347
0.019589076084602378	-0.06741471231198379
0.018501454961066584	-0.06780360809574436
0.016300622671154258	-0.06853102121732736
0.016161969062452087	-0.06857422514721459
0.01602318855845174	-0.06861716081782443
0.01574524869387776	-0.06870222575734729
0.015187866419518045	-0.06886911868772876
0.01406719588028755	-0.0691898664082699
0.011803082755154867	-0.06977849312807413
0.011670041395209208	-0.06981064284325164
0.011536902704603424	-0.06984254755838797
0.011270334963680082	-0.06990562071998149
0.010736049528414766	-0.07002881311394017
0.009662971623036861	-0.07026331173883832
0.009528422505209267	-0.07029150364135049
0.009393782709501575	-0.07031944552371272
0.009124232785110287	-0.07037457798994484
0.00858406356930596	-0.07048182909067953
0.007499544293867753	-0.07068420730096399
0.007363595920763425	-0.070708362014575
0.007227563797483473	-0.07073226181659582
0.006955250070165463	-0.07077929548201745
0.006409637141640794	-0.07087029066327356
0.005314569894875065	-0.07103992575433747
0.005177335187692438	-0.07105996607324329
0.005040023935476327	-0.07107974673279885
0.0047651736353452505	-0.07111852790804292
0.004214574789226515	-0.07119296155762628
0.003109888526715915	-0.07132924958942519
0.0029741986226326698	-0.07134479253511186
0.0028384423299031057	-0.07136008149675516
0.002566732377629739	-0.07138989640883445
0.0020225356563442257	-0.0714464668105022
0.0018863272865289613	-0.07145997050177268
0.0017500561526178943	-0.07147321810761381
0.001477327424006283	-0.07149894402475748
0.0009311370007714511	-0.07154731145067393
0.000794439388253286	-0.0715587592236795
0.0006576827009414697	-0.07156994885229494
0.0003839939658098295	-0.07159155265988479
-0.000164071842739822	-0.07163165140042847
-0.0003012289569432494	-0.07164102693741811
-0.0004384413919031776	-0.07165014231540097
-0.0007130303278683446	-0.07166759160062373
-0.0012628511338477742	-0.07169935737297428
-0.0014004374910459654	-0.07170664471775037
-0.0015380753502977314	-0.07171366993519555
-0.00181350364643719	-0.07172693301810174
-0.0019512931165422986	-0.07173317040046603
-0.002089132155136268	-0.07173914468931385
-0.0023649569931437	-0.07175030302870689
-0.0025029418177165467	-0.07175548660231375
-0.002640974261097959	-0.07176040612853522
-0.0027790538333525424	-0.07176506137085799
-0.0029171800435395727	-0.07176945209355814
-0.0030553523997134406	-0.07177357806170523
-0.0031935704089240914	-0.07177743904116603
-0.003470141409635989	-0.07178436510150679
-0.0036084934102191472	-0.07178742971814285
-0.003746889082003708	-0.07179022841761283
-0.003885327927024662	-0.07179276096982984
-0.004023809446315327	-0.07179502714552825
-0.004162333139908141	-0.07179702671626757
-0.004300898506835164	-0.07179875945443659
-0.004439505045128642	-0.07180022513325722
-0.004578152251821616	-0.07180142352678874
-0.004716839622948499	-0.0718023544099316
-0.00485556665354572	-0.07180301755843155
-0.004994332837652275	-0.07180341274888372
-0.005133137668310644	-0.07180353975873648
-0.005271980637567065	-0.07180339836629572
-0.005410861236472401	-0.07180298835072871
-0.005549778955083042	-0.07180230949206828
-0.00568873328246121	-0.07180136157121678
-0.005839497708723067	-0.0718000288973847
-0.005990303950837646	-0.07179837911841387
-0.006141151352772041	-0.07179641195819003
-0.006292039257121681	-0.07179412714182609
-0.006442967005111366	-0.0717915243956685
-0.00659393393659683	-0.07178860344730313
-0.006744939390065801	-0.07178536402556168
-0.006895982702639078	-0.07178180586052768
-0.007047063210072181	-0.07177792868354271
-0.007198180246756495	-0.07177373222721257
-0.007349333145720413	-0.07176921622541353
-0.007500521238631075	-0.07176438041329838
-0.007651743855795587	-0.07175922452730281
-0.007803000326162222	-0.07175374830515145
-0.008105612135511317	-0.07174183380976247
-0.008256966125610598	-0.07173539501847526
-0.008408351271148652	-0.07172863485494557
-0.00871121231590167	-0.07171414938953782
-0.008862686855424415	-0.0717064235801716
-0.009014189831004946	-0.0716983753835991
-0.00931727835615222	-0.07168131082861266
-0.009468862535269533	-0.07167229397347237
-0.009620472409549437	-0.07166295373768576
-0.009923766487970201	-0.07164330214575099
-0.010530632600159087	-0.07160010770892512
-0.010682402985857571	-0.07158849702755572
-0.01083419352083412	-0.07157656104484235
-0.01113783224046949	-0.07155171224177355
-0.011745320617563672	-0.0714981008300825
-0.01189723254585564	-0.07148388127307397
-0.012049158992901507	-0.07146933458496763
-0.01235305260309471	-0.0714392589282892
-0.012960982733901479	-0.07137517236600514
-0.013112990867395011	-0.07135832962289143
-0.013265007805561292	-0.0713411580131288
-0.013569065214321113	-0.07130582735455739
-0.01417725391862054	-0.07123121049354598
-0.015393763861005095	-0.07106610960203799
-0.01553568438986662	-0.07104546681667159
-0.01567760246242606	-0.07102453481279997
-0.01596142883070255	-0.07098180254893408
-0.01652902555171021	-0.07089286086204874
-0.01766385888267644	-0.07070103683042167
-0.017805667377413344	-0.0706757491952347
-0.01794746367607866	-0.07065017008528515
-0.018231017218081336	-0.0705981369219923
-0.01879795076041448	-0.07049056726176975
-0.019930984363665628	-0.07026138724378143
-0.02007252323249303	-0.07023142114244185
-0.02021403993316572	-0.07020116164456805
-0.020497004306243242	-0.07013976202629066
-0.02106263922448173	-0.07001343734689339
-0.0221925913148486	-0.06974666377365077
-0.02444607383097182	-0.06915645946122126
-0.024598340365886304	-0.06911374787598176
-0.024750556615372295	-0.06907068849257275
-0.025054834912728426	-0.06898352601850455
-0.02566275122499956	-0.06880502417061123
-0.026875834046252236	-0.06843129810398148
-0.029289477694956056	-0.06761686756511699
-0.02943971537856735	-0.06756299809007894
-0.029589875527501346	-0.06750877937623144
-0.02988995975249886	-0.06739929420235112
-0.03048915958089967	-0.06717613279151277
-0.03168348940421979	-0.06671304705691011
-0.034054296197239535	-0.0657198666166993
-0.03419893454698351	-0.06565601769924372
-0.03434347105341698	-0.06559183304454783
-0.0346322351615846	-0.06546245678689297
-0.03520850410254313	-0.06519967845335731
-0.03635581515094889	-0.06465803628502122
-0.03862800498316357	-0.06351058409974325
-0.03876896322886228	-0.06343603569557241
-0.038909792375677814	-0.06336115482236865
-0.03919105993564136	-0.06321039624016994
-0.039752008041846525	-0.06290489587096079
-0.040867363289543934	-0.062277997519786785
-0.04307036288713922	-0.06096092596328466
-0.043197605842329664	-0.06088154788209363
-0.04332471246293661	-0.06080188552908064
-0.04357851388612437	-0.060641708734931514
-0.04408444975668735	-0.06031795199628115
-0.04508949592509016	-0.05965686920232885
-0.047071024509963505	-0.058280799499447075
-0.04719355565956668	-0.05819242454646404
-0.04731592795597003	-0.05810377211571677
-0.04756019317839543	-0.05792563580561881
-0.048046786474162384	-0.057566044398344035
-0.04901206726592296	-0.0568336442163288
-0.05090975079070433	-0.05531646431202635
-0.05103671440844125	-0.05521114231526687
-0.05116346487222149	-0.055105504559207846
-0.05141632279470144	-0.054893283363263594
-0.05191944184534756	-0.054465069556133255
-0.05291509503392478	-0.053593649268024714
-0.054862488096695666	-0.05179162079939795
-0.05498219423047806	-0.0516764061539146
-0.05510165916197202	-0.05156088991386679
-0.055339861960830954	-0.051328954614992366
-0.05581333514962804	-0.0508614866590792
-0.05674835942960131	-0.04991227508751851
-0.05856919297632115	-0.04795769843476088
-0.058673356538347494	-0.04784137371023987
-0.058777286221975214	-0.04772480101489809
-0.05898444124807504	-0.047490913610732106
-0.05939591504635673	-0.04702018416338757
-0.06020736732146428	-0.04606701585905597
-0.061783101767536895	-0.04411474388140933
-0.06187945046667955	-0.04399073005630675
-0.06197554413362547	-0.043866484508651916
-0.06216696380043896	-0.04361730042041612
-0.06254671453961565	-0.04311617561395587
-0.06329371926247486	-0.04210302398686905
-0.06473661985457997	-0.040034136842111816
-0.06482276996202876	-0.03990556803846718
-0.06490865581302431	-0.0397767942238802
-0.06507963248315189	-0.039518633860849244
-0.06541838993411601	-0.03899987839655225
-0.06608299633919888	-0.03795275964932111
-0.06735959472984686	-0.0358211645618848
-0.06743701484321044	-0.03568632938529769
-0.06751415329215099	-0.035551308483146436
-0.06766758312092298	-0.035280712032757795
-0.06797104005969369	-0.03473731835929961
-0.06856422887029331	-0.033641871864219186
-0.06969481481183529	-0.03141751662122003
-0.06976874817023364	-0.03126512136708181
-0.06984233132861901	-0.031112532367270698
-0.06998844467060189	-0.030806776636602244
-0.07027644297173186	-0.03019297891551109
-0.07083539629247548	-0.028956437566853906
-0.07188412650537616	-0.02644919266419629
-0.07194657134292419	-0.026291042614790688
-0.07200864824099565	-0.02613272789781825
-0.07213169618066448	-0.025815608231024613
-0.07237335452380364	-0.025179434461556675
-0.07283881054584522	-0.0238995627151659
-0.0736974342751571	-0.02131145499445663
-0.07374450549597801	-0.021159412553723455
-0.07379124338582596	-0.021007253703931753
-0.07388371781779005	-0.02070259002186003
-0.07406465193606229	-0.020091901507310234
-0.07441038830008037	-0.01886526309281981
-0.07445208680793394	-0.018711456069195817
-0.07449344683490865	-0.018557545749988438
-0.07457515024092402	-0.01824941854234812
-0.07473448215742574	-0.017631961132384858
-0.07503678198936975	-0.016392421462526757
-0.07507302991149165	-0.016237061788223525
-0.07510893480961685	-0.016081612208106746
-0.07517971448280861	-0.015770446712419686
-0.07531714611660872	-0.01514707410517471
-0.07557544283859136	-0.013896352992159786
-0.07560617214759302	-0.01373965676581685
-0.07563655451410213	-0.013582884265565713
-0.07569627752694806	-0.013269113881057249
-0.07581155056354649	-0.01264069568427294
-0.0760253579289695	-0.011380543085255915
-0.07605341330344505	-0.011204371941442531
-0.07608103223033302	-0.011028123121201284
-0.07613495972768976	-0.010675397299188335
-0.0762375664236542	-0.009969066919216597
-0.07626212331664176	-0.009792308346835782
-0.0762862418381853	-0.009615481819013397
-0.07633316288085151	-0.009261629775346525
-0.07642173498643386	-0.008553163932817822
-0.07644277890182047	-0.008375895907364954
-0.07646338277796672	-0.008198569705240685
-0.0765032696551238	-0.007843747675740443
-0.07657775483330514	-0.007133459490634155
-0.07659527333096341	-0.006955760421175973
-0.07661235037972994	-0.006778013003382893
-0.07664517950279581	-0.006422378049878514
-0.07670553368430011	-0.005710582195080451
-0.07671951639565355	-0.005532530858199139
-0.07673305650837475	-0.005354441042580605
-0.0767588084405383	-0.0049981509203668026
-0.07677102002150828	-0.00481995308761598
-0.07678278852690602	-0.004641721723783922
-0.0768049958790521	-0.004285163355609083
-0.07681543452007511	-0.004106838828695038
-0.0768254296740793	-0.003928485725524224
-0.07684408915468377	-0.0035716987495879276
-0.07685275330837046	-0.0033932673573073093
-0.07686097362921454	-0.0032148123497066144
-0.07687608247172785	-0.002857836453104697
-0.07688297085334964	-0.0026793180471149287
-0.07688941512203656	-0.0025007809917949
-0.07689541521804691	-0.0023222265293071954
-0.07690097108575399	-0.002143655902047368
-0.0769060826736472	-0.001965070352627261
-0.07691074993433304	-0.0017864711238583133
-0.07691497282453606	-0.001607859458735167
-0.07691875130509976	-0.001429236600418894
-0.07692208534098727	-0.001250603792220215
-0.07692497490128206	-0.001071962277583017
-0.07692741995918859	-0.0008933133000678619
-0.07692942049203283	-0.0007146581033351985
-0.07693097648126271	-0.0005359979311285721
-0.07693208791244842	-0.000357334027258124
-0.07693275477528279	-0.0001786676355840936
-0.07693297706358142	-2.0292804050351807e-17