1.179016990265822	0.
1.179016458066	0.00040672777174853347
1.1790148614735159	0.0008134521204253
1.1790122005093149	0.001220169623029638
1.179008475208305	0.001626876856703091
1.179003685619356	0.0020335703988005062
1.1789978318052976	0.002440246826961117
1.1789909138429175	0.002846902719179618
1.1789829318229599	0.003253534653877224
1.1789738858501213	0.003660139209972709
1.1789637760430485	0.004066712966953421
1.1789526025343333	0.004473252504946278
1.1789403654705102	0.00487975440478873
1.178927065012051	0.005286215248099694
1.1789127013333591	0.0056926316173504495
1.1788807850825211	0.006505317268243418
1.1788632329287925	0.006911579719727567
1.1788446183916539	0.007317784036976887
1.1788042031569392	0.008130004621228619
1.178782402988984	0.008536014067722544
1.178759541496844	0.00894195173910576
1.178710635751858	0.009753598131402185
1.1786845921395723	0.010159300043713742
1.1786574884842018	0.010564916563851837
1.1786001024775075	0.011375879829377697
1.1784726264864818	0.012996632180755379
1.1784381132388098	0.013401555863107066
1.1784025431732155	0.013806367008570245
1.178328234462211	0.014615638157848566
1.1781669566056883	0.016232681311055926
1.1781240026031745	0.016636610103728376
1.1780799958863195	0.01704039936374619
1.1779888266204657	0.01784754583982997
1.1777938816959295	0.019460016663192997
1.1777425228190879	0.019862735221946863
1.1776901162017603	0.020265287436538517
1.1775821624888756	0.021069879489752107
1.1773537131033984	0.02267692088716548
1.1768468173177211	0.02588169037302351
1.1767730141536035	0.026314956269848228
1.1766979943753642	0.026747964127136942
1.176544309561638	0.02761318905136497
1.1762223920065589	0.0293403593941049
1.1755206449633608	0.03278065692691479
1.1754275229872182	0.033209297548873834
1.1753332048007337	0.0336376142278363
1.1751409855116135	0.0344932595348723
1.1747422562364778	0.03620048483368699
1.1738879769524193	0.03959777614149272
1.173775896108342	0.04002075131324264
1.1736626438856994	0.040443338608685514
1.173432632097416	0.041287333891662496
1.1729586276112596	0.04297049799278014
1.1719550962379544	0.04631665448811054
1.1697293650805844	0.052921488842416986
1.1695906041912802	0.053303089242719835
1.169450875973771	0.05368424658151003
1.1691685246784438	0.054445220394434404
1.1685922931196666	0.05596172329872565
1.167394126816161	0.05897230771309962
1.1648184208478587	0.06489877620475558
1.1646496392587256	0.0652647947273022
1.1644799523470362	0.06563028128878257
1.1641378709547032	0.06635964807004967
1.1634429371875787	0.06781188362964191
1.1620104674458036	0.07068979034140416
1.1589790859026352	0.07633490881370773
1.1587862828393982	0.0766758426806718
1.1585926781071172	0.07701618982046597
1.1582030725229795	0.07769511535350636
1.1574143394524128	0.07904583205657555
1.1557992916043325	0.08171826172712723
1.1524229962558512	0.0869435170787918
1.152205671426453	0.08726466415214304
1.1519876189380256	0.08758516110066208
1.1515493405939503	0.08822419741306776
1.1506641579667571	0.08949438983429046
1.1488598329529283	0.09200286405444068
1.1451197512482056	0.09688919794178737
1.1448600331163905	0.09721405224240215
1.1445995518387135	0.09753807977393443
1.144076312738365	0.09818364711767481
1.1430208188258182	0.09946477989312899
1.1408744949757736	0.10198664225870264
1.1364463601743928	0.10686579337979128
1.1361638364984281	0.10716334522686474
1.1358806543684756	0.10746001839122722
1.1353123279885196	0.10805072319016944
1.1341679195181158	0.10922152913092072
1.1318488228329082	0.11152043853636749
1.1270954640641258	0.11594534233444692
1.1268136838935405	0.11619625636578308
1.126531422583206	0.11644637318731174
1.1259654673354762	0.11694421225674705
1.1248279018369878	0.11793029209318262
1.1225307541399088	0.11986390745830816
1.1178532028873711	0.12357589378572074
1.117557359553595	0.12380098328670813
1.1172611208599406	0.12402525716698752
1.1166674680067519	0.12447135645331339
1.1154755346129372	0.12535375040319616
1.1130737485717062	0.12707924231618412
1.1082031975581093	0.13037255287712612
1.1078702743844477	0.13058799972073368
1.1075369854169401	0.13080247907246603
1.1068693231639644	0.13122853481317515
1.1055297525722159	0.1320690317319986
1.1028343525159452	0.1337035559752264
1.097384252443432	0.1367867969145624
1.0970412198902852	0.13697128243705373
1.0966979235830876	0.13715480244193612
1.096010552090697	0.1375189469167706
1.0946327799450515	0.13823566146243366
1.0918658046494703	0.13962286384274925
1.0862915295112674	0.14221306901988712
1.0859479461179118	0.14236403956786778
1.085604200954422	0.1425140922382534
1.0849162362447513	0.14281144613650582
1.0835384854214074	0.14339516397575072
1.0807763016022451	0.14451877341359287
1.0804304542129315	0.14465512811828576
1.0800844879935474	0.14479057468149972
1.0793922095629438	0.14505874610278785
1.0780063418366395	0.1455842215980811
1.0752299418964475	0.14659186543089953
1.0748825044969323	0.1467137755367505
1.0745349894525047	0.14683478926491358
1.07383973647813	0.14707413078777043
1.0724484089305597	0.14754209289255307
1.0696630209303393	0.1484353214927485
1.0640856433200505	0.15005259058337844
1.0637603688048098	0.1501399788199121
1.0634350934577308	0.15022661215164096
1.0627845476650528	0.15039761735858767
1.061483527147304	0.1507306049894622
1.0588821773062507	0.15136067694446095
1.0585571083837921	0.15143608665043118
1.0582320675586427	0.1515107549616869
1.0575820772331883	0.15165787091612762
1.0562825107921556	0.15194324497514233
1.0536854212310731	0.152478763340159
1.0533610098235597	0.15254241816044423
1.0530366539817948	0.15260534607169668
1.0523881156623647	0.15272902491006124
1.051091778827438	0.15296770103407292
1.0485024303489698	0.1534105408108635
1.0481791049673523	0.1534626790711676
1.0478558611555389	0.1535141057607616
1.0472096245424443	0.15361482836760976
1.0459181991471376	0.15380777822799235
1.0433398852114315	0.15415992071198273
1.0429909061865705	0.15420420965088052
1.0426420520824968	0.15424768090158414
1.0419447262033097	0.15433217557793086
1.0405516562901749	0.15449141049057502
1.0402037292157498	0.15452919476033877
1.0398559419927158	0.1545661719049817
1.0391607944184333	0.15463771015984082
1.0377722575467299	0.15477116008442676
1.0374255001275197	0.15480252488424004
1.0370788969938713	0.154833093316738
1.036386160653849	0.15489184651223648
1.03604003096357	0.1549200339981712
1.0356940625910613	0.1549474305625845
1.03500261674727	0.15499985640143604
1.0346571427308386	0.15502488841950848
1.034311836941901	0.15504913500325468
1.0336217368723573	0.15509527738214107
1.0322436301221627	0.1551781977187395
1.0318995493346392	0.15519698497811843
1.0315556502291228	0.15521499789242565
1.030868403647814	0.15524870627285298
1.0305250594450814	0.15526440453775284
1.0301819034704993	0.15527933405507097
1.029496162669471	0.15530689246694213
1.0291535810561923	0.15531952417640557
1.0288111940974223	0.15533139276804003
1.0284690033811223	0.15534249965406788
1.0281270104878273	0.15535284624855758
1.027785216990657	0.15536243396739008
1.0274436244553287	0.15537126422822534
1.0271022344401708	0.1553793384504692
1.0267610484961336	0.15538665805524013
1.0264200681668032	0.15539322446533646
1.0260792949884148	0.15539903910520356
1.0257387304898642	0.1554041034009012
1.0253983761927228	0.15540841878007114
1.0250582336112488	0.1554119866719049
1.0247183042524022	0.1554148085071115
1.0243785896158573	0.15541688571788553
1.0240390911940165	0.15541821973787542
1.0236998104720239	0.15541881200215177
1.0233607489277792	0.1554186639471757
1.023021908031951	0.15541777701076784
1.0226832892479916	0.15541615263207678
1.02234489403215	0.15541379225154828
1.0220067238334873	0.15541069731089452
1.02166878009389	0.1554068692530631
1.0213310642480844	0.15540230952220677
1.0210159951678752	0.15539739367894287
1.0207011271025461	0.15539184260204314
1.0203864612025821	0.15538565746919553
1.0200719986130713	0.15537883945891456
1.019757740473718	0.15537138975052053
1.0194436879188509	0.15536330952411828
1.0188162040730826	0.1553452622415067
1.0185027750240623	0.1553352975492428
1.0181895560433114	0.15532470706682033
1.017563752711774	0.15530165346702757
1.0172511705603002	0.15528919271905303
1.0169388028757442	0.1552761109196711
1.0163147152478857	0.15524808891222108
1.0160029974616795	0.15523315107835226
1.015691498456606	0.15521759694143492
1.0150691610464129	0.15518464451272365
1.0147583247565304	0.15516724859929892
1.0144477114782768	0.15514924113952522
1.0138271581299938	0.1551113963426842
1.0135172201337055	0.1550915613875358
1.0132075092965522	0.15507111964983822
1.012588773190504	0.15502842059481098
1.0113540716008478	0.15493579356084194
1.011045979263114	0.1549111377372137
1.010738122133526	0.15488588467510725
1.01012311742693	0.1548335916124375
1.0088959734398053	0.15472189118249294
1.008589790018399	0.15469249089859363
1.0082838495312105	0.15466250293446204
1.0076727011279885	0.1546007687468681
1.0064533607099204	0.15447030080653207
1.0061491469007393	0.15443623255226915
1.005845183435119	0.15440158618121483
1.0052380111465762	0.15433056387011945
1.0040267101542069	0.15418163443689528
1.0016164786011026	0.153856503930855
1.0013222772791182	0.15381418392584056
1.0010283298849645	0.1537713266677393
1.0004411999980338	0.15368400488549638
0.9992700214158824	0.15350296369229202
0.9969401581550195	0.15311554198303337
0.996650110968271	0.1530647605466491
0.9963603296911	0.15301345978890069
0.9957815677153645	0.15290930477745712
0.9946272657991083	0.15269481201945587
0.9923317044810154	0.15224134509569745
0.9920459951982168	0.15218238827851735
0.9917605627568528	0.15212292994868182
0.9911905309925481	0.15200251318182548
0.9900538178789442	0.15175571019640513
0.9877939336119457	0.15123847363037257
0.9833294046475647	0.15011144529810583
0.9830293631365186	0.15003063486223114
0.9827296698502317	0.14994927541664357
0.9821313306569708	0.14978491501907001
0.9809388604518844	0.14944966678063726
0.9785708980639208	0.14875336800321884
0.9739039849885964	0.14726000108513018
0.9736153992513221	0.14716230015274842
0.9733271810981057	0.1470640936707261
0.9727518496634934	0.14686616938341035
0.9716056208802992	0.14646431269916443
0.9693310129139752	0.14563686289494002
0.9648540463483729	0.14388936142822342
0.9645959615718044	0.14378372581524435
0.9643382098282088	0.14367768630527397
0.9638237067467892	0.14346439973074274
0.9627987111974364	0.14303302523491662
0.9607648321442066	0.14215130057119318
0.9567620426287847	0.14031376581876756
0.9565147637175261	0.14019571111173054
0.9562678269736573	0.14007728485689316
0.9557749809569287	0.13983932164302865
0.9547934054526142	0.1393589798835676
0.9528467716999569	0.138380853568994
0.9490199509120721	0.1363565562223423
0.9487639117868596	0.13621620680972063
0.9485082824824319	0.13607545702776033
0.9479982541965775	0.13579276110573593
0.9469831247796165	0.1352226169500306
0.9449726190816183	0.1340635824233936
0.941030939478575	0.13167260166953548
0.9407881078456246	0.13152001826538243
0.9405456915771895	0.1313670713629623
0.9400621056533643	0.13106009151643175
0.939099923759339	0.13044181869768337
0.9371955458095631	0.1291882669250035
0.9334669108057551	0.12661507840886
0.9332416166460946	0.12645439985102974
0.9330167257291596	0.12629340418536913
0.932568153847751	0.12597046546178778
0.931675851361793	0.12532082584354368
0.9299106217196833	0.12400671529951213
0.9264577222619699	0.1213208791921981
0.9198622876141458	0.11573197203000707
0.9196762730060312	0.11556496864879641
0.9194906094279904	0.11539774042262022
0.9191203352319514	0.11506261218826137
0.9183839977190953	0.11438968777581819
0.9169281577946783	0.113033319366807
0.9140837399068633	0.11027970137105958
0.9086631627806846	0.10461819784105007
0.9084856862763967	0.10442288687766631
0.9083086184543178	0.10422735977720696
0.9079557084611052	0.10383566019722762
0.9072547882687444	0.10304970063873743
0.9058725240037356	0.10146770726807754
0.9031861068551961	0.0982647369453869
0.8981240537987976	0.09171297560455907
0.897982592613641	0.09151912617413129
0.897841480964408	0.09132512747126369
0.8975603058482188	0.09093668434106417
0.8970021453541601	0.0901580297624879
0.89590255921895	0.088593762923759
0.8937701310973112	0.08543830676569332
0.8936398013586734	0.08523993415591781
0.8935098176620856	0.0850414284177005
0.8932508879486828	0.08464401949394197
0.8927371761107308	0.08384762535839849
0.8917263176737958	0.0822486389826855
0.889770659911796	0.07902671505115154
0.8896413920016206	0.07880739675269957
0.8895125261466362	0.07858793974595348
0.8892560000260664	0.0781486118917003
0.888747766109643	0.07726831672756904
0.8877505393296975	0.0755012946273557
0.8858327926445954	0.07194251279393817
0.8857163192195538	0.0717190321753061
0.8856002432625298	0.07149543043275308
0.8853692831851447	0.07104786568274378
0.8849121264130005	0.07015130579810347
0.8840168348125791	0.06835258080741391
0.8823020890039032	0.0647336235396851
0.882200151821227	0.0645106578918788
0.8820985934720149	0.06428759113549078
0.8818966127600149	0.063841156141321
0.8814971916968152	0.06294709307773144
0.8807164825353246	0.0611542965614217
0.8792273716882731	0.05755082336448348
0.8791374946432343	0.05732484587902594
0.8790479924444675	0.05709878153449426
0.878870112106335	0.05664639398300341
0.8785188443293424	0.05574059538121067
0.8778342539356392	0.05392499901065923
0.8765366468021134	0.05027855610779054
0.8764639248365952	0.050065344435010505
0.8763915259138165	0.049852068700336344
0.8762476968431216	0.049425326346432985
0.8759639113439104	0.04857108717392103
0.8754118115029897	0.04685966305018728
0.8743693452223983	0.04342560043770966
0.8743069182505028	0.04321049724393204
0.874244811641733	0.04299534011041825
0.8741215591997334	0.04256486525209197
0.8738788952394908	0.041703281736305574
0.8734089138666761	0.03997764760459366
0.872530204699997	0.036517049030688115
0.8724736098681559	0.03628212145916632
0.8724173888619355	0.03604714177178715
0.8723060679829467	0.03557702753541388
0.872087908382954	0.03463618998433642
0.8716694992323024	0.0327521610213392
0.8716188755751275	0.03251644386237598
0.8715686244285838	0.032280680463664335
0.8714692393565762	0.03180901639635695
0.8712749359503369	0.030865149297831344
0.8709041793571516	0.028975339732547317
0.8708595068231119	0.0287389259406889
0.8708152056173571	0.028502471646392198
0.8707277169137041	0.028029442967427442
0.87055719242897	0.02708291514034818
0.8702339403338314	0.025188056365137386
0.869658512470067	0.021391750579957357
0.8696278565507485	0.021169972394395654
0.8695975226328057	0.020948168579645862
0.8695378206328809	0.02050448517327664
0.8694222788237997	0.01961682301338802
0.869206635106712	0.017840379177187834
0.8691811263930138	0.017618224111531227
0.8691559390581363	0.01739604783060854
0.8691065283844124	0.01695163271826504
0.8690115620625734	0.016062559946673962
0.8688370422218458	0.01428350528391996
0.8688166715887681	0.014061043522931973
0.8687966218237199	0.013838564904238718
0.8687574847854539	0.013393558176517427
0.8686830599152721	0.012503354329699302
0.8686652554623622	0.012280765278279085
0.8686477716645067	0.012058161530386663
0.8686137659359221	0.011612911022780828
0.8685496012859748	0.010722245495198695
0.8685343614091013	0.010499546408004988
0.8685194420028127	0.01027683477578104
0.8684905645182491	0.009831374949366057
0.8684366543000865	0.00894031655352535
0.8684239776236693	0.00871752461188192
0.8684116212620134	0.008494722268285577
0.8683878694136052	0.008049087444598221
0.8683442087559302	0.007157704731033211
0.8683342896776977	0.006939213698198572
0.8683246783355358	0.006720714715967908
0.8683063788075732	0.006283693908051753
0.8682976905968884	0.006065172584542529
0.868289310072507	0.00584664431599478
0.8682734720374741	0.005409567947352552
0.8682660145052759	0.0051910203488772025
0.8682588646162877	0.004972466808606671
0.8682454877294409	0.004535342905245074
0.8682392607133764	0.004316773043296394
0.8682333413041107	0.0040981982418422805
0.8682224252741609	0.0036610348221398675
0.8682174286386155	0.003442446704637565
0.8682127395801457	0.003223854649126898
0.8682083580923665	0.0030052589058770234
0.8682042841693116	0.002786659725120156
0.8682005178054325	0.002568057357054015
0.8681970589956001	0.0023494520518443475
0.8681939077351033	0.0021308440596274274
0.8681910640196502	0.0019122336305125176
0.8681885278453672	0.0016936210145845323
0.8681862992087995	0.001475006461906441
0.8681843781069115	0.00125639022252168
0.8681827645370861	0.001037772546456809
0.8681814584971251	0.000819153683723974
0.8681804599852495	0.0006005338843234121
0.868179769000099	0.00038191339824596073
0.8681793855407317	0.00016329247547551643
0.868179309606626	-0.00005532863400830453
0.8681795411976782	-0.00027394968022775986
0.8681800803142034	-0.0004925704132045739
0.8681809269569365	-0.0007111905829572767
0.8681820811270308	-0.0009298099394987472
0.8681835428260585	-0.0011484282328337028
0.8681853120560109	-0.001367045212956193
0.8681873888192982	-0.0015856606298471413
0.8681897731187495	-0.0018042742334716812
0.8681924649576124	-0.0020228857737767535
0.8681954643395536	-0.002241495000688696
0.8681987712686585	-0.002460101664110583
0.8682023857494315	-0.0026787055139197696
0.868206307786795	-0.002897306299965376
0.8682150745530774	-0.003334497680006185
0.8682199192939349	-0.003553087773535896
0.8682250716152592	-0.0037716738023659733
0.8682362990277875	-0.004208832664565411
0.8682423741342765	-0.004427404997143053
0.8682487568518021	-0.004645972263432658
0.8682624451551312	-0.005083090595022927
0.8682697507595636	-0.005301641159125316
0.86827736401229	-0.005520185654538048
0.8682935135044761	-0.00595725543624621
0.8683295047521136	-0.006831311138164336
0.8683401147791485	-0.007068345509055581
0.8683510869913177	-0.007305370349498026
0.868374118041845	-0.007779390155339595
0.8684245271754333	-0.00872730127425329
0.8684380352072814	-0.008964250409717735
0.8684519055808141	-0.009201187444106546
0.8684807334421402	-0.00967502392178811
0.8685427382784404	-0.010622537489267116
0.8685591456963437	-0.01085938079359948
0.8685759156492651	-0.011096209417097328
0.8686105432677146	-0.011569821328579019
0.8686841501399084	-0.012516854748300305
0.8688487771833987	-0.014410087323423863
0.8688709886905277	-0.014646656843495748
0.8688935632289959	-0.014883206488061206
0.8689398015438985	-0.015356244844466401
0.8690366361648161	-0.016302068669415953
0.8692477461578644	-0.01819263129922968
0.8692757707833707	-0.018428843492183083
0.8693041590812547	-0.018665030555116476
0.8693620268739968	-0.019137327967623383
0.8694821285373738	-0.020081606659160242
0.8697398069604716	-0.021968825003674582
0.8697713834243156	-0.022188845834477455
0.869803277273287	-0.02240884015856965
0.8698680173012105	-0.022848748194263493
0.8700013079222833	-0.02372823415375741
0.8702831417330611	-0.025485824091039607
0.8703198018149665	-0.025705387894231362
0.8703567800280302	-0.025924920788118838
0.8704316910484046	-0.02636389273681542
0.8705853328941382	-0.027241453481861796
0.8709079075666132	-0.028994979718770842
0.8709496639831742	-0.029214015465401796
0.8709917393804835	-0.02943301581981656
0.8710768473436479	-0.029870909219212708
0.8712508935502401	-0.03074625883043117
0.8716143202607248	-0.03249514539118504
0.8724026214571596	-0.03598515134049418
0.8724589875969111	-0.03622116171352816
0.8725157307827706	-0.03645711961590152
0.8726303486432101	-0.03692887650027015
0.8728641127999687	-0.03787174399368087
0.8733497751244912	-0.039754808591753454
0.8743938045441136	-0.04350956498936426
0.8744622819996515	-0.04374370610250887
0.8745311395437011	-0.04397778235353432
0.8746699953093456	-0.044445738672728156
0.8749522724602272	-0.04538085536151559
0.8755351128909655	-0.047247814543597805
0.8767741333199724	-0.050967902160870875
0.876853350265256	-0.05119553373837133
0.8769329369275789	-0.05142309012082279
0.8770932198445187	-0.05187797568999243
0.8774182271559977	-0.05278682672441294
0.8780860328542998	-0.054600757095719175
0.8794930144546288	-0.05821278903354351
0.8795841187299452	-0.05843781048304673
0.8796755964182313	-0.05866274342625933
0.8798596725169727	-0.05911234206844742
0.8802323110021307	-0.060010458244171866
0.880995560551024	-0.061802268284190866
0.8825941729450607	-0.06536740259002781
0.8826903384471836	-0.06557444249944705
0.8827868322756763	-0.06578139300360111
0.8829808053298043	-0.06619502428976777
0.8833726959614521	-0.06702119738256777
0.884172278919934	-0.06866910021616929
0.8858348422179114	-0.07194643746069238
0.8894151056051188	-0.07842148554798341
0.8895424292608046	-0.0786389377754806
0.8896701471720626	-0.07885625437850173
0.8899267663210145	-0.07929047848810333
0.8904447418422424	-0.08015727468129899
0.891499673100185	-0.08188413264231778
0.893685706384997	-0.08530988072906036
0.8983644318905648	-0.09204093957494992
0.8985070887586193	-0.09223472830466332
0.8986500967995908	-0.09242836527782484
0.89893716682313	-0.09281518182396452
0.899515525582311	-0.09358697032968064
0.9006891412905265	-0.0951230480179036
0.9031041482457376	-0.09816422058628908
0.9082066511419395	-0.10411445914212712
0.9083687236301311	-0.10429380570303086
0.9085311394363772	-0.1044729710876525
0.9088570013060273	-0.10483075598824623
0.9095128481657532	-0.10554412585987741
0.9108410506502335	-0.10696193309357131
0.9135636132990405	-0.10976073656245083
0.9192742135663163	-0.11520214749621015
0.9194740758334902	-0.11538282228187674
0.9196743465742572	-0.11556323627474996
0.9200761136378852	-0.11592327842240774
0.9208845511538839	-0.11664019503058236
0.9225210471652688	-0.11806116106029407
0.9258725647377157	-0.12085002449348907
0.9328897233876149	-0.12620221751790067
0.9331005995005015	-0.12635351881295984
0.9333118309541371	-0.1265045412381219
0.933735359693062	-0.12680574622131768
0.93458667908175	-0.12740477382331764
0.9363063529286749	-0.12858911499386091
0.9398137196151801	-0.1309014420124841
0.9400359356772048	-0.1310434074309381
0.9402585048045894	-0.13118506710034622
0.9407047018615214	-0.13146746571939913
0.9416013283287947	-0.1320285556758229
0.943411486342268	-0.13313570982800593
0.9470992033168363	-0.1352883194497706
0.9473522994644995	-0.1354311208576889
0.9476058057559514	-0.13557352925411684
0.9481140479585876	-0.13585716231415362
0.9491354450015751	-0.13641966048623924
0.9511978404701547	-0.1375253189862559
0.9554006032601243	-0.13965712570085606
0.9556667090791785	-0.1397867571414707
0.95593321708601	-0.13991595687695568
0.9564674384561527	-0.14017305624597146
0.9575406939857035	-0.1406820195473894
0.9597063842331213	-0.1416787223424824
0.9641138583018227	-0.14358494731205382
0.9643741909930424	-0.14369252148384148
0.9646348644704927	-0.14379968361511566
0.9651572324254547	-0.1440127674759278
0.9662060426582638	-0.14443394354320654
0.9683198804581495	-0.1452560874040689
0.9726117440510108	-0.14681758878645768
0.9728827986155865	-0.14691143964959275
0.973154181585075	-0.14700484350458395
0.9736979309742083	-0.14719030572359976
0.9747893510107651	-0.14755581685643313
0.976987772888653	-0.14826493405572141
0.9814460706858001	-0.14959351620315295
0.9817218807375888	-0.14967095894141969
0.981997991235842	-0.14974793710039705
0.982551111475732	-0.14990049532238708
0.9836609340589275	-0.15019998881928828
0.9858947856741792	-0.15077623869385975
0.9861753380988064	-0.15084611689653285
0.9864561821701368	-0.15091551297424094
0.9870187429252216	-0.15105285433582
0.9881473383821665	-0.15132170290252106
0.9904182898896452	-0.15183581485961845
0.9907034368357821	-0.15189784604801426
0.9909888656791987	-0.1519593773395381
0.9915605664858391	-0.15208093576186626
0.9927073223539225	-0.1523180046335037
0.9950141019776065	-0.1527676992817293
0.99530368001926	-0.15282159765818298
0.9955935292084505	-0.15287497818060528
0.9961740382004263	-0.1529801811530251
0.9973382786044196	-0.15318432320665537
0.9996794853168365	-0.15356729853198584
0.99999821364088	-0.15361660294155557
1.0003172470285295	-0.1536652766538634
1.0009562250369757	-0.15376072619453168
1.0022377979474186	-0.1539439931705873
1.0025589387828153	-0.15398821143604155
1.0028803766102454	-0.15403178740921133
1.0035241390903393	-0.15411700667441725
1.0048151819520519	-0.154279673835259
1.0051386693668551	-0.15431871311973672
1.0054624453120211	-0.154357098497016
1.006110858444831	-0.1544319017189876
1.007411098888881	-0.15457359735036702
1.0077368637986421	-0.15460736469617534
1.0080629083779649	-0.15464046651103303
1.008715831994472	-0.15470466773589522
1.010024984844258	-0.15482501988724656
1.0103529549403425	-0.15485342230635765
1.0106811954371933	-0.1548811475735746
1.0113384828757854	-0.15493456084531745
1.0116675274224876	-0.15496024594701166
1.0119968375798447	-0.1549852480911979
1.012656249864216	-0.15503319770488017
1.0129863495435751	-0.1550561422742159
1.013316709938248	-0.15507839808577403
1.0139782079052735	-0.1551208376398485
1.0153042773984327	-0.15519738792916032
1.0156364276950762	-0.15521478189074345
1.0159688285964885	-0.15523147551659003
1.016634377030364	-0.15526275598328032
1.0169675219542196	-0.15527733993693782
1.0173009122655967	-0.1552912177805408
1.017968423758655	-0.15531684937132667
1.01830254227707	-0.15532860023736633
1.0186369008564446	-0.15533963923112076
1.0189714981479434	-0.155349964914129
1.0193063327958223	-0.15535957584882518
1.0196414034374137	-0.15536847059856693
1.0199767087031124	-0.15537664772766369
1.0203122472163602	-0.15538410580140571
1.0206480175936308	-0.15539084338609285
1.0209616024534856	-0.15539648034419248
1.0212753869342537	-0.15540148729963343
1.021589369894679	-0.1554058630893761
1.0219035501881755	-0.15540960655123276
1.0222179266628177	-0.15541271652388836
1.0225324981613313	-0.155415191846922
1.0228472635210824	-0.15541703136082777
1.0231622215740677	-0.1554182339070361
1.023477371146905	-0.1554187983279354
1.0237927110608234	-0.15541872346689314
1.024108240131653	-0.15541800816827783
1.0244239571698153	-0.1554166512774805
1.0247398609803144	-0.15541465164093662
1.0250559503627268	-0.15541200810614794
1.025372224111192	-0.15540871952170449
1.025688681014403	-0.15540478473730684
1.0260053198555974	-0.1554002026037881
1.0263221394125477	-0.15539497197313637
1.026639138457552	-0.15538909169851717
1.0269563157574253	-0.1553825606342959
1.0272736700734908	-0.1553753776360606
1.0275912001615697	-0.15536754156064447
1.028226782649494	-0.1553499056119665
1.0285448325333957	-0.15534010345880359
1.0288630531574066	-0.15532964366870405
1.0295000015329332	-0.15530674663269617
1.029818726724145	-0.15529430711777137
1.0301376175348418	-0.15528120542792412
1.0307758908327738	-0.1552530110012639
1.0310952707150756	-0.15523791600707126
1.0314148110069794	-0.15522215432324463
1.0320543675480587	-0.15518862638881403
1.0323743811474124	-0.1551708578932325
1.0326945498567084	-0.15515241821811043
1.0333353472434728	-0.1551135208572409
1.033655973225982	-0.15509306093969624
1.033976748928501	-0.1550719253790663
1.0346187440413102	-0.15502762288399288
1.0359044706137912	-0.15493086138729453
1.0362262559118107	-0.1549049653017245
1.0365481798772787	-0.15487838473142235
1.0371924381757434	-0.15482316575178484
1.0384825564776563	-0.154704465854569
1.0388054113901781	-0.1546730632958746
1.0391283935511013	-0.1546409675355798
1.0397747337991317	-0.15457469209168287
1.0410688769427299	-0.1544337754049649
1.0414198075357062	-0.154393671518355
1.0417708735693667	-0.1543527434055089
1.0424734043129826	-0.15426840910033168
1.0438800065349711	-0.15408979055469474
1.044231966739122	-0.15404305521820852
1.0445840468832588	-0.15399548494250279
1.0452885590879486	-0.15389783428378911
1.0466989353853413	-0.15369245571645246
1.0470517993882225	-0.15363900402055294
1.0474047673135924	-0.15358470690344178
1.0481110067690353	-0.15347357123787567
1.0495246425044569	-0.1532410982334716
1.0523560736861377	-0.15273506145741447
1.0527103512561047	-0.15266793018714736
1.0530646991537707	-0.15259993331268887
1.05377359724831	-0.1524613378609843
1.0551921413901655	-0.15217370618107304
1.058031724680769	-0.15155641210856677
1.0637167873479219	-0.150151630018291
1.0640657215389218	-0.150057964500606
1.0644146527674214	-0.14996342939089857
1.0651124971359478	-0.1497717464268755
1.0665080486938852	-0.1493779020673367
1.069298078235744	-0.1485480850208878
1.0696466850475648	-0.14844039012553348
1.0699952512298143	-0.14833181046100818
1.0706922520300421	-0.14811199324903038
1.0720856592342987	-0.14766170263331674
1.0748695448238903	-0.14671830499756008
1.0752172074290018	-0.14659635007467764
1.0755647898580227	-0.14647349686368222
1.0762597040488786	-0.14622509244255297
1.077648458391325	-0.14571747007007982
1.0804210940272785	-0.14465880521155647
1.0859421646225964	-0.14236657149352774
1.086262883683064	-0.14222569383664635
1.0865834596062125	-0.14208401600988158
1.087224173103094	-0.14179825813238858
1.088503783863231	-0.14121712185617516
1.0910552337046648	-0.14001627992893653
1.0961229294472699	-0.13745971447171768
1.0964379368283164	-0.13729305222109464
1.0967527272745978	-0.13712557950292636
1.097381647837877	-0.1367882018697971
1.0986367807371629	-0.1361037126919575
1.1011356748855925	-0.13469576430285568
1.1060836135224157	-0.13172382071837316
1.1064163340142745	-0.13151488520472662
1.1067487073476467	-0.13130499397697956
1.1074123997741663	-0.13088234471727497
1.1087354780594527	-0.1300255820275229
1.1113636878341033	-0.12826623465733528
1.1165425015543655	-0.124564698237321
1.1168625098296978	-0.12432528188257067
1.1171820668486565	-0.12408491863921199
1.117819813871988	-0.12360135346050244
1.1190897469860357	-0.1226228829071543
1.1216066243132374	-0.12062070902249053
1.126542432415353	-0.11643664007109392
1.1268261827117643	-0.11618515263442937
1.1271094465890708	-0.11593285947413848
1.1276745041162644	-0.11542585904220004
1.128798661440536	-0.11440222376859187
1.1310225302956953	-0.1123166012059211
1.1353675652111372	-0.10799358392228028
1.1356343888382368	-0.10771674674505316
1.1359006382578654	-0.10743913379580226
1.1364314035353662	-0.10688158508849475
1.1374859233338086	-0.10575722863687659
1.1395663089679624	-0.10347174691051217
1.1436075999066202	-0.09875600334119627
1.143849848498532	-0.09846088192077793
1.1440914619784355	-0.09816505501682551
1.1445727735395006	-0.09757129041200326
1.1455276647850514	-0.09637535819878117
1.14740596002528	-0.09395021235562902
1.15103216828638	-0.08896958565788234
1.15125286082584	-0.08865264232112999
1.1514728393702718	-0.08833504402449258
1.1519106448757652	-0.08769788959115124
1.152777582622616	-0.08641579924201064
1.1544762336266114	-0.08382090061921596
1.1577284551203135	-0.07851163843837668
1.157941804546227	-0.07814600823447324
1.1581542258504	-0.07777967966918253
1.1585762727279476	-0.07704493817460074
1.1594091044987502	-0.07556719356519118
1.1610290953092304	-0.07257927638404113
1.164081517725287	-0.06647886469495827
1.1642638035263362	-0.06609228377624059
1.164445074993142	-0.06570509702388515
1.164804564853321	-0.06492891848496744
1.1655112624300965	-0.06336942925976613
1.1668749800983438	-0.06022263683758505
1.1693994788555895	-0.05382367982088647
1.1695382095545233	-0.05344637519378878
1.1696759922142894	-0.05306863496243067
1.1699487065440197	-0.05231185906937008
1.1704826837282944	-0.05079320570836789
1.171504461050997	-0.04773614077199306
1.1716278226020038	-0.04735221233090101
1.1717502098685257	-0.04696789476630818
1.1719920553709948	-0.04619810416454195
1.1724639876462395	-0.044653984781081846
1.1733604860250546	-0.04154826920968919
1.1734680797535326	-0.041158475683630784
1.1735746758186887	-0.04076834148235123
1.1737848695235744	-0.03998706341450644
1.1741932258541337	-0.038420555516318546
1.1749615253455186	-0.03527243334449567
1.175052999795725	-0.034877563310416075
1.1751434562474874	-0.03448240279578253
1.175321310503452	-0.03369122308977256
1.175664752563947	-0.03210551864825516
1.1763023266472172	-0.02892145174692879
1.1763860419889234	-0.028475884488465195
1.1764684672795127	-0.028030020154437802
1.1766294423903298	-0.027137418498017048
1.1769358546505435	-0.025348851311983608
1.1770092133619845	-0.024901035475413516
1.1770812719186206	-0.024452959227824495
1.1772214839056294	-0.02355604396337515
1.1774862559017636	-0.021759291964843126
1.1775491817578245	-0.021309522400025926
1.1776107986752877	-0.02085952951587235
1.177730101699201	-0.019958892449387165
1.1779529577147845	-0.01815514405119892
1.1780053851273535	-0.017703718818118684
1.1780564961590714	-0.01725210772512881
1.1781547657612326	-0.016348346785205956
1.17833547308317	-0.014538801925417157
1.1783773472630594	-0.014086021814446424
1.1784178989798013	-0.013633093610069957
1.1784950323898529	-0.012726811882172874
1.178531612819982	-0.012273467848348932
1.1785668682606512	-0.011819994700268763
1.178633401884551	-0.010912680078404444
1.1786646789772997	-0.010458848121090925
1.1786946288996674	-0.01000490608221713
1.1787505452905571	-0.009096710825009574
1.1787765108419759	-0.008642467145995699
1.1788011473888433	-0.008188132463814949
1.178846431873789	-0.007279209195451228
1.1788670790687146	-0.0068246301674926785
1.1788863957728135	-0.00636997925256869
1.1789043816689888	-0.0059152612347091165
1.1789210364619584	-0.005460480899687911
1.1789363598782672	-0.005005643034898781
1.1789503516662967	-0.0045507524292307325
1.1789630115962755	-0.0040958138729443126
1.1789743394602874	-0.0036408321575468077
1.1789843350722817	-0.0031858120756674034
1.1789929982680778	-0.0027307584209330113
1.1790003289053734	-0.002275675987844048
1.179006326863749	-0.001820569571649414
1.1790109920446734	-0.0013654439682214434
1.1790143243715072	-0.000910303973931548
1.179016323789506	-0.00045515438552585304
1.179016990265822	-5.1695788299951317e-17