-0.2425756020958858	0.
-0.24257477092515917	0.0005808437317155406
-0.24257227742722978	0.0011616814056517246
-0.24256812164484864	0.0017425069641969569
-0.24256230364926512	0.0023233143500751524
-0.24255482354022453	0.0029040975065134735
-0.2425456814459635	0.0034848503774100267
-0.2425348775232048	0.004065566907501525
-0.24252241195715096	0.004646241042530908
-0.2425082849614764	0.0052268667294148915
-0.24249249677831847	0.005807437916411458
-0.24247504767826758	0.0063879485532872616
-0.24245593796035575	0.006968392591484951
-0.24243516795204423	0.007548763984290386
-0.24241273800920973	0.008129056686999757
-0.24236289988546758	0.009289381854368603
-0.24233549255825235	0.00986940224117444
-0.2423064270038637	0.010449319782510267
-0.24224332323271147	0.011608822203182564
-0.24220928609627151	0.012188395027416
-0.24217359289326024	0.012767840896305326
-0.24209724075897648	0.013926327695272115
-0.24205658313394007	0.014505356598308625
-0.2420142720547506	0.015084234492249507
-0.2419246924560295	0.016241513243462697
-0.2417257255239436	0.018553994785398077
-0.2416718620952281	0.01913164777381367
-0.2416163517854055	0.019709101856217784
-0.24150039433977252	0.02086338945192416
-0.24124876042151133	0.02316931573436353
-0.2411817500255603	0.023745210804898945
-0.2411131011041483	0.024320859422977115
-0.24097089238738742	0.02547139365052708
-0.24066686591053252	0.027769244909311562
-0.24058678157032654	0.028343003152031705
-0.24050506882082434	0.02891646782877924
-0.2403367636690902	0.030062493073733564
-0.2399806752918227	0.032350763722253706
-0.23919093304061184	0.036910885817475196
-0.2390759899494179	0.03752703943990788
-0.2389591630161655	0.03814273862757312
-0.23871986691190394	0.03937274464192122
-0.23821877277422782	0.04182698466505907
-0.23712714268920274	0.0467107693064668
-0.23698235558318897	0.04731878845544036
-0.23683572588527116	0.04792623876860315
-0.23653695023921512	0.049139404877769355
-0.23591741651550982	0.05155860398333595
-0.23459110788214577	0.05636692528493466
-0.23441720278429182	0.05696501271618188
-0.23424150505025879	0.057562421481446885
-0.23388474529799078	0.05875517625907634
-0.23314986578529145	0.06113224871376852
-0.231595469698298	0.06585117492393795
-0.22815495420029697	0.07513669903055864
-0.22794077670817361	0.07567190496611573
-0.22772514378391898	0.07620634268511302
-0.22728952573128966	0.07727289416386494
-0.22640098055447846	0.079396567240476
-0.22455546799345813	0.08360513861346996
-0.22059751303995395	0.09185902095977083
-0.22033859978142428	0.0923673493247886
-0.22007835278699817	0.09287476517261518
-0.21955387393133394	0.09388684273291187
-0.2184890919841251	0.0958998664882551
-0.21629716528018164	0.09988048904355804
-0.21167151790731092	0.1076531482786579
-0.21137790624709035	0.10812097993911786
-0.21108314467078915	0.10858781787999325
-0.2104901887234792	0.10951849978041168
-0.20929066486010242	0.11136779913568422
-0.20683813060653702	0.11501745052730714
-0.2017269182708094	0.12211574713349811
-0.20139865358036665	0.12255029722658575
-0.20106937866692695	0.12298376188081654
-0.200407816095532	0.1238474249062603
-0.19907276574321225	0.12556161731402563
-0.19635597445979883	0.12893693826180233
-0.19074376680503644	0.13547139009222947
-0.19035500685790277	0.13590381705240145
-0.189965229750999	0.1363348855806792
-0.18918264750049782	0.13719293826367834
-0.18760553505124192	0.13889264428240364
-0.18440483297713753	0.14222598936057337
-0.17782803917367787	0.14862505477169013
-0.17740964025161549	0.14901303078347575
-0.17699041181346784	0.14939959024908547
-0.1761494897393413	0.15016845422631475
-0.17445794805630477	0.15168912673853768
-0.17103737725294	0.15466198850252627
-0.16405664178052196	0.16033205647064058
-0.1636440940062449	0.1606513914386752
-0.16323098405335928	0.16096946729492972
-0.16240309601099776	0.16160184015116202
-0.16074077583963314	0.16285146087249
-0.15739098157470846	0.16529014184009136
-0.15059886587137167	0.16992502803164772
-0.15017057838154027	0.1702039738977287
-0.1497418726219724	0.1704816575764898
-0.14888322377600774	0.17103323918253419
-0.14716109868157168	0.1721212660084279
-0.1436985068695145	0.17423684105532997
-0.13670757951698526	0.17822682928749223
-0.13623121982371583	0.17848549573613978
-0.13575452839997965	0.17874269675269838
-0.13480017108899023	0.17925270609168148
-0.1328877029182034	0.180255180311323
-0.12904889479630605	0.18219017768028373
-0.12132473321566536	0.18578243141510278
-0.12084025823611454	0.18599474213161812
-0.12035561019165604	0.18620562529483342
-0.11938581371962292	0.18662311485209046
-0.11744435003890519	0.18744102900739387
-0.11355497271667553	0.1890089473299322
-0.10575846532462825	0.1918761392944561
-0.10527960304331403	0.1920405299923611
-0.10480071135510284	0.19220359701175332
-0.10384285559193562	0.1925257672817676
-0.10192696449104026	0.19315430423636637
-0.09809533076338679	0.19434858477512648
-0.0976164647881126	0.19449202037504543
-0.09713763094510734	0.194634162606428
-0.09618007449713685	0.19491457489685116
-0.0942655095703892	0.1954599668516324
-0.09043938265303372	0.19648947645258052
-0.08996146778097094	0.19661246104604854
-0.08948364260049771	0.1967341850588427
-0.08852827515962743	0.19697385983931465
-0.086618768005652	0.1974381763411955
-0.08280541996320674	0.19830716287311767
-0.08232934729478046	0.19841023715518274
-0.08185341790127937	0.19851208572042636
-0.0809020017942369	0.19871211466351274
-0.07900102942582074	0.1990975629022254
-0.07520722421163717	0.199810530780475
-0.07476563224584755	0.19988867536518928
-0.07432420796560987	0.199965785129142
-0.07344187210861823	0.20011690777143648
-0.07167931809655961	0.20040681876579994
-0.07123913458346005	0.20047673800847896
-0.07079913775296026	0.20054563768205383
-0.06991971342230614	0.20068038601660904
-0.06816320642732276	0.20093773268811482
-0.06772458079942352	0.20099954940583606
-0.06728616012588086	0.2010603620303043
-0.06640994256425256	0.20117898279771118
-0.0646600644144087	0.20140426115894866
-0.061171021334175256	0.20180740553699258
-0.060735936755368876	0.2018533922013795
-0.06030109153394499	0.2018984062833702
-0.05943212737947886	0.20198552466398093
-0.05769716113029756	0.20214817815660927
-0.05726404839315184	0.20218644001089947
-0.05683119116448727	0.2022237452638
-0.05596625110364459	0.20229549399241686
-0.054239523067615716	0.2024276006260155
-0.053808508973206895	0.20245826594126323
-0.05337776585259745	0.20248799075233223
-0.05251710006435842	0.2025446269397278
-0.05208718113627	0.20257154235837735
-0.051657540661110925	0.2025975253574026
-0.050799102433680035	0.20264670219531447
-0.050370308337448065	0.2026699000865399
-0.04994180000627367	0.2026921736627292
-0.049085647837261624	0.20273395598678867
-0.04865800757274138	0.2027534687955813
-0.04823066021996329	0.20277206541109508
-0.04737685128344292	0.20280651819431264
-0.04691443131204237	0.202823674822633
-0.04645236413792538	0.2028397639280452
-0.045990651952881524	0.20285478810656057
-0.04552929693472298	0.202868749955128
-0.045068301247323216	0.20288165207157147
-0.04460766704065581	0.20289349705452825
-0.044147396450833466	0.20290428750338693
-0.0436874916001472	0.2029140260182264
-0.04322795459710567	0.202922715199755
-0.04276878753647465	0.20293035764924997
-0.04230999249931673	0.2029369559684976
-0.04185157155303112	0.2029425127597335
-0.0413935267513937	0.20294703062558378
-0.04093586013459713	0.20295051216900603
-0.040478573729291076	0.2029529599932309
-0.04002166954862276	0.20295437670170458
-0.0395651495922775	0.202954764898031
-0.03910901584651938	0.20295412718591485
-0.03865327028423222	0.20295246616910484
-0.03819791486496043	0.20294978445133754
-0.0377429515349503	0.20294608463628147
-0.03728838222719119	0.20294136932748164
-0.03683420886145687	0.20293564112830462
-0.03638043334434712	0.20292890264188376
-0.0359270575693293	0.20292115647106496
-0.03547408341678013	0.20291240521835316
-0.03502151275402757	0.20290265148585843
-0.034569347435392694	0.20289189787524328
-0.034117589302231945	0.20288014698767004
-0.03366624018297924	0.20286740142374862
-0.03276477623557475	0.20283893666622752
-0.03231466500005931	0.2028232226706208
-0.03186496996380971	0.2028065243945502
-0.030966835534271753	0.20277018538847294
-0.03051839963193996	0.20275054985000102
-0.03007038691087292	0.20272994041403625
-0.0291756378562227	0.20268581022198914
-0.028728904913289246	0.20266229464940733
-0.028282601933006482	0.20263781554623822
-0.02739129250536873	0.20258597710232093
-0.025613905609034385	0.202470851671307
-0.02517065828140136	0.20243970026922
-0.02472785388843541	0.2024076060100475
-0.023843580162406522	0.2023405992294144
-0.022080416073270773	0.20219538468962825
-0.0216407554307086	0.2021567625121092
-0.021201549925793477	0.2021172180513798
-0.020324510206966677	0.20203537253287546
-0.018575956431523766	0.20186072676496086
-0.01816893201461043	0.2018178777679865
-0.017762314165164616	0.201774242656999
-0.01695030265720644	0.201684622381136
-0.015331207347084826	0.20149603953384643
-0.012112968006344508	0.20108196649082224
-0.011712578844809852	0.2010267873620063
-0.011312613229426512	0.20097085505926626
-0.01051395659336618	0.20085673909823218
-0.008921768944415508	0.2006195587982179
-0.005758107437202967	0.20010985919115748
-0.00536460948878344	0.2000428731084989
-0.004971549994540842	0.1999751662598764
-0.0041867498247880755	0.1998375982851804
-0.0026224485323036654	0.19955390123071948
0.00048477392390320576	0.19895270861252926
0.006612323990836823	0.19761866108192871
0.006983945438392234	0.19753135103678773
0.007355122347925548	0.19744340869579227
0.008096140148219211	0.1972656343536152
0.009572815179239491	0.196902577464945
0.01250459601152752	0.1961468320010702
0.018280942979526562	0.19451998465928708
0.018638069419179715	0.19441332357840616
0.018994734912776142	0.19430608661749665
0.019706681380369552	0.1940898919075606
0.021125024758341587	0.19365066712563347
0.023939425754377408	0.1927452558156464
0.02947845115880572	0.19082958130020347
0.02984970966376081	0.19069474002978465
0.030220412518639026	0.19055928368877798
0.030960149923848507	0.19028653402216275
0.03243294237791958	0.1897337440851924
0.03535172979162317	0.18859945662523547
0.04108164778482349	0.18621962798124808
0.04143498600837218	0.1860661023873295
0.04178776057330521	0.1859120252903874
0.042491618090075206	0.18560222422153164
0.043892562492201866	0.18497608776001603
0.04666733947920763	0.18369809900738435
0.05210827551439708	0.18104256675521188
0.052421105640435874	0.1808837246952414
0.052733442597562685	0.18072445354547878
0.053356636961790965	0.18040462969185203
0.054597107360033	0.17975989557628694
0.05705437633509773	0.1784503971982274
0.06187427801836689	0.17575375624071293
0.06217133569416629	0.17558187488443297
0.06246790127450427	0.17540960843598133
0.06305955646436506	0.1750639255270813
0.06423696530895398	0.17436799631819555
0.06656819768265848	0.1729581746790874
0.0711365189799503	0.1700689549549338
0.07144148226677066	0.16986995787000259
0.07174587166760076	0.16967055593928365
0.07235292957896833	0.16927054368481104
0.07356016736510751	0.16846572835476628
0.07594717718851622	0.16683727254794647
0.08061173837624125	0.16350770410754217
0.08950674037047578	0.1565781286735528
0.08977055098745704	0.15636019421542274
0.09003382471722875	0.15614195566635458
0.09055876273781281	0.15570457104477287
0.09160220965598978	0.15482620473931472
0.09366345713499033	0.15305534494185036
0.09768394366677606	0.14945915476880098
0.10532171684867124	0.14206441474074452
0.10553633754073201	0.14184511459458246
0.10575051008170748	0.14162560963976592
0.10617751188955303	0.1411859884181839
0.10702615068408466	0.14030432238655716
0.10870203548859084	0.138531467179256
0.11196877012104409	0.13494900134347143
0.11816643700678597	0.12764724127234744
0.11836874458791853	0.12739675881127507
0.11857054776821993	0.12714608855194706
0.11897264248636714	0.12664418786243983
0.11977079627067266	0.12563816820581855
0.12134304851646255	0.12361743262842932
0.1243920284460124	0.11954255352700931
0.1301134201573008	0.1112696012752931
0.13027286126129187	0.11102600377468784
0.13043188433510552	0.11078228284327366
0.13074867760722403	0.11029447276565979
0.13137726113509413	0.10931739419548002
0.13261448370846643	0.10735751747488728
0.13500968646027514	0.10341577524512245
0.1394873157671985	0.09545109728289129
0.13963171975754984	0.09517963678338022
0.13977565480425574	0.09490806653178722
0.1400621194662139	0.09436459889333386
0.14062943681880258	0.09327636981265637
0.14174170103658418	0.09109485271221245
0.1438773562125525	0.08671248764300467
0.14400692381635966	0.08643776885717984
0.1441360332919781	0.08616295636673403
0.14439287915602966	0.08561305215694956
0.14490108756939063	0.08451213992054991
0.14589564268662122	0.0823060035491023
0.14779786669478523	0.0778772880191176
0.14791083986794068	0.07760484944013236
0.14802338103096127	0.07733233429006924
0.14824716844669622	0.07678707586574697
0.14868957142915692	0.07569565756606443
0.14955375160329484	0.07350930238240491
0.15120008975237698	0.06912319761002844
0.15129937324723036	0.06884849929447802
0.15139823326179186	0.06857373647206363
0.15159468385581723	0.06802401873001256
0.15198251429225482	0.06692382475389642
0.1527379472897545	0.06472048102356716
0.1541683302433395	0.060302580689147706
0.154248435220015	0.06004454903412853
0.1543281782300433	0.05978647064606803
0.1544865790690462	0.05927017471183873
0.154799045014069	0.05823703345517048
0.15540667328506347	0.05616861070984462
0.15655301991625173	0.052023653050551316
0.15662162753810907	0.05176425144008199
0.15668987858373462	0.05150481106809967
0.15682531157003715	0.050985814989786285
0.15709190544676377	0.049947368110981404
0.15760803877166982	0.04786870785454702
0.15857234911477186	0.043704732259161314
0.15863442655149224	0.04342226524746996
0.15869609027273587	0.04313976127786548
0.15881817723849312	0.04257464357904361
0.15905739389111886	0.04144397690089901
0.15951603420512234	0.039180979886241266
0.1595715117176881	0.0388979545910572
0.15962657806925168	0.038614896711990906
0.1597354778903519	0.03804868427180754
0.159948350150832	0.03691588011412615
0.16035441740735684	0.03464881376612321
0.16040333380020402	0.03436529887990575
0.16045184131044593	0.034081755615300455
0.16054763021473273	0.033514584981259185
0.16073430721887622	0.03237991447444881
0.161088086376304	0.030109313488162332
0.1617175575270807	0.025563520497528795
0.16175108187994924	0.025298082498006746
0.16178425303489025	0.02503262670995916
0.1618495360699478	0.024501662555627555
0.1619758672265553	0.023439529427963658
0.1622116066676314	0.02131448759585339
0.16223948897804955	0.021048788439524065
0.16226701926907994	0.020783074609432375
0.16232102405821425	0.0202516036968531
0.16242481227431635	0.01918849422997526
0.16261551702688282	0.017061647465730176
0.16263777453801553	0.016795736464259123
0.16265968099302225	0.01652981383631662
0.1627024409459654	0.01599793445494054
0.16278375045545002	0.014934044456338455
0.16280320095536016	0.014668045710698832
0.1628223007998061	0.014402036841265458
0.16285944870658564	0.013869989478750304
0.1629295386343182	0.012805781483405698
0.16294618513905204	0.012539706972997045
0.16296248133489943	0.012273623829787299
0.16299402295715285	0.011741432387362898
0.16305290417702697	0.010676954066927674
0.16306674926972378	0.010410815683658052
0.16308024434596283	0.01014467014860494
0.16310618457919418	0.009612358361065037
0.1631538662321183	0.008547657074804914
0.16316469851709073	0.008286694006057383
0.1631751946259882	0.008025725475660923
0.16319517841272901	0.007503772721805211
0.16320466613720006	0.007242788844061234
0.16321381777885147	0.006981800196104813
0.16323111289833567	0.0064598092800519005
0.1632392564165304	0.006198807357007228
0.163247063932629	0.005937801353859788
0.16326167103064454	0.005415777796558637
0.1632684706466556	0.005154760586889109
0.16327493432875917	0.004893739986091123
0.16328685395081238	0.004371689299408311
0.16329230991858726	0.0041106595575357945
0.16329743000810484	0.003849627112565475
0.1633022142313183	0.0035885921363799024
0.163306662599397	0.003327554800817652
0.1633107751227264	0.0030665152776762484
0.1633145518109082	0.002805473738715158
0.16331799267276	0.002544430355658769
0.1633210977163157	0.002283385300199325
0.16332386694882498	0.0020223387440000892
0.1633263003767538	0.0017612908586982115
0.16332839800578397	0.0015002418159075915
0.16333015984081337	0.0012391917872220488
0.16333158588595575	0.0009781409442182452
0.16333267614454094	0.0007170894584586737
0.16333343061911476	0.0004560375014946405
0.16333384931143885	0.0001949852448691914
0.16333393222249082	-0.00006606713987972117
0.16333367935246434	-0.00032711948121637427
0.16333309070076898	-0.0005881716076044112
0.16333216626603017	-0.0008492233475036735
0.16333090604608935	-0.001110274529367277
0.163329310038004	-0.0013713249816386275
0.16332737823804735	-0.0016323745327484328
0.1633251106417088	-0.0018934230111117803
0.16332250724369365	-0.002154470245124968
0.16331956803792325	-0.0024155160631626426
0.16331629301753492	-0.0026765602935749297
0.163312682174882	-0.002937602764684271
0.16330873550153394	-0.003198643304782495
0.16330445298827623	-0.0034596817421278315
0.1632948804012546	-0.003981751621406909
0.1632895903051422	-0.004242782719662225
0.1632839643244236	-0.004503811027801779
0.16327170465584906	-0.005025858585863925
0.16326507093937456	-0.005286877491719785
0.16325810128105683	-0.005547892919320499
0.16324315407303444	-0.006069912650978527
0.16323517648844227	-0.006330916610485118
0.1632268628922321	-0.006591916402629073
0.16320922758656436	-0.007113902794951598
0.16316992392962332	-0.00815781797819807
0.16315833713741004	-0.008440926996401053
0.16314635468075486	-0.008724029466385176
0.16312120264143878	-0.009290213877265911
0.16306614906930716	-0.010422494383658042
0.163051395979674	-0.010705544817995714
0.16303624693205257	-0.010988586931400873
0.16300476079548018	-0.011554645306011321
0.1629370351248046	-0.012686652410584538
0.162919113146638	-0.012969630042773284
0.1629007948475945	-0.013252597570431726
0.16286296908486278	-0.013818501416625282
0.16278255942612904	-0.014950177991728337
0.1626026948696876	-0.017212956233319664
0.16257842512385323	-0.017495745207017962
0.16255375812365863	-0.01777852046704881
0.16250323208901069	-0.01834402893482167
0.1623974099240257	-0.019474871266056612
0.16216666863658954	-0.021735806095382056
0.16213603411424451	-0.02201834815300616
0.16210500112780565	-0.022300872816315074
0.16204173942253972	-0.02286586902825056
0.16191043064154104	-0.023995642450942115
0.16162865116866662	-0.026254260635119275
0.16159411604118817	-0.02651764246243658
0.16155923262200445	-0.02678100587169126
0.16148842057676072	-0.027307676658488662
0.16134261329103952	-0.028360788644036936
0.16103424631649488	-0.030466050286390642
0.16099412813954592	-0.030729113919281594
0.1609536602499196	-0.030992155984139735
0.16087167494910445	-0.03151817460960455
0.1607035035313686	-0.03256994422091041
0.160350334916351	-0.034672367571699426
0.16030460940382574	-0.034935061903143216
0.16025853255113698	-0.03519773141979254
0.16016532439029096	-0.03572299518245223
0.15997468715704768	-0.036773215816809104
0.1595765036554861	-0.03887238267579604
0.15871228669183618	-0.043065237638850236
0.15865046474674557	-0.04334897402457055
0.15858822554107482	-0.04363267320476834
0.15846249466417767	-0.04419995881620638
0.15820601820070138	-0.04533407107374474
0.15767296674614675	-0.047600395315204845
0.1565261377376486	-0.05212491645068012
0.15645087343980146	-0.05240731797958044
0.15637518588513777	-0.05268967284662679
0.15622254018428977	-0.05325424135462492
0.15591216060988264	-0.054382804729802704
0.15527100143301747	-0.0566375662192899
0.15390669021612677	-0.06113704919569089
0.1538194018931159	-0.06141267418392079
0.1537316988074302	-0.061688244171621255
0.15355504744539478	-0.06223921784736756
0.15319675758727205	-0.06334049085505793
0.1524601775733353	-0.06554026543811974
0.15090658973048932	-0.06992812162186131
0.1508059125461644	-0.0702018203887058
0.15070481292294635	-0.07047545323379939
0.1505013453388492	-0.07102251971584216
0.15008932962282823	-0.07211584567819883
0.1492449176718875	-0.07429918719337843
0.1474740932181927	-0.07865195207798849
0.14736747229137379	-0.07890509911149986
0.14726047639172374	-0.07915817823089613
0.147045358755233	-0.07966413142009447
0.14661061366707087	-0.08067520838906114
0.14572303196974284	-0.0826939700842798
0.14387507607825514	-0.0867173126258706
0.13988445428872187	-0.09470212650963328
0.13974225667067042	-0.09497116927186847
0.13959959934333305	-0.09524010478134808
0.13931290419919118	-0.0957776519760833
0.13873398238210155	-0.09685143650021145
0.13755393547979866	-0.0989936479181829
0.13510440232427262	-0.10325566830951419
0.12984243424997605	-0.11168187818051863
0.1296815796019092	-0.11192557324861567
0.1295203043052747	-0.11216914250286038
0.12919649053781015	-0.11265590144351652
0.1285438016886646	-0.11362788606701497
0.12721810953493665	-0.11556560083664179
0.12448491001441332	-0.11941501552900745
0.11868674186632959	-0.12700138788279586
0.11850205055941015	-0.12723126375935076
0.11831693567380011	-0.127460982296591
0.11794543396498598	-0.12791994486331504
0.11719733438561408	-0.12883595442183624
0.11568068329257343	-0.13066016914408562
0.11256503558470386	-0.1342762158582725
0.10600007953033451	-0.1413689871604255
0.10576958034879909	-0.1416060323630721
0.10553856000067605	-0.14184284020503804
0.1050749543252399	-0.1423157398916088
0.10414147273211723	-0.14325864767870067
0.10224934646112714	-0.14513267327102736
0.09836379344484215	-0.14883172883922408
0.09018247437850103	-0.15601840270208717
0.08993564351344004	-0.15622342967632144
0.08968833974937258	-0.1564281893636232
0.08919231251663594	-0.15683690293870894
0.08819457223943775	-0.15765107915238002
0.08617629341865819	-0.15926620339969885
0.0820481183671203	-0.16244170279017017
0.08178603531653382	-0.16263767354433406
0.08152347187951266	-0.16283334401711103
0.0809969029976335	-0.16322377978627248
0.07993799134448447	-0.16400100011582824
0.0777970268772983	-0.16554058923639453
0.07342218978669172	-0.1685583444153584
0.07312128415412747	-0.1687597567263413
0.07281980689613617	-0.16896077346059407
0.07221513669540151	-0.1693616141479052
0.07099892804385069	-0.17015848178309734
0.06853899593728498	-0.17173261729636696
0.06350877662240857	-0.1747996682597692
0.06318949225686384	-0.17498764934410935
0.06286963119557913	-0.17517518417051317
0.06222817856134841	-0.17554890839809198
0.06093834846746217	-0.17629092832447582
0.05833096970400158	-0.17775287540855497
0.05300523325563224	-0.1805853044473431
0.0526898469136853	-0.18074672529270258
0.05237395633782979	-0.1809077086878212
0.05174066253750545	-0.18122835720930272
0.050468024898675835	-0.1818643395429374
0.04789855674370484	-0.18311470917457293
0.04266295416540938	-0.18552632867303792
0.04233145553665036	-0.18567299928234968
0.04199945480492253	-0.18581918328110067
0.04133394754930642	-0.18611008505249968
0.039996913711790774	-0.18668597872195306
0.03729880291232933	-0.18781376370060934
0.031806739376445965	-0.1899703716133027
0.03146607410573831	-0.1900981110434429
0.0311249321840338	-0.190225331883857
0.03044121940293273	-0.19047821132660506
0.02906808544670665	-0.19097767579031
0.026299046621564667	-0.19195106047968263
0.02067044961549387	-0.1937926762043674
0.020314679726148286	-0.193903002611301
0.019958443592972556	-0.19401275706930118
0.01924457422751873	-0.19423054325208647
0.017811258821318832	-0.19465917630368412
0.01492241956285886	-0.19548829548131627
0.009056767280127751	-0.1970307875966069
0.008654907837359373	-0.19712963469202308
0.008252518405783742	-0.1972277420892312
0.007446152586845525	-0.1974217285069146
0.005827094674930109	-0.19780072264227344
0.002563853379686379	-0.19852227134593234
0.0021536089811663647	-0.19860900276583687
0.0017428476381414167	-0.19869495691566474
0.0009197776897562884	-0.19886452388219225
-0.0007325257457610294	-0.19919422562293718
-0.004061574887430909	-0.19981536252801446
-0.004479978358724378	-0.1998893700823541
-0.004898883409578777	-0.19996256187246103
-0.00573819407478694	-0.20010648841965825
-0.007422787882118944	-0.20038444502301125
-0.00784517428076003	-0.2004518581271966
-0.00826805365157013	-0.20051843590529692
-0.009115286815961044	-0.20064907564442594
-0.01081561880945268	-0.20090022281890996
-0.011241917029434374	-0.20096088430003897
-0.011668698968060094	-0.20102069070233125
-0.012523709177834089	-0.201137728340721
-0.014239480573857205	-0.2013614332952442
-0.01769374347946825	-0.20176680250003645
-0.018098679251995837	-0.20181039800067654
-0.018504018566363863	-0.2018532139663149
-0.019315903340327022	-0.2019364990938626
-0.020944465630343793	-0.20209362465312733
-0.021352597957726673	-0.20213092640463962
-0.021761124644087408	-0.20216743218280409
-0.02257935633830748	-0.2022380475714364
-0.024220499234167695	-0.20236963586696413
-0.02463175271546994	-0.20240051203102527
-0.025043390816213422	-0.2024305756913802
-0.025867815837587394	-0.20248825721168048
-0.02628060021653502	-0.20251587092407436
-0.02669376413149718	-0.20254266383772043
-0.027521225386595505	-0.2025937789615457
-0.027935520112528124	-0.20261809701551725
-0.02835018914600764	-0.20264158595838927
-0.029180644806361386	-0.20268606818768467
-0.029596428745541324	-0.20270705731025737
-0.030012581616819356	-0.20272720899409458
-0.030845988678114496	-0.2027649917085556
-0.031263240105981936	-0.20278261856873028
-0.03168085494158821	-0.20279939964933835
-0.0320988317803512	-0.2028153328633614
-0.032517169208232104	-0.20283041612312466
-0.03293586580170616	-0.2028446473403316
-0.03335492012773262	-0.20285802442609926
-0.0341940961975197	-0.20288220784505942
-0.03461421502735153	-0.20289300999786772
-0.03503468576181913	-0.20290294965853956
-0.0354555069198575	-0.20291202473578784
-0.035876677010708694	-0.20292023313795285
-0.0362981945338931	-0.20292757277303847
-0.03672005797917905	-0.20293404154874922
-0.03714226582655432	-0.20293963737252724
-0.03756481654619771	-0.20294435815158976
-0.03798770859844884	-0.20294820179296647
-0.038410940433779926	-0.20295116620353773
-0.038834510492767496	-0.20295324929007247
-0.039258417206062476	-0.20295444895926656
-0.03968265899436225	-0.20295476311778177
-0.04010723426838255	-0.20295418967228435
-0.04053214142882789	-0.2029527265294844
-0.04095737886636375	-0.2029503715961753
-0.04138294496158864	-0.2029471227792735
-0.0418088380850056	-0.20294297798585828
-0.04223505659699358	-0.20293793512321237
-0.04266159884777985	-0.20293199209886212
-0.04308846317741258	-0.2029251468206185
-0.04351564791573247	-0.2029173971966181
-0.04394315138234474	-0.20290874113536445
-0.044370971886591906	-0.20289917654576972
-0.04483494203418477	-0.2028877835804337
-0.045299280312735224	-0.20287531858785374
-0.04576398452969995	-0.2028617789089228
-0.046229052478225695	-0.2028471618853405
-0.04669448193710878	-0.2028314648596769
-0.04716027067075501	-0.20281468517543796
-0.04809291694776713	-0.2027778672103262
-0.048559769947631934	-0.20275782362173123
-0.049026973135179105	-0.20273668675924902
-0.0499624208261157	-0.2026911226106349
-0.05043066066929463	-0.2026666900269095
-0.05089924137965695	-0.20264115357424597
-0.051837415919598305	-0.2025867584833557
-0.0523070049710176	-0.2025578945598417
-0.05277692533322523	-0.20252791619695498
-0.053717750270102324	-0.20246460560198737
-0.05560326811609857	-0.20232449518749804
-0.05607543888023472	-0.2022866419890198
-0.056547921125053406	-0.2022476533021428
-0.05749380985461567	-0.20216625898122523
-0.05938921200422769	-0.20198972931962278
-0.05986380245067842	-0.20194271896659963
-0.06033868357586685	-0.20189455222975447
-0.06128930716911721	-0.20179473921086027
-0.06319392400427701	-0.20158112241327877
-0.06367076426580066	-0.2015247883902198
-0.06414787341474419	-0.2014672772805143
-0.06510288718191701	-0.20134871351570532
-0.06701601735914325	-0.20109734801962487
-0.0674949295955709	-0.20103152549359884
-0.06797408792241413	-0.20096450541155456
-0.06893313114697719	-0.20082686242320952
-0.07085404108078187	-0.20053709430720026
-0.07470647898245825	-0.19989906678041683
-0.07518017359065143	-0.199815346625796
-0.07565405854489733	-0.19973043359488118
-0.07660238744174444	-0.19955701960020483
-0.07850119598776084	-0.19919577505941385
-0.08230672164494042	-0.198415106057958
-0.08278309220496405	-0.19831202378687254
-0.08325960313827642	-0.19820771209935784
-0.08421303309347458	-0.19799539156027668
-0.08612143327285189	-0.19755589980918967
-0.08994364500218589	-0.1966170235281023
-0.09042186238392547	-0.19649400692922198
-0.09090016621487966	-0.19636972609675415
-0.09185701919904318	-0.19611736329828813
-0.09377160740531973	-0.19559737460872484
-0.09760350725383318	-0.19449588371616613
-0.10527154687967881	-0.19204328421085626
-0.10571853330205332	-0.19188989878341145
-0.10616549092625838	-0.19173535860328472
-0.10705930678381569	-0.19142280816248922
-0.10884644930707305	-0.19078378669508078
-0.11241803477967652	-0.1894497469179758
-0.11954430970030984	-0.18655529211829655
-0.11998870697371626	-0.18636427762609273
-0.12043296584240075	-0.18617206644541556
-0.12132105390365079	-0.18578404946948152
-0.1230954094667883	-0.18499360584751845
-0.12663601427167306	-0.18335483992705384
-0.1336780605222949	-0.17984403520491948
-0.1341531052488111	-0.1795947898692427
-0.13462784462980223	-0.17934410161086775
-0.13557638717736423	-0.17883839257112458
-0.13746958539844503	-0.1778096191884779
-0.14123928682456033	-0.1756824659385627
-0.14870255332585477	-0.17114852390644208
-0.14916526055115886	-0.17085273581042681
-0.14962749461267605	-0.1705554846349793
-0.15055052144636602	-0.16995659196712642
-0.15239065674506616	-0.16874123909624134
-0.1560460190636557	-0.16624023262773294
-0.1632470950759188	-0.16095709418870965
-0.16366239022673462	-0.16063726504907394
-0.16407711696536437	-0.16031616331598952
-0.16490484647361414	-0.15967014373725297
-0.16655327816519355	-0.15836285292383379
-0.16982097608217595	-0.15568738401261084
-0.17623119556570885	-0.15009412911527586
-0.17662595389462207	-0.14973388260891926
-0.17701999158022766	-0.14937238691011848
-0.17780588573944167	-0.14864565228681104
-0.1793688140964893	-0.14717724183132483
-0.18245814827923096	-0.1441809282678824
-0.18848204626936751	-0.1379528102464561
-0.18884409301526173	-0.1375611040187218
-0.18920529835082567	-0.13716824119181006
-0.18992516653427044	-0.13637905257704752
-0.19135460522513786	-0.13478687257107014
-0.1941712714910179	-0.13154771223406206
-0.19962762851916097	-0.12485377039533772
-0.19996049620153974	-0.12442600610953077
-0.20029237758042426	-0.12399715057939681
-0.2009531635631009	-0.12313617543273417
-0.20226270366786836	-0.12140123756275967
-0.20483266308000628	-0.11787998031916731
-0.20976823832806885	-0.1106367885678254
-0.2100927158189913	-0.11013616885651874
-0.2104158673487698	-0.10963436852475951
-0.21105817088394357	-0.1086272419555418
-0.21232662910352293	-0.10659899858405224
-0.2147977556546623	-0.10248748342659077
-0.21510037573905863	-0.10196846849826745
-0.2154015849068933	-0.10144834027605483
-0.21599974977688005	-0.10040476183039358
-0.21717892155548557	-0.09830444375517025
-0.21946749471619514	-0.09405220213948408
-0.21974692755787983	-0.09351592653205752
-0.2200248685996984	-0.09297861255823284
-0.220576255697805	-0.09190088925781102
-0.22166091394197987	-0.08973320106456022
-0.22375669544408136	-0.08535000052847654
-0.22764583565496177	-0.07640181135340525
-0.2278599152521768	-0.07587282987252464
-0.22807256874940665	-0.07534309319094624
-0.22849358384310126	-0.07428137306624767
-0.22931835230486936	-0.07214907871588977
-0.2308981059297867	-0.06785015283437666
-0.2310889703155063	-0.06730966327892071
-0.23127835649704911	-0.06676849604017125
-0.23165268193825309	-0.06568414852358923
-0.2323834601603745	-0.06350754237974998
-0.23377286438376832	-0.05912382826646607
-0.23393971965939478	-0.05857310513906231
-0.2341050500151532	-0.05802178633103008
-0.23443112507011293	-0.0569173827433664
-0.23506485756812873	-0.05470166003925479
-0.23625807190651354	-0.05024375202401841
-0.236400213926996	-0.049684138145273435
-0.23654079016400403	-0.049124014603960035
-0.2368172359124693	-0.04800226053806648
-0.2373512362634766	-0.0457528792533362
-0.2383431794084793	-0.04123187317829934
-0.2384734835740228	-0.04059878922667669
-0.23860179317269195	-0.03996518253251601
-0.2388524179078341	-0.03869643264555494
-0.23932961646557982	-0.036153009941006974
-0.23944389075173883	-0.03551596698747559
-0.2395561500044682	-0.034878465187858955
-0.23977461395504854	-0.03360211730580816
-0.2401872597782911	-0.031044271042887917
-0.24028534965057885	-0.030403783841992348
-0.24038140666258426	-0.02976290268993011
-0.2405674139889947	-0.028479991246730722
-0.24091494740707012	-0.025909801528819713
-0.24099671965822617	-0.0252663923471506
-0.2410764439202666	-0.024622654970992544
-0.24122974172473277	-0.023334228739045306
-0.24151168960391606	-0.020753802683386377
-0.24157703279076043	-0.020108000191686112
-0.24164031560745058	-0.019461935983272262
-0.24176069476486794	-0.01816905583817918
-0.24181778853205177	-0.017522256633992563
-0.24187281678212771	-0.01687522917750667
-0.24197667206579362	-0.015580523061295114
-0.24202549687664449	-0.014932861197090705
-0.24207225172502472	-0.01428500467105411
-0.24215954757342165	-0.012988741300555568
-0.24220008670334994	-0.012340351305437097
-0.24223855213072795	-0.011691800346594264
-0.24230925862438554	-0.010394249299717086
-0.24234149817478282	-0.009745266105579211
-0.24237166099094398	-0.009096155734927577
-0.24239974642594314	-0.008446926646304214
-0.2424257538773231	-0.007797587302363469
-0.24244968278712709	-0.007148146169579288
-0.24247153264192778	-0.006498611717952208
-0.24249130297285404	-0.005848992420717157
-0.2425089933556154	-0.005199296754049699
-0.24252460341052406	-0.0045495331967720255
-0.24253813280251477	-0.0038997102300598703
-0.24254958124116244	-0.003249836337149222
-0.2425589484806969	-0.0025999200030418167
-0.24256623432001617	-0.001949969714210518
-0.2425714386026967	-0.0012999939583056455
-0.24257456121700136	-0.0006500012238612186
-0.2425756020958858	-7.382624632688193e-17