-0.20797271803900452	0.
-0.20797205755893033	0.0004841199073501544
-0.20797007612855453	0.0009682353070874027
-0.2079667737774169	0.0014523416917063899
-0.20796215055474923	0.001936434553916857
-0.20795620652947364	0.002420509386751178
-0.20794894179019993	0.0029045616836718747
-0.20794035644522266	0.003388586938679121
-0.20793045062251694	0.003872580646418202
-0.20791922446973404	0.004356538302286958
-0.20790667815419622	0.0048404554025431885
-0.20789281186289033	0.005324327444411995
-0.20787762580246155	0.005808149926193103
-0.20786112019920558	0.0062919183473681035
-0.20784329529906082	0.0067756282087076515
-0.20780368869001808	0.0077428542620510575
-0.2077819075711269	0.008226361463005346
-0.2077588083353397	0.008709792122238953
-0.20770865690867613	0.009676405852760464
-0.20768160546453454	0.010159579947589887
-0.20765323739693914	0.010642659547994772
-0.20759255309987337	0.011608517336621415
-0.20756023777343727	0.012091286566385933
-0.20752660762958397	0.012573943385023715
-0.20745540491001985	0.013538901900684679
-0.207297244974668	0.015467273389529529
-0.20725442620363285	0.015949018256272905
-0.2072102971607226	0.016430615013620798
-0.20711811089984378	0.017393346413513346
-0.20691804524056012	0.0193168364564069
-0.20686476372186285	0.019797272126413537
-0.2068101777125074	0.02027752421377906
-0.20669709547653506	0.021237459982329954
-0.20645531398514103	0.023154934541902837
-0.20639162025681024	0.023633778168248472
-0.206326629041536	0.0241124030168957
-0.2061927580116131	0.025068978877530602
-0.2059094896365488	0.02697931302773774
-0.20528108796732836	0.030787738025301777
-0.20518960863262564	0.03130248537558317
-0.20509662517503244	0.03181689366763836
-0.20490615233601	0.032844671272038536
-0.2045072294792877	0.034895918465437166
-0.20363786803924838	0.03897997247989822
-0.2035225292694198	0.03948864602851672
-0.20340571503035795	0.03999689447731405
-0.20316766816133852	0.04101209494669804
-0.20267395831273508	0.04303716293418016
-0.20161655360107766	0.047064799493063775
-0.2014778603565481	0.04756604402474437
-0.20133772643814246	0.04806678037273134
-0.2010531460851486	0.04906670820253936
-0.20046680310779236	0.051060242969211585
-0.19922594898060383	0.05502090948739921
-0.19647634393119628	0.06282787630153823
-0.19630503595435594	0.06327845439896994
-0.19613254718364967	0.06372845436238667
-0.19578403716832068	0.06462670496356551
-0.1950729574048119	0.06641610513614984
-0.19359513215914606	0.06996568279412707
-0.19042158792555955	0.0769415840299492
-0.19021379031657984	0.07737187703568804
-0.19000489784281502	0.0778014792311517
-0.18958383989479116	0.07865859806992262
-0.18872871380521763	0.08036440253042229
-0.1869670848427189	0.08374156325237023
-0.18324377631406213	0.090352576559617
-0.18300717780681935	0.09075124158330257
-0.182769621110081	0.09114914901753515
-0.18229164530854622	0.09194268063454082
-0.18132432964244108	0.09352053831861808
-0.17934493307181903	0.09663886375936909
-0.175212703232383	0.10272161675117818
-0.17494698639137776	0.10309481198203431
-0.17468041214540617	0.10346717314584339
-0.17414470445551677	0.10420938473802326
-0.17306314369413195	0.1056837061049561
-0.1708601760699911	0.10859148354333634
-0.1663007990662469	0.11424012089311428
-0.16598453907880606	0.11461488688344469
-0.1656673956015936	0.11498859980112887
-0.16503047544274208	0.11573285806079893
-0.1637462233568886	0.11720864696466778
-0.16113704311573673	0.12010887363888702
-0.15576377822313436	0.12570068064077664
-0.1554214005756849	0.1260408142470516
-0.15507827873052019	0.12637983821102103
-0.1543898199369693	0.12705455153557157
-0.15300416435574143	0.12839060118002832
-0.15019888011809798	0.13100890078153382
-0.1444602346550863	0.13602823738186495
-0.1441205195507713	0.13631200300719432
-0.14378027739043184	0.1365947711691752
-0.14309822594146118	0.13715731254161978
-0.14172795266517227	0.1382703983559856
-0.13896350735007107	0.14044845725015156
-0.1333452412362694	0.14461131236502198
-0.13299038690719736	0.14486290988851067
-0.1326351163096226	0.14511349629877715
-0.13192333990458577	0.14561163498256433
-0.13049494117461166	0.14659577095328852
-0.12761951550625977	0.14851544932849609
-0.12180012874452248	0.1521603771419371
-0.12140291724443883	0.1523978881431108
-0.12100534209455553	0.15263421138657082
-0.12020911730064887	0.15310329560199132
-0.11861248446183736	0.15402722284313686
-0.11540339650602052	0.155818188803452
-0.1089290993432092	0.1591733791513967
-0.1085222498884707	0.15937308012052642
-0.10811516415499223	0.1595716087100884
-0.10730029914973932	0.15996515162815123
-0.10566790151867542	0.16073820130840072
-0.10239327963418257	0.16222833411249007
-0.0958113427263782	0.16498632679156608
-0.0954063054418611	0.16514597509788337
-0.09500115351238964	0.16530452148148356
-0.09419051893626124	0.1656183126719963
-0.09256801887108951	0.16623271864733688
-0.08931882216054698	0.16740907240521405
-0.088912341685391	0.16755122090817795
-0.08850579825053373	0.16769228538449982
-0.08769253506180509	0.16797116705904933
-0.08606539074451985	0.16851597540629443
-0.08280932023689505	0.16955405225672007
-0.08240220366052686	0.1696790050094059
-0.08199507314830648	0.169802893943025
-0.08118078220295959	0.1700474856939049
-0.07955216324040826	0.1705239625524237
-0.0762954289799576	0.1714263986383274
-0.06978904719930196	0.17303176813634993
-0.06941020086721654	0.17311725158470237
-0.06903142046442913	0.17320184954117832
-0.0682740659878707	0.17336839401981266
-0.06676024168489288	0.17369091277217133
-0.06373659955181603	0.17429395724757135
-0.06335906003068455	0.17436542631107319
-0.06298161966455053	0.17443603053255416
-0.06222704442106811	0.174574649750168
-0.06071917160521949	0.17484156859417302
-0.05770897564187058	0.17533442936601348
-0.057333259057299635	0.17539222186761827
-0.056957672792101836	0.1754491711369408
-0.05620689873125585	0.17556054549640113
-0.054706996623038004	0.17577323629143876
-0.054332374784488414	0.17582432170567452
-0.05395789808193064	0.17587457500035808
-0.05320938734280939	0.17597259084203265
-0.0517141868937484	0.17615869896341887
-0.05134077656364852	0.1762031668302481
-0.05096752568114196	0.17624681386892704
-0.05022150926580051	0.17633165115640043
-0.0487314664454702	0.17649153856921673
-0.048359380362573444	0.17652947979055889
-0.04798746753867134	0.17656661163468093
-0.047244168426201626	0.17663845296004946
-0.04575972321932563	0.17677248666016857
-0.04535781073274816	0.17680661471202336
-0.04495611779008257	0.17683980484508025
-0.04415339883457666	0.1769033787946502
-0.043752376944444685	0.17693376633754784
-0.043351582843678335	0.1769632234143151
-0.042550686140181815	0.17701935364955493
-0.04215058757627301	0.1770460305540309
-0.041750724879411304	0.17707178448428346
-0.040951715049838945	0.17712053093925453
-0.04055257187268069	0.1771435272280017
-0.040153672473714354	0.1771656080704854
-0.0393566128077057	0.17720703096769627
-0.038958456413587715	0.1772263768029173
-0.03856055154355171	0.17724481475276682
-0.03776550400872461	0.17727897457820843
-0.03736836513489256	0.17729470024923208
-0.03697148536710344	0.17730952562565389
-0.036178510619657864	0.17733648310436298
-0.03578241934967893	0.17734861901552526
-0.03538659460514183	0.17735986224974462
-0.03499103821566008	0.1773702147152932
-0.03459575200079704	0.17737967832189583
-0.03420073777008863	0.17738825498068514
-0.03380599732306585	0.17739594660415695
-0.03341153244927758	0.17740275510612627
-0.033017344928313506	0.17740868240168312
-0.032623436529827195	0.1774137304071488
-0.03222980901355926	0.1774179010400325
-0.03183646412936067	0.17742119621898803
-0.031443403617216224	0.17742361786377078
-0.031050629207268168	0.17742516789519522
-0.03065814261983976	0.17742584823509208
-0.030265945565459314	0.17742566080626654
-0.02987403974488395	0.17742460753245592
-0.02948242684912383	0.17742269033828834
-0.029091108559466252	0.177419911149241
-0.028700086547499955	0.17741627189159895
-0.028309362475139647	0.17741177449241455
-0.027918937994650457	0.17740642087946637
-0.027528814748672574	0.17740021298121886
-0.027138994370246097	0.17739315272678233
-0.026749478482835824	0.17738524204587283
-0.02636026870035623	0.17737648286877258
-0.02597136662719663	0.17736687712629054
-0.025582773858246262	0.17735642674972318
-0.02519449197891961	0.17734513367081553
-0.0248065225651818	0.17733299982172268
-0.02441886718357407	0.17732002713497105
-0.02364450473594784	0.17729157298022652
-0.02325780075612299	0.17727609537880173
-0.022871416980867133	0.1772597866727796
-0.022099616114022304	0.17722468368235444
-0.021714202034266734	0.1772058932659858
-0.021329114182799303	0.17718627948101542
-0.020559923087116565	0.1771445895419968
-0.020201334375176145	0.17712400918695123
-0.019843035016498388	0.17710271787759138
-0.019127309062204577	0.17705800868989413
-0.017699380744415082	0.17696012808918452
-0.01734313944557177	0.17693390415060248
-0.01698719672865415	0.176906981841581
-0.01627621152591027	0.17685104839995996
-0.014857873066200393	0.17673087021869507
-0.01450405149155521	0.176699103314637
-0.014150537295572793	0.1766666506066197
-0.013444435311882568	0.17659969405420123
-0.012035966516537284	0.17645762030422088
-0.009234200472370755	0.17614118094741807
-0.008885421676292693	0.17609862915126828
-0.008536966596421601	0.17605541658543342
-0.007841031446613479	0.17596701537891146
-0.006453087866622576	0.1757823522591116
-0.0036931158386300407	0.17538193118016837
-0.00334962906123997	0.17532899362764726
-0.0030064807306671437	0.17527542013686434
-0.0023212028807641743	0.17516637151307207
-0.0009547463902009675	0.17494071084112348
0.0017615829543418465	0.17445947995960323
0.0020929082863798388	0.174397795791002
0.0024238956799299	0.17433552402498304
0.003084853729321159	0.1742092234412229
0.00440268271081316	0.17394963417855308
0.007021835162636881	0.1734028230504345
0.007347668525519778	0.17333190884045452
0.007673152851982139	0.1732604298401325
0.008323071796072204	0.17311578312101217
0.009618692924773171	0.17281977429318396
0.012192928795259501	0.1722012096691446
0.012513102147273084	0.17212142758452495
0.01283291662173069	0.17204110314157361
0.013471466642407948	0.17187883273280513
0.014744235158452001	0.17154784459519415
0.01727232339159312	0.17086038778088009
0.022257782410713238	0.1693859982499208
0.022592409297726827	0.1692813183388952
0.02292659457619829	0.16917605135633423
0.02359363808475319	0.16896376297143742
0.024922401660421263	0.16853221593485498
0.02755851766497125	0.1676416177918356
0.03274423753831048	0.1657533835620863
0.03306448342529784	0.16563074652248558
0.033384272521127994	0.16550757540545719
0.0340224787803386	0.16525963736965005
0.03529339292245342	0.16475742293751777
0.03781314645949844	0.16372799687685122
0.042763765502056114	0.16157196502354726
0.04304879781918817	0.16144233291658244
0.0433334235163178	0.1613122792264442
0.04390145424075559	0.161050912002753
0.045032627512015526	0.16052317239089922
0.04727537987074703	0.15944794417348274
0.05168221498826291	0.15722063276663067
0.05195414927673794	0.1570781067588398
0.052225671882069925	0.15693519724424373
0.052767481593882025	0.15664823229212016
0.05384615601940731	0.15606975074237828
0.05598370296702765	0.1548948353871061
0.06017944655383278	0.15247519754636538
0.06045986728997891	0.1523079911552692
0.060739801471888205	0.15214037607802067
0.061298209985669413	0.15180392532215994
0.062409186465396976	0.15112617941708692
0.0646077704542154	0.14975161132094378
0.06891144517363518	0.14692853547973428
0.07714522385188793	0.14100483855306764
0.077389965656401	0.1408175809309674
0.0776342405773341	0.14063000718969718
0.07812139016472876	0.14025391572037674
0.07909009119021677	0.13949798726550008
0.0810051249767227	0.1379713892853849
0.08474593519136427	0.13486111811198567
0.0918725545252838	0.1284267772181656
0.09207319433658899	0.12823522310163407
0.09227343607436499	0.12804344985861452
0.09267272592146217	0.1276592489594322
0.0934665352860956	0.12688825016140481
0.09503510674177035	0.1253360281301929
0.09809634145998604	0.12219196859878655
0.10391754416703312	0.11575523649611634
0.1041078597346617	0.11553379257604494
0.10429771952027088	0.11531214228068584
0.10467607266404146	0.11486822573756898
0.10542731969514077	0.11397795092175866
0.10690802868297158	0.11218780901507791
0.10978272651717934	0.1085705218129622
0.11518865593278126	0.10119837313967943
0.11533952268049279	0.10098076394189738
0.11549000560562882	0.10076301518677011
0.11578982077439941	0.1003271011264367
0.1163848538884182	0.09945362157406747
0.11755657521509881	0.09770017362685525
0.1198269894455686	0.09416823756540307
0.12407849168221977	0.08701121993120534
0.12421575848985036	0.08676683526454909
0.12435258920800153	0.08652232327896589
0.12462494333316478	0.08603291959792846
0.12516442902150346	0.08505260902856078
0.12622256332152618	0.08308609869213937
0.12825590401693637	0.07913048797487036
0.1283793329379789	0.07888229960516419
0.128502333248212	0.07863400108113965
0.128747048943614	0.07813707560876085
0.12923134696022873	0.07714192515177308
0.1301794597137464	0.07514653840621684
0.13199414729574974	0.07113629960562058
0.1321019750548909	0.0708894113038024
0.13220939643367555	0.07064243184378086
0.13242302084795088	0.0701482012045973
0.13284540185881344	0.06915866526841905
0.1336707366126417	0.06717539148575902
0.13524404180832966	0.0631927940123777
0.13533896174284762	0.06294320048247583
0.1354334814159086	0.06269352925527669
0.1356213207046808	0.062193955315238005
0.13599220410882606	0.06119389267598253
0.1367148301687303	0.05919019693558972
0.13808383064535054	0.05516921834319082
0.1381605265578806	0.054934235270804974
0.13823687891235772	0.054699195301008315
0.13838855347315407	0.0542289458691987
0.13868778565646603	0.05328777739771183
0.13926981108678127	0.05140282833357957
0.1403683299544725	0.047623003240898534
0.1404340948095168	0.047386344980223774
0.14049952006844973	0.04714963909643383
0.14062935225866965	0.04667608557644554
0.1408849465237722	0.045728419312249274
0.141379879708497	0.04383091168186726
0.1423049184101129	0.04002768282794261
0.14236448279807476	0.039769589221806026
0.14242365202297996	0.03951144984158623
0.14254080548207065	0.038995035093283316
0.1427703758835461	0.037961670948155626
0.1432105975414235	0.035892877933338126
0.1432638538658123	0.035634091622046386
0.14331671693143574	0.03537526479806513
0.14342126373525468	0.034857490905285414
0.14362564313134352	0.033821471159651964
0.1440155692013598	0.03174761549067422
0.14406254643471003	0.03148821946222019
0.14410913211338522	0.031228788026617216
0.14420112920499048	0.03070982019086018
0.14438042906845974	0.029671473429989017
0.14472027278934524	0.02759320527260798
0.145325095558031	0.023430921705791512
0.14535731245488276	0.023187819180979355
0.1453891904529123	0.022944694333073317
0.1454519299926289	0.022458378643375087
0.14557334489262433	0.021485490099978563
0.14579993061718896	0.019538738614682746
0.14582673200544238	0.019295308032765635
0.14585319538282543	0.019051858997134467
0.1459051083050088	0.018564906522949783
0.1460048801839715	0.01759079065703789
0.14618821846974464	0.015641768615758233
0.14620961735068444	0.015398071398307383
0.14623067894766242	0.015154359533672782
0.14627179044931546	0.014666892807120632
0.14634996776494721	0.013691793964178035
0.14636866946016708	0.01344798616993893
0.1463870341740818	0.013204165612231507
0.14642275279724745	0.012716487144905472
0.14649014776403702	0.011740987362873764
0.1465061545523802	0.011497084022367576
0.14652182462136373	0.011253169791206719
0.1465521547201134	0.01076530959043667
0.14660877555703203	0.009789468761913772
0.14662208939125043	0.00954548482402102
0.14663506672723195	0.009301491858977216
0.14666001200290532	0.00881347977676845
0.14670586562221993	0.00783735750278188
0.14671628276615134	0.007598100441728332
0.14672637667087143	0.007358836483824817
0.14674559483619753	0.00688028874993596
0.1467547191320838	0.0066410054099729
0.14676352025931916	0.006401716045209987
0.14678015307188527	0.005923120112457487
0.1467879847877594	0.005683813979870513
0.14679549339606915	0.005444502693294551
0.14680954134456548	0.004965865528232115
0.14681608071055538	0.0047265400846180335
0.14682229702058747	0.004487210356765288
0.14683376051786423	0.0040085389174628555
0.1468390077261697	0.003769197640444748
0.14684393192063858	0.0035298529480567702
0.14684853311031867	0.0032905050573992394
0.1468528113036646	0.0030511541855313875
0.14685676650853768	0.002811800549474095
0.1468603987322061	0.002572444366212685
0.14686370798134463	0.002333085852699709
0.14686669426203477	0.0020937252258576853
0.14686935757976458	0.0018543627025820561
0.1468716979394288	0.001614998499743864
0.14687371534532864	0.001375632834192432
0.14687540980117186	0.0011362659227583194
0.14687678131007276	0.0008968979822560559
0.14687782987455197	0.0006575292294869316
0.14687855549653686	0.000418159881241786
0.146878958177361	0.00017879015430374037
0.14687903791776458	-0.0000605797345488445
0.1468787947178941	-0.0002999495685396912
0.14687822857730257	-0.0005393191308919276
0.1468773394949494	-0.0007786882048251312
0.14687612746920067	-0.0010180565735525952
0.1468745924978285	-0.001257424020278539
0.1468727345780119	-0.0014967903281953203
0.14687055370633612	-0.0017361552804807
0.146868049878793	-0.0019755186602948855
0.14686522309078098	-0.002214880250777855
0.14686207333710494	-0.0024542398350466733
0.14685860061197648	-0.002693597196192545
0.14685480490901373	-0.002932952117278068
0.14685068622124167	-0.003172304381334455
0.14684147986040244	-0.0036510000703110107
0.14683639217041886	-0.003890343061111529
0.14683098146179305	-0.00412968252663797
0.14681919094825782	-0.004608350013150224
0.14681281112168734	-0.004847677599653613
0.1468061082331529	-0.0050870007919125585
0.14679173322034872	-0.005565633124130204
0.14678406106967576	-0.005804941829154361
0.1467760658042323	-0.006044245270059333
0.14675910586970975	-0.00652283548891777
0.14672130793768492	-0.007479943176565905
0.14671016517591118	-0.007739505096239477
0.14669864197939697	-0.007999058747203034
0.1466744541817692	-0.008518140128075294
0.14662151221960346	-0.00955619139365346
0.14660732523713074	-0.009815679352545095
0.1465927575978723	-0.01007515680928034
0.1465624802224287	-0.010594079096714915
0.1464973561520803	-0.01163178532110807
0.14648012298929328	-0.011891181417498732
0.14646250889533954	-0.01215056476812521
0.1464261377612316	-0.012669292106796926
0.1463488225936638	-0.013706581445537132
0.14617589106083506	-0.015780435482163936
0.14615255798675023	-0.01603959377567118
0.1461288432762821	-0.016298734797062446
0.1460802687414677	-0.016816963883513007
0.14597853773789157	-0.017853202236141497
0.14575673548852114	-0.019924735463393014
0.14572728966190893	-0.02018358305550379
0.1456974612862749	-0.020442408782474445
0.14563665663158554	-0.020959993481955985
0.14551045386909925	-0.02199488773090902
0.14523965914374534	-0.02406351027643151
0.14520647290494565	-0.024304707581762505
0.1451729525520066	-0.02454588178973965
0.1451049092541361	-0.025028159952796135
0.14496481050970614	-0.025992428524235597
0.14466854967607443	-0.027919760437046876
0.14463000980546703	-0.028160559192594657
0.14459113475282176	-0.028401330970386097
0.144512378813531	-0.02888279261083976
0.1443508415504721	-0.02984538133820881
0.14401164860101104	-0.031769165126224436
0.1439677368670099	-0.032009502588548386
0.14392348873074637	-0.032249809102859066
0.14383398292575736	-0.032730328281371915
0.14365093087344213	-0.03369098417267638
0.1432686460096699	-0.03561070921948541
0.14243919354289397	-0.03944335151215693
0.14237987202359476	-0.039702620159344906
0.1423201519458298	-0.03996184272275879
0.14219951560609462	-0.040480148243031484
0.14195345458466144	-0.04151619133127663
0.14144214968377658	-0.04358592888511132
0.14034256224889166	-0.04771538490887387
0.14027042004992762	-0.047973007267457436
0.14019787484872503	-0.048230572334715525
0.14005157483383507	-0.04874552914056905
0.13975413207266923	-0.04977473920650073
0.1391398407614605	-0.051830262567836224
0.13783334642384304	-0.055929049269686865
0.13774978707658486	-0.056179987950604596
0.13766583430137377	-0.05643085977554329
0.13749674780812923	-0.05693240136750271
0.13715384640233574	-0.05793466583643668
0.1364490922051975	-0.05993583523325632
0.13496346837020354	-0.06392404497688461
0.13486723462863268	-0.06417265474309278
0.1347706018883995	-0.06442118524608989
0.13457613867596036	-0.0649180068411388
0.1341824161395719	-0.0659106809760523
0.1333757446820438	-0.06789206078723015
0.13168515339532946	-0.07183819310420672
0.13158341025088094	-0.07206752127030823
0.13148131464772347	-0.07229676873048695
0.13127606541305128	-0.07275502009481506
0.13086133024396418	-0.07367053847756799
0.13001487611101115	-0.07549755606584195
0.12825373198166543	-0.07913484676628502
0.12445602499260762	-0.08633688342588712
0.12432083867462543	-0.08657914123022367
0.12418522478968062	-0.08682127457464582
0.12391271338802835	-0.08730516569613443
0.12336254952447154	-0.08827143026279805
0.12224160504588164	-0.09019776401574571
0.11991682544352683	-0.09402462938249627
0.11493226999624595	-0.10156659910113751
0.11478009783185265	-0.10178421605107803
0.11462753974904055	-0.1020016909646001
0.11432126503765518	-0.10243621251698515
0.11370407589900437	-0.10330352727770828
0.1124510945176002	-0.10503112013404152
0.10987036613669073	-0.10845715129626181
0.10440704534145441	-0.11518417522359568
0.10423327411173117	-0.11538746131598117
0.10405912006352758	-0.11559057445360472
0.10370966280523745	-0.11599627941478922
0.1030061467133455	-0.11680558683693609
0.10158066908025445	-0.11841565228488064
0.09865562367925589	-0.12160044700214154
0.09250679865948895	-0.12781919762588032
0.09229126693197304	-0.1280263439774415
0.09207527213001673	-0.12823323625888478
0.09164189256108199	-0.12864625488268303
0.09076956842617892	-0.12946920212112425
0.08900261992636291	-0.13110252424939514
0.08537921465929317	-0.1343171435347872
0.07777217689554725	-0.14052379050269712
0.07754314084905928	-0.1407000396452425
0.07731369347167066	-0.14087601084991114
0.07685356440112552	-0.14122711582252703
0.07592836681098791	-0.14192595053116897
0.0740581975064202	-0.14330991315601377
0.07023865120070974	-0.14602133338966766
0.06999641934661636	-0.14618822811344298
0.0697537742815623	-0.14635481478670329
0.06926724438796275	-0.14668706006096402
0.06828922472735902	-0.14734781074298098
0.06631334081040066	-0.148654130029143
0.06228217801220734	-0.1512042273715662
0.062005223513919294	-0.15137390956379418
0.06172778322608515	-0.15154319141076794
0.061171445421672375	-0.15188054868250583
0.06005294203838748	-0.15255039964534678
0.05779263576928031	-0.153870341310679
0.053178959169476826	-0.15642869116799807
0.052886491290985174	-0.15658487824116327
0.052593540235855954	-0.15674062024680868
0.05200618914189455	-0.1570507632410976
0.0508256950404262	-0.15766564427338875
0.0484415743786131	-0.158873456601891
0.04358113502276913	-0.16119859828182875
0.043293693178749766	-0.16133046961421377
0.043005835421218164	-0.16146191099297558
0.042428873011032694	-0.1617234988112643
0.041269966709112337	-0.16224145900319872
0.03893227973168408	-0.16325623002751777
0.03417786631340055	-0.16519884099332371
0.03387723623491138	-0.1653163121748699
0.03357619866068891	-0.16543331157800012
0.03297290231693126	-0.16566588965918216
0.031761434103876156	-0.16612532506030406
0.029319072857951385	-0.1670210079628208
0.024357322675710977	-0.16871715233905024
0.02404998094586693	-0.16881685849459135
0.023742259324663437	-0.16891606868723175
0.02312567811583577	-0.16911299583129638
0.021887976013546858	-0.16950083957581424
0.019394513977794008	-0.17025218261349792
0.019081147391257325	-0.1703437917450633
0.018767408222961544	-0.17043488327683906
0.018138814116328922	-0.1706155080648475
0.01687717689292436	-0.17097048610156518
0.014336222664835705	-0.17165504698644787
0.014016956353867622	-0.17173820926445882
0.01369732587423502	-0.17182083182681404
0.01305697467017018	-0.17198445221365116
0.011771927370842147	-0.1723051548041976
0.009184585855415366	-0.1729200919989831
0.0039420409824335555	-0.17404155093665846
0.0035834059608670765	-0.17411223584470772
0.003224366583122834	-0.17418223205150046
0.0025050784507518508	-0.17432015097485387
0.0010616909258163042	-0.17458764305394037
-0.0018441130241364002	-0.17508882822404073
-0.002209103118457097	-0.17514827138576203
-0.0025744819493642994	-0.17520699609987234
-0.0033064016534306868	-0.1753222826923593
-0.0047748596271232424	-0.17554415200291917
-0.007730006470673176	-0.1759526537232526
-0.008101087211016334	-0.17600037619989034
-0.008472539112952688	-0.17604735010024622
-0.009216551729595521	-0.17613904459735089
-0.010708979054052775	-0.1763133672958506
-0.011082995983634073	-0.17635504808878047
-0.011457374518321567	-0.17639596512983746
-0.01220721146809841	-0.17647550035092954
-0.013711169876683282	-0.17662532206602263
-0.014088044692482192	-0.17666083956723577
-0.014465271025372935	-0.17669557808568423
-0.015220773037590828	-0.1767627105456966
-0.016735937533544583	-0.1768875437264415
-0.017115587631330097	-0.17691677593840688
-0.017495578612701016	-0.1769452138966972
-0.01825657774450903	-0.17699969940839091
-0.019782605820207105	-0.17709905528797937
-0.020139434681178618	-0.17712038288196785
-0.020496550806797305	-0.1771410054199989
-0.02121164016832999	-0.17718012910839934
-0.021569611045381666	-0.1771986271487561
-0.021927864469320067	-0.17721641391317963
-0.02264521416476612	-0.17724984739421898
-0.023004308022506727	-0.17726549100096217
-0.023363679599563564	-0.17728041711207768
-0.024083251007922163	-0.17730811062880766
-0.024443448369969117	-0.17732087492550042
-0.024803918512786762	-0.17733291550877375
-0.02552567212526166	-0.1773548193194844
-0.025886953069600788	-0.17736467943978182
-0.026248501744038796	-0.17737380963243324
-0.026610316868254397	-0.17738220834463786
-0.026972397154829714	-0.17738987402395076
-0.027334741309233166	-0.1773968051183105
-0.027697348029801613	-0.17740300007606605
-0.028060216007722613	-0.17740845734600458
-0.028423343927017515	-0.17741317537737905
-0.028786730464524415	-0.17741715261993596
-0.029150374289880755	-0.17742038752394335
-0.029514274065505778	-0.17742287854021907
-0.029878428446583862	-0.17742462412015897
-0.0302428360810479	-0.17742562271576548
-0.030607495609562003	-0.17742587277967606
-0.03097240566550445	-0.17742537276519227
-0.03133756487495116	-0.17742412112630845
-0.031702971856659455	-0.17742211631774124
-0.032068625222051075	-0.17741935679495838
-0.03243452357519542	-0.1774158410142086
-0.03280066551279336	-0.1774115674325511
-0.03316704962416128	-0.17740653450788513
-0.03353367449121452	-0.17740074069898035
-0.03390053868845076	-0.17739418446550664
-0.034267640782934386	-0.1773868642680645
-0.034634979334280766	-0.1773787785682155
-0.035002552894640035	-0.17736992582851285
-0.03537036000868083	-0.17736030451253224
-0.03573839921357509	-0.1773499130849028
-0.036106669038982735	-0.17733875001133817
-0.0364751680070352	-0.17732681375866774
-0.03721284742186828	-0.1773006155890953
-0.037582024875133686	-0.17728635061171497
-0.037951425483982636	-0.17727130633433613
-0.038690890097859795	-0.17723887377242403
-0.039060951048538614	-0.17722148243761118
-0.03943122904607355	-0.17720330570230575
-0.040172429988817204	-0.17716458994488235
-0.04054334981836931	-0.17714404788372445
-0.04091448046343558	-0.1771227143440606
-0.04165736788396494	-0.17707766676781536
-0.04314560259964561	-0.17697800728774352
-0.043549343807541246	-0.17694880268934038
-0.04395331735005344	-0.17691865430018908
-0.04476195307817774	-0.17685551850659617
-0.046381919974561994	-0.17671783750290793
-0.046787460802599726	-0.17668102920604165
-0.04719321696135257	-0.1766432619017022
-0.048005366561719894	-0.17656484271565978
-0.04963215331359465	-0.17639641331956488
-0.05003935528359311	-0.1763518802282578
-0.050446754879531326	-0.1763063731001983
-0.05126213788681393	-0.17621242928092667
-0.05289517510326218	-0.17601277141459457
-0.05616981248179104	-0.17556596205034125
-0.05657989867998788	-0.1755056227049076
-0.056990144957619726	-0.17544427994094972
-0.05781110797061978	-0.1753185769526872
-0.05945484672833544	-0.1750550509493605
-0.06274901281823164	-0.17447912123805617
-0.06316136084403039	-0.17440251347993618
-0.06357382850635912	-0.17432487402545305
-0.06439911222959185	-0.17416649313300125
-0.06605099904961872	-0.17383727545796923
-0.0693594467468649	-0.1731286376431369
-0.06976584243221094	-0.1730370291548139
-0.0701723116691661	-0.17294440031797312
-0.07098546015434114	-0.17275607543021193
-0.07261252206334415	-0.17236711395725077
-0.07586909576101818	-0.17153960674099197
-0.07627634327219848	-0.17143149090653356
-0.07668362051476584	-0.17132233077893994
-0.07749825286324959	-0.1711008718902819
-0.07912774909771976	-0.1706453596968117
-0.08238701940003818	-0.16968364470765748
-0.08279439701528817	-0.16955865139612653
-0.0832017577978509	-0.16943259162533322
-0.08401641685077657	-0.16917726743344622
-0.08564540021515418	-0.16865376399717952
-0.0889013415613735	-0.16755505233338835
-0.09539949050907788	-0.16514865143394825
-0.09577757035339304	-0.16499968230940015
-0.09615554765961626	-0.16484975225947962
-0.09691118383028745	-0.16454700605306966
-0.0984211061855973	-0.16392994634107455
-0.10143493485196528	-0.16264938147769212
-0.10743349925504891	-0.1599011721473757
-0.10780691903633285	-0.1597210800395165
-0.10818014603075744	-0.15954000442713448
-0.1089260098953696	-0.1591749004609859
-0.11041529439559081	-0.15843286650026148
-0.11338342290325604	-0.15690138207678567
-0.11927248833158202	-0.15364798219515527
-0.11966906852400698	-0.1534182892727057
-0.12006530729837239	-0.15318742477419375
-0.12085674454110629	-0.15272217988912468
-0.12243534498898026	-0.1517776193088606
-0.12557454062350945	-0.149832169957919
-0.13177353759544463	-0.14571581475821876
-0.1321571649845026	-0.14544856420519894
-0.13254031889442008	-0.1451801406250437
-0.1333051893168488	-0.14463977532737268
-0.1348290615237086	-0.14354497977840006
-0.1378523742842014	-0.1412992046211952
-0.14379354781865045	-0.13658376924844975
-0.14413558704660945	-0.1362994475218517
-0.1444770934104695	-0.1360141176669405
-0.14515849326440958	-0.13544043626600008
-0.1465147413753193	-0.13428100638834922
-0.1492002286083475	-0.13191404841931065
-0.15445672365853147	-0.12698930457569707
-0.15477993117271804	-0.12667312974446335
-0.15510249074313337	-0.1263559757441027
-0.1557456516066761	-0.12571873489656216
-0.1570240391039686	-0.12443255532803683
-0.15954826844694667	-0.1218136862240751
-0.16446008519051283	-0.11639237692045311
-0.16475486600884157	-0.11605235195567748
-0.16504891346827053	-0.11571142929445172
-0.1656347948484809	-0.11502689722623796
-0.16679760936038185	-0.11364713136485154
-0.16908669494964904	-0.11084516762533952
-0.17351273259662253	-0.10507471676941413
-0.1737823912272792	-0.10470682600472107
-0.1740512103833066	-0.10433809575370184
-0.174586317282691	-0.10359812509537909
-0.17564631479656478	-0.10210820212928864
-0.1777247241474441	-0.09908891423844064
-0.18170951551223694	-0.09289665224498558
-0.1819711747296935	-0.09246952641459232
-0.1822317265690235	-0.09204149959419755
-0.18274949257504725	-0.09118275607171371
-0.18377156574038958	-0.08945460226869348
-0.1857610209548691	-0.08595638693804546
-0.18951448407065116	-0.07879867083394912
-0.1897388372516623	-0.07834443436073793
-0.18996196465066298	-0.07788941144090297
-0.19040452820325757	-0.07697702189474072
-0.19127479386971966	-0.0751429784705912
-0.1929551206984043	-0.07143873397529132
-0.1960691029320482	-0.06389305747442753
-0.19624035533909562	-0.06344762637324702
-0.19641045060925275	-0.06300162689764392
-0.1967471601794685	-0.06210793737428789
-0.1974065893176941	-0.06031389859346414
-0.19866897073088313	-0.0567000127999248
-0.19882142978047063	-0.05624593074756485
-0.198972695134577	-0.055791339938076084
-0.19927163613742924	-0.05488064736523249
-0.199855099850551	-0.05305332626008343
-0.20096389144656718	-0.04937581235590825
-0.20109700104324876	-0.048914055610930395
-0.2012288842839959	-0.04845185265679113
-0.201488964093108	-0.047526124128920585
-0.2019943247120178	-0.045669489212583785
-0.20294544547810886	-0.04193641709180719
-0.2030587140522326	-0.041468006452246846
-0.20317072779027492	-0.040999214762756586
-0.20339098423424953	-0.04006050484792731
-0.2038163683028713	-0.03817869565731062
-0.20460627842525503	-0.0343984611197127
-0.2047100168829683	-0.03386930836747549
-0.20481216148586806	-0.03333976541072673
-0.2050116616565903	-0.03227953271827701
-0.2053914551518795	-0.030154647679677966
-0.205482391868325	-0.02962254067242536
-0.20557172052861397	-0.02909009141264959
-0.20574554712470638	-0.028024190309563185
-0.20607383314930194	-0.02588854753138574
-0.20615186094549906	-0.025353872194464357
-0.20622826832886434	-0.02481890320041433
-0.206376216234191	-0.023748108710476442
-0.20665260689078277	-0.021603265475701055
-0.20671763347063846	-0.021066412572276514
-0.20678102916057275	-0.02052931516167112
-0.20690292319681544	-0.019454411538872157
-0.20712709085457062	-0.017301942512089094
-0.20717903906625804	-0.01676330692439778
-0.20722934782027339	-0.016224476442973573
-0.20732504324378068	-0.01514625572318289
-0.20737042813321935	-0.01460687796078368
-0.20741417000495885	-0.01406733025621854
-0.20749672146915898	-0.012987750029446259
-0.2075355295246081	-0.012447730023663684
-0.20757269148840388	-0.011907565108194218
-0.20764207440248858	-0.01082682562983162
-0.20767429405990834	-0.010286263617899243
-0.20770486503999416	-0.009745581797829405
-0.20776105871921463	-0.008663883875803236
-0.20778668037054904	-0.008122880353387974
-0.20781065124899628	-0.007581782181543572
-0.20783297090743436	-0.007040595657476386
-0.20785363892948996	-0.006499327081030101
-0.20787265492955712	-0.005957982754497819
-0.2078900185528146	-0.005416568982434026
-0.20790572947524194	-0.004875092071467292
-0.20791978740363373	-0.0043335583301117335
-0.2079321920756129	-0.0037919740685783375
-0.20794294325964258	-0.0032503455985871013
-0.20795204075503643	-0.0027086792331790554
-0.20795948439196774	-0.0021669812865273163
-0.20796527403147683	-0.0016252580737480705
-0.20796940956547763	-0.001083515910712385
-0.20797189091676221	-0.0005417611138579796
-0.2079727180390045	-6.153246892150437e-17