-0.10113834878540115	0.
-0.10113810017911232	0.00021460874763948732
-0.10113735436240281	0.0004292161658172698
-0.1011361113417434	0.0006438209250888943
-0.10113437112791865	0.0008584216960444093
-0.10113213373602659	0.001073017149325616
-0.10112939918547854	0.0012876059556433167
-0.10112616749999866	0.001502186785794561
-0.10112243870762348	0.0017167583106798897
-0.10111821284070141	0.0019313192013205777
-0.1011134899358921	0.0021458681288758705
-0.10110827003416571	0.002360403764660221
-0.10110255318080212	0.002574924780160516
-0.10109633942539016	0.0027894298470533085
-0.10108962882182645	0.0030039176372220265
-0.10107471730736367	0.0034328360760586644
-0.10106651652578769	0.0036472640696827586
-0.10105781915470367	0.0038616694765295275
-0.10103893494998753	0.004290407222904885
-0.10102874828009305	0.004504736909732721
-0.10101806534816246	0.004719038704416051
-0.10099521107293116	0.005147553315804693
-0.10098303992773196	0.005361763482701628
-0.10097037291669599	0.0055759404578715616
-0.10094355174049796	0.0060041895380245494
-0.10088396411516688	0.0068602311785394355
-0.10086782935680917	0.007074138769685501
-0.10085119973068522	0.00728800259167495
-0.10081645645538441	0.007715593649534365
-0.10074103811302013	0.008570192503852232
-0.10072094868307836	0.008783713020975232
-0.10070036565661034	0.008997179227761953
-0.10065771953048792	0.00942394345238052
-0.10056651223753377	0.010276762381369254
-0.10054247925768062	0.010489811646576674
-0.10051795422414621	0.010702796105184905
-0.10046742884769246	0.011128565369672844
-0.10036048305441522	0.011979268705908406
-0.10012306440541914	0.013677042727763688
-0.10008848266821567	0.013906714863850863
-0.10005332722055767	0.014136286230647383
-0.09998129662263751	0.014595120069587922
-0.09983036693702334	0.015511506149314893
-0.09950112093910182	0.017338785143528886
-0.09945740570865995	0.01756664823077435
-0.0994131231404522	0.017794384394421683
-0.09932285778065922	0.018249469474994322
-0.09913553900814479	0.019158045427038334
-0.09873385661530384	0.020968460418705353
-0.09868112060949066	0.02119409951475658
-0.09862782506543037	0.021419586020149654
-0.09851955750346654	0.021870094917891773
-0.09829633177171133	0.02276921200347872
-0.09782324466341268	0.024559491279342968
-0.09677161287615918	0.028105447713726122
-0.09670594143606391	0.02831085791845517
-0.09663979929106614	0.028516092015876737
-0.09650610516789179	0.02892602700010543
-0.09623309377010514	0.029743730032426884
-0.09566471094828517	0.03137019754787627
-0.09443961496852903	0.034585244190038986
-0.09435918171925492	0.034784424169448755
-0.09427829780211638	0.0349833901007443
-0.09411518070559816	0.03538067524620901
-0.0937835688426653	0.03617262680960973
-0.09309899227977834	0.037745802442775894
-0.09164573443104222	0.04084726063758331
-0.09155309351151462	0.04103527789945905
-0.09146004202799528	0.041223055596495105
-0.09127271033696983	0.04159788833078848
-0.09089315298812879	0.04234463556033299
-0.09011463212107056	0.04382623864035032
-0.08848135845673784	0.04674017061384439
-0.08837596035590492	0.046920043917777265
-0.08827017671306606	0.047099647338939545
-0.0880574560952981	0.04745804094155624
-0.08762742471879355	0.04817155021886607
-0.08674918881343432	0.049585259886647394
-0.08492155315735586	0.05235790802410577
-0.08479427706063876	0.05254317816789479
-0.08466657965450283	0.05272809863564694
-0.08440992546621712	0.05309688647354286
-0.08389161159707097	0.053830221522549127
-0.08283522011132342	0.055279706991804324
-0.08064548029744166	0.058108223234577525
-0.08050529872055545	0.058281820914818025
-0.08036473342970077	0.058455038568802464
-0.08008245655231831	0.05880033031066335
-0.0795133516470335	0.05948631537748392
-0.0783572110642812	0.06083970251531977
-0.07597542088963087	0.06347069264610142
-0.07583371464848407	0.06362098596074607
-0.07569170863688619	0.06377092599621613
-0.07540680141121654	0.06406974387742598
-0.07483343496680822	0.06466311461395771
-0.07367272542218735	0.0658326688244247
-0.071297261575172	0.06810205850568385
-0.07114647646169361	0.06824077234004297
-0.07099542486212006	0.06837911580483762
-0.07069252641200183	0.06865468972588187
-0.07008357798880928	0.06920137243142732
-0.06885331130771688	0.07027677542069875
-0.06634519410891684	0.0723549635957282
-0.06617310059156299	0.07249219236854804
-0.06600073396777614	0.07262897027253107
-0.0656551868106705	0.07290117162418062
-0.06496087473519423	0.07344014381751424
-0.06355968263148919	0.07449626863036282
-0.06070945106556397	0.07652052227094548
-0.060529289114715806	0.07664311646961453
-0.06034889732778822	0.0767652472733998
-0.05998742964065342	0.07700811743773628
-0.05926179555461901	0.07748828343511595
-0.05780003407126624	0.07842625339194122
-0.05483694246888363	0.08021228681512514
-0.05465350152488924	0.08031795911750553
-0.05446988036165993	0.08042317714934225
-0.0541021024034929	0.08063224973902343
-0.053364439094525734	0.08104493660492502
-0.05188096322768286	0.08184844500423008
-0.048883643971976976	0.08336779525263155
-0.048695054708351074	0.08345886739425178
-0.04850632495984117	0.08354948183380959
-0.048128448901112904	0.08372933742735723
-0.047371064717683514	0.08408355441838228
-0.04585004045792247	0.08477000618630423
-0.04278512922729755	0.08605498457096962
-0.042605584651841374	0.08612628332770157
-0.04242595125984537	0.08619718407597074
-0.042066421852519256	0.08633779175876803
-0.04134633926202874	0.0866142334894889
-0.03990229170310968	0.08714803742967916
-0.0370003521342716	0.08813947963992022
-0.03681843395365234	0.08819808009288765
-0.036636456959921314	0.0882562854030586
-0.03627233019608338	0.08837151110855762
-0.03554341112681182	0.08859722657942486
-0.034083114167605365	0.08902974535919707
-0.031154292686518134	0.08981941590282132
-0.030955471062459213	0.08986931116889499
-0.03075661401443725	0.08991874789504493
-0.030358798080685218	0.09001624672703729
-0.029562789784393525	0.09020575305790038
-0.027969513079873186	0.09056285981738715
-0.027770256581344174	0.09060544985023654
-0.027570982150348124	0.09064758565021122
-0.02717238378886059	0.09073049571932566
-0.026375019031409798	0.09089087804975886
-0.024779855246999685	0.09118996008669897
-0.024580439607309285	0.0912253187463389
-0.024381022972432935	0.09126022813102667
-0.023982190873907818	0.09132870039930294
-0.023184560333695745	0.09146026832802104
-0.022985165720065374	0.09149204216807327
-0.02278577836641093	0.09152336944080917
-0.02238702952374646	0.09158468568147672
-0.021589663762888196	0.09170197484854457
-0.021390355710781763	0.09173018603915022
-0.021191063028968046	0.09175795351438036
-0.020792527788019086	0.09181215878621118
-0.019995685750962625	0.09191526100748823
-0.018403137154929014	0.09210031706091505
-0.018217412146608016	0.09212008173687393
-0.01803171423040049	0.09213946500877675
-0.01766040281891506	0.09217708864080806
-0.016918139592613367	0.09224777344360893
-0.01673265324651889	0.09226449606239912
-0.016547200235630947	0.09228083991624918
-0.016176397307277365	0.09231239267628163
-0.015435225339143837	0.09237096791519678
-0.015250027202030211	0.09238466991388661
-0.015064868529391179	0.09239799587858923
-0.014694672608256833	0.09242352109788105
-0.014509636870650574	0.09243572105179333
-0.014324643619295379	0.09244754637034872
-0.013954787577426539	0.09247007451481908
-0.013769926283478107	0.09248077805076904
-0.013585110468909777	0.09249110837141626
-0.013215618251321061	0.09251065080130931
-0.013030943330518822	0.09251986363104969
-0.012846316853531641	0.09252870468646075
-0.012477212175688646	0.09254527292937613
-0.012292735442684504	0.09255300084758407
-0.012108310089197808	0.09256035845285437
-0.011923936844660943	0.09256734611366706
-0.011739616436708117	0.09257396419973929
-0.011555349591174971	0.09258021308201793
-0.01137113703209833	0.0925860931326717
-0.011002877660465555	0.09259674823384295
-0.010818832286985955	0.09260152403473823
-0.010634844078115492	0.09260593250474895
-0.01045091374889243	0.09260997402203837
-0.010267042012554758	0.09261364896594561
-0.010083229580540011	0.09261695771697831
-0.009899477162485086	0.09261990065680492
-0.009715785466226281	0.09262247816824715
-0.009532155197799173	0.0926246906352724
-0.009348587061438578	0.09262653844298631
-0.00916508175957855	0.09262802197762515
-0.00898163999285251	0.09262914162654846
-0.008798262460093197	0.09262989777823141
-0.008614949858332745	0.09263029082225743
-0.008431702882802901	0.09263032114931075
-0.008248522226935092	0.0926299891511689
-0.00806540858236055	0.09262929522069548
-0.007882362638910623	0.09262823975183253
-0.007699385084616931	0.09262682313959325
-0.0075164766057115705	0.09262504578005473
-0.007333637886627486	0.09262290807035045
-0.007150869609998741	0.09262041040866306
-0.006968172456660768	0.09261755319421697
-0.006785547105650844	0.09261433682727113
-0.0066029942342084305	0.09261076170911177
-0.006424103609541501	0.09260690907538599
-0.0062452839246236675	0.09260271243315747
-0.006066535812477796	0.09259817216332722
-0.005887859904467905	0.09259328864771839
-0.005709256830299621	0.09258806226906999
-0.005530727218020676	0.09258249341103032
-0.005173890883035309	0.09257032979587787
-0.004995585408139522	0.09256373581054987
-0.00481735589075543	0.09255680088938723
-0.004461127205932979	0.09254190979282009
-0.004283129273064213	0.09253395439621681
-0.004105209766847653	0.09252565962136858
-0.003749608485327619	0.09250805350395112
-0.0035719279313734713	0.0924987429469955
-0.0033943282467716737	0.09248909458300954
-0.0030393739101728157	0.09246878601430707
-0.0023304622469394044	0.09242413262207447
-0.0021534455389031703	0.09241213071114346
-0.00197651450649195	0.09239979417487451
-0.0016229118404320565	0.09237411883217737
-0.0009167606146900108	0.09231877034993227
-0.0007404458344880442	0.09230410271460505
-0.0005642214310553885	0.09228910368533937
-0.00021204607396982896	0.09225811307477137
0.0004911946961913918	0.09219217309403496
0.0006667703058971713	0.09217486575060907
0.000842250942296282	0.09215723029123898
0.0011929250278343926	0.09212097667683361
0.0018931086693598598	0.09204455026798038
0.002067908700715836	0.09202462959481646
0.002242609266235533	0.09200438412725488
0.002591709784235729	0.09196292048199421
0.003288692949631759	0.09187611409717417
0.004677665800486651	0.09168707942807955
0.004865521905476483	0.09165986706251569
0.005053250649168095	0.09163228034009088
0.00542832335488651	0.09157598600987167
0.006176910878410889	0.09145892914575762
0.0076677061239186755	0.09120706590317865
0.007853444677100672	0.09117392976480464
0.00803904533181584	0.0911404280924242
0.008409830387662017	0.09107233037461474
0.009149717698435018	0.09093177308382722
0.01062262062627471	0.09063333667080248
0.010806077197033328	0.09059441917162694
0.0109893858852987	0.09055514512187579
0.011355557192815767	0.09047552963548885
0.012086098699014598	0.09031204499664827
0.013539844374410423	0.0899681885009442
0.016416951053405487	0.08921395193831319
0.01658345041183332	0.08916726710489938
0.016749805063770943	0.08912028776516075
0.01708207849400516	0.08902544744717082
0.017744869665413953	0.08883225343220465
0.019063332959350702	0.08843191745253556
0.021671032998162004	0.0875763005185294
0.02183269146225671	0.0875204255475891
0.02199419191248361	0.08746427119798571
0.022316717205611233	0.08735112626231514
0.022959854482237443	0.0871215047462519
0.02423838994262137	0.08664904160096044
0.026763836425348863	0.08565208718372724
0.026933376606874893	0.0855820735273322
0.027102717174703403	0.0855117495354437
0.02744079770116555	0.08537017296871073
0.028114544043281207	0.0850833224654635
0.02945228122012824	0.08449496762395682
0.032087984298897455	0.0832607265331545
0.03225092632299678	0.08318108228590394
0.03241365546296187	0.08310114704779693
0.03273847354843895	0.08294040600795399
0.03338553824165474	0.08261545852585149
0.03466929752159442	0.08195183660105267
0.03719468416397828	0.08057075910569113
0.03734778108000973	0.08048372447495289
0.037500661715739916	0.08039642785659779
0.03780577288298006	0.08022105090701927
0.038413386037307366	0.07986717789065599
0.039618106706890456	0.07914708102154486
0.041984992791686666	0.0776584849056385
0.04213101885828342	0.07756334423602283
0.0422768192157093	0.077467959430568
0.0425677417144536	0.07727645962146429
0.04314686629971545	0.07689055465562235
0.0442941745132289	0.07610724658693922
0.04654456948905598	0.07449561883794652
0.04667390587830938	0.07439986490587093
0.04680303892648353	0.07430391381498296
0.04706069424395827	0.07411142190865154
0.047573556523151234	0.07372409144317287
0.04858944646654699	0.0729401415947776
0.050581569803571036	0.07133586338137826
0.05440482123687264	0.06798793728949103
0.0545305997715012	0.06787133144901843
0.054656126801618896	0.06775452590161571
0.05490642564367253	0.06752031780834905
0.05540399757694124	0.06704952845581208
0.056387000221240165	0.06609857528074124
0.05830414744549469	0.06416010969507592
0.06194085541220054	0.06014433906018893
0.06204294200695765	0.060024556079819026
0.062144801241310034	0.05990462776927165
0.06234783723394608	0.059664336775260146
0.06275117658238508	0.05918202859658524
0.06354690333645606	0.05821059755062298
0.06509438515384514	0.0562411919628228
0.06518914989413724	0.05611695708012025
0.06528368437854185	0.055992589614553896
0.06547206225226347	0.055743458501806044
0.06584605135469002	0.05524362249676313
0.06658294526591933	0.0542377426158797
0.06801226048611712	0.052201844133573774
0.06810690900322709	0.052062832375433084
0.06820128435575522	0.05192367948120677
0.06838921522509019	0.05164495221497592
0.06876179525945592	0.051085825255558874
0.06949381009776882	0.04996098906636437
0.07090511895383779	0.04768584020145391
0.07099098650668924	0.047542548971987786
0.07107657842850618	0.04739913179952883
0.0712469351056702	0.04711192149096999
0.07158433790787219	0.04653601004904499
0.07224588661640893	0.045378327692662895
0.07351584517516684	0.043040349210091464
0.07359146114602973	0.042895935909477316
0.07366680954262292	0.04275141535928526
0.07381670340871788	0.042462054217726315
0.07411327802374403	0.041882063699027715
0.07469356382662208	0.040717104798363164
0.07580259887021056	0.0383680306100428
0.07586962889630576	0.03822039504101379
0.07593638988900592	0.0380726656806754
0.0760691046144158	0.03777692724144116
0.07633130392417443	0.03718434305468085
0.07684277342867633	0.03599483765407059
0.07781393154722124	0.03359921135860575
0.07786842400149802	0.03345887396624559
0.07792268132856328	0.033318466289229104
0.07803049050098676	0.0330374413871959
0.07824328622940623	0.032474562518305244
0.07865758186429875	0.03134556132220726
0.0794409494727908	0.029075164125161167
0.07948790635446237	0.02893273833366808
0.07953462739843134	0.02879025258246745
0.07962736189605246	0.028505102475429384
0.07980999999856471	0.02793409675142787
0.0801639485133572	0.026789334343856466
0.0808265038674527	0.0244893713988542
0.08086921221739375	0.024333039870205485
0.08091164269830188	0.02417664974943973
0.0809956699787066	0.023863695321084233
0.08116038930388339	0.023237100828807176
0.08147648308164168	0.021981257975877508
0.08151474339269818	0.0218240365197232
0.08155272555807891	0.021666762799309448
0.08162785538865389	0.021352060138853483
0.08177477661611801	0.020722044938017284
0.08205526200755196	0.019459662808038836
0.0820890701784878	0.019301652193037973
0.08212259996964906	0.01914359557925219
0.082188824359525	0.01882734591382986
0.08231793200589618	0.018194311729181185
0.08256277997785096	0.016926190951201892
0.08299898621044069	0.014382433169426265
0.08302223758238622	0.014233710601197167
0.08304524597215515	0.014084958697235386
0.08309053377592943	0.013787368131130448
0.08317819328096132	0.013191848702618764
0.08334184636158319	0.011999526454750328
0.08336120919004465	0.011850371923572448
0.08338032892990273	0.011701193039422526
0.08341783912028784	0.011402763454118022
0.08348994218386116	0.010805625703310598
0.0836224778337872	0.009610305303466998
0.08363795058364328	0.009460798331093902
0.0836531801605293	0.009311271962441019
0.08368290977716235	0.009012162272402134
0.08373945073872081	0.008413723729718742
0.08375297798110173	0.008264070236012968
0.08376626201611155	0.008114399816227328
0.08379210044830443	0.007815009432111133
0.08384085865570577	0.0072160391177176686
0.08385244013289489	0.007066258847899151
0.08386377837328182	0.006916464117644014
0.0838857251303785	0.0066168325074353026
0.08392669966116946	0.006017409306236319
0.08393633515471749	0.005867521971372672
0.08394572738686559	0.005717622637816879
0.08396378205607201	0.005417789204486429
0.08399697214200093	0.00481799187926446
0.08400451281431735	0.004670962382511977
0.08401181966644945	0.004523923710787734
0.08402573190208537	0.004229819999904992
0.08403233728171783	0.004082755539398063
0.084038708833423	0.003935683061224826
0.08405075044603748	0.003641515208816275
0.08405642050360486	0.0034944204129721277
0.08406185672656077	0.0033473187562463773
0.08407202766267771	0.0030530960166175844
0.08407676237302235	0.0029059755118827886
0.08408126324312254	0.0027588493026051977
0.08408956345767571	0.002464580926494958
0.08409336279983465	0.0023174393376451555
0.08409692829716094	0.002170293200220632
0.0841002599486701	0.002023142803164221
0.08410335775344255	0.001875988435401481
0.08410622171062358	0.0017288303858418318
0.08410885181942322	0.0015816689433797322
0.08411124807911617	0.001434504396895848
0.08411341048904186	0.0012873370352581967
0.08411533904860423	0.00114016714732342
0.0841170337572719	0.0009929950219378918
0.08411849461457793	0.0008458209479388212
0.08411972162011987	0.0006986452141555314
0.08412071477355984	0.0005514681094105987
0.08412147407462427	0.00040428992252102485
0.0841219995231041	0.0002571109422994136
0.08412229111885465	0.0001099314575551087
0.08412234886179562	-0.0000372482429045286
0.08412217275191113	-0.00018442787027301395
0.0841217627892496	-0.0003316071357436342
0.08412111897392398	-0.00047878575050817076
0.08412024130611157	-0.00062596342575576
0.084119129786054	-0.0007731398726717185
0.08411778441405744	-0.00092031480243637
0.08411620519049244	-0.0010674879262239042
0.08411439211579408	-0.001214658955201101
0.08411234519046193	-0.0013618276005262263
0.08411006441506007	-0.0015089935733479227
0.08410754979021724	-0.0016561565848039381
0.08410480131662676	-0.001803316346019982
0.08410181899504662	-0.0019504725681085534
0.08409515281127322	-0.002244773239280221
0.08409146895091991	-0.0023919171105117004
0.08408755124625698	-0.002539056286910097
0.08407901430839668	-0.002833319399302874
0.08407439507755925	-0.00298044275729302
0.08406954200713233	-0.0031275602644393057
0.08405913435294804	-0.003421776569938608
0.08405357977207335	-0.003568874790097242
0.08404779135737478	-0.003715966003020869
0.08403551303299384	-0.004010126250469605
0.08400815045340732	-0.004598349933192987
0.0840000844450872	-0.0047578597147444135
0.0839917432543146	-0.0049173584969318986
0.083974235336457	-0.005236321584967352
0.08393591743801601	-0.005874099504809194
0.08392565005195395	-0.006033510940932957
0.0839151075079552	-0.006192908419687721
0.08389319696019153	-0.00651166002489478
0.08384607412923596	-0.007148979460804373
0.08383360558265725	-0.0073082688731357535
0.08382086190871336	-0.007467541365831909
0.08379454919584715	-0.0077860341097258454
0.0837386224354998	-0.008422800248660592
0.08361356466191694	-0.009695371992895606
0.0835966946433487	-0.009854346166450005
0.08357954957740346	-0.010013297479466313
0.08354443432693177	-0.010331130035154798
0.08347090352236923	-0.010966504437776092
0.08331064215360186	-0.01223600689021651
0.08328937213957428	-0.01239457057167408
0.08326782718472672	-0.01255310542391314
0.0832239124830394	-0.012870087144089803
0.08313278413131556	-0.013503688162893226
0.08293733348826647	-0.014769356517603999
0.08291338868966608	-0.014916856190102547
0.08288920457474314	-0.01506432555021288
0.08284011842676181	-0.015359172109172538
0.08273907467934274	-0.015948488006293542
0.08252550322766221	-0.01712554220186575
0.08249773034332593	-0.017272520084701072
0.08246971827712687	-0.017419462743562715
0.08241297663621654	-0.017713241156657945
0.08229662358563827	-0.0183003617272346
0.08205244061978265	-0.019472788623629406
0.08202084199320929	-0.019619165862982412
0.08198900434527803	-0.0197655029301187
0.08192461202926742	-0.020058055305204513
0.08179295963046379	-0.0206426643116625
0.08151818637302555	-0.021809829552683638
0.08092278848633158	-0.02413538821308666
0.08088024736639086	-0.024292470560370153
0.0808374259619386	-0.024449493911271897
0.08075094237571091	-0.024763362012311663
0.08057461263808838	-0.0253903725144308
0.08020850741829884	-0.026641400105445506
0.0794225528510236	-0.029130752778579808
0.07937105303730962	-0.02928574600397761
0.0793192736475114	-0.029440667196875506
0.07921487624277357	-0.029750291834824905
0.07900272766768675	-0.030368658548397858
0.07856502153655845	-0.03160176887675417
0.07763602536711543	-0.03405274970053432
0.0775766988292528	-0.03420244867908539
0.07751710374199854	-0.03435206535124426
0.07739710804828104	-0.03465105017200927
0.07715389550183217	-0.03524801446894716
0.07665459334589853	-0.036437831381595585
0.07560454519819826	-0.03880029115263718
0.07553664242581068	-0.03894715563750794
0.07546847227477181	-0.03909392480300983
0.0753313300034555	-0.03938717552393223
0.07505383876918062	-0.03997251493958654
0.07448603929638777	-0.04113845264537769
0.07329925507692	-0.043450613949488695
0.07322796937276857	-0.04358456316131069
0.07315645236107644	-0.043718417804088736
0.07301272458725774	-0.043985841999539865
0.07272249525984957	-0.04451954033100356
0.0721309515157035	-0.0455822588889253
0.07090360810604676	-0.04768835618571065
0.07082494339957247	-0.04781910610465919
0.07074604891534574	-0.04794975022891707
0.07058757082694238	-0.04821071966744251
0.0702678596830997	-0.048731373303677855
0.0696174299282728	-0.04976745931304462
0.06827264468903425	-0.05181809914417309
0.06817938281937735	-0.05195602095414712
0.06808585294613069	-0.05209380469146419
0.06789798952272243	-0.052368956071304956
0.06751905033692994	-0.05291758128584209
0.06674834204228533	-0.054008015781563085
0.06515576920378094	-0.05616076816506823
0.06176744189759268	-0.06034687245137256
0.06166456047931037	-0.06046647421144495
0.06156145126252804	-0.06058592862021631
0.06135454984234974	-0.06082439374926502
0.060938017950439884	-0.06129953778876599
0.06009406161671728	-0.06224258893908872
0.05836277616204847	-0.06409900169496761
0.05472843082027045	-0.06768704833588081
0.0546135127321087	-0.06779422781366824
0.05449838323314029	-0.06790123979316544
0.054267490547804546	-0.06811475962158269
0.05380317428159868	-0.06853977128615873
0.052864449590132034	-0.0693815905879616
0.05094689261961482	-0.07103167188157458
0.05082528040877051	-0.07113328687552513
0.05070346149791989	-0.07123472111365552
0.05045920421505284	-0.07143704564210546
0.04996821632022084	-0.07183950712642863
0.04897638399979834	-0.072635585273043
0.04695359832406617	-0.07419160159903805
0.04681454037416327	-0.0742953508773428
0.04667524554446552	-0.07439887126538818
0.046395946196422025	-0.07460522317057929
0.04583451546818004	-0.07501515607272086
0.044700380683115694	-0.0758238144946852
0.042387472880158886	-0.07739530633217086
0.04224095860988526	-0.07749145630873931
0.042094215670942264	-0.07758735959496475
0.04180004489958082	-0.07777842384545436
0.04120897164561344	-0.07815756728186278
0.0400159623294906	-0.0789037873859686
0.03758702328962844	-0.08034694389680606
0.037443637656592595	-0.08042903431734295
0.037300061277667704	-0.08051089420344508
0.03701233733097023	-0.08067392051062597
0.036434612086592974	-0.08099718622114835
0.03527011237756064	-0.08163246550703365
0.03290541298074127	-0.08285717684966024
0.03275605904154652	-0.08293165837299489
0.03260652330703317	-0.08300589437614347
0.032306907649979615	-0.08315362793772117
0.03170550803750351	-0.08344612808542465
0.030494104280791072	-0.08401915480196712
0.028037444700059803	-0.08511646706164265
0.027869389751072064	-0.08518842648510423
0.027701133170637566	-0.08526007955583613
0.027364016848622972	-0.08540246422380408
0.02668738379424985	-0.08568353075558008
0.025324615458350602	-0.08623071728858789
0.022561890210012217	-0.08726422161626989
0.022387606908514695	-0.08732607814617395
0.02221313674895516	-0.08738760899675187
0.02186363783012952	-0.08750969124724708
0.021162419524803504	-0.08774992106315639
0.019751214151005357	-0.08821450700570291
0.01689466009509516	-0.08907910680498245
0.016726578374507174	-0.08912686722907773
0.016558348317596203	-0.08917432695881139
0.016221445012349876	-0.08926834239173696
0.015545878447998773	-0.08945274356041374
0.014187809341308645	-0.08980691859174757
0.014017409611981094	-0.08984980973338298
0.013846869002129163	-0.08989239243629063
0.013505367061310964	-0.08997663059963293
0.012820693829856783	-0.0901413844899842
0.01144477962306632	-0.09045589507137082
0.011272184287697908	-0.09049379357772798
0.011099455944154684	-0.09053137597891127
0.010753602258582637	-0.09060559056180019
0.010060321169429783	-0.09075020554425384
0.008667579737792768	-0.09102407268140332
0.00849291794225588	-0.09105685660420061
0.008318131437749674	-0.09108931685458234
0.007968186435910884	-0.09115326446198477
0.007266823495201678	-0.09127725499781708
0.0058583275810686185	-0.09150951293400474
0.005685198188553578	-0.09153652522056968
0.00551195731425727	-0.09156321925244493
0.005165143235032812	-0.09161565081586968
0.004470200647134109	-0.09171667581768457
0.004296194282219741	-0.09174112993935844
0.004122080706827412	-0.09176526234795415
0.003773534090949966	-0.09181256030732256
0.003075178254043596	-0.09190327679720986
0.0029003294492046063	-0.09192514521274968
0.0027253778087892432	-0.09194668849332266
0.0023751682396120806	-0.09198879795008688
0.0016735395680667435	-0.09206909658484409
0.00026557043034712525	-0.09221391839184173
0.00008914367572798921	-0.09223053400342886
-0.00008737685074564135	-0.09224681775747898
-0.0004406968956900087	-0.09227838803616724
-0.0011484365959074582	-0.09233752811872874
-0.0013255971792653137	-0.09235147730792549
-0.0015028468442733897	-0.09236509134494164
-0.0018576110426056591	-0.09239131232927697
-0.002568182182908268	-0.09243971455026564
-0.0027460387014688202	-0.0924509711278551
-0.0029239795051166947	-0.09246188930719394
-0.003280111537706883	-0.09248270886319547
-0.0034583015474877864	-0.09249260943794027
-0.0036365734040317466	-0.09250217001061134
-0.003993360200687736	-0.09252026955502864
-0.004171873908253691	-0.092528807731531
-0.004350466997489026	-0.09253700431548474
-0.004707888837443035	-0.09255237112467274
-0.0048867163422065965	-0.09255954056154249
-0.005065620736727703	-0.09256636682914765
-0.005423657684669716	-0.09257898828953405
-0.00561796465868155	-0.09258525765200269
-0.005812359072394556	-0.09259112137392292
-0.006006840116542677	-0.09259657895979286
-0.006201406979531672	-0.09260162991538379
-0.006396058847438139	-0.09260627374775027
-0.006590794904009275	-0.0926105099652398
-0.006785614330661953	-0.09261433807750305
-0.006980516306481851	-0.0926177575955037
-0.007175500008223325	-0.09262076803152854
-0.007370564610308605	-0.0926233688991975
-0.007565709284827025	-0.09262555971347372
-0.007760933201535031	-0.09262733999067368
-0.007956235527855487	-0.09262870924847734
-0.008151615428877013	-0.09262966700593821
-0.008347072067354118	-0.09263021278349362
-0.008542604603706627	-0.0926303461029749
-0.00873821219601922	-0.0926300664876176
-0.008933894000041338	-0.0926293734620717
-0.009129649169187177	-0.09262826655241203
-0.009325476854535308	-0.0926267452861484
-0.009521376204828326	-0.09262480919223604
-0.009717346366473274	-0.09262245780108588
-0.009913386483541311	-0.09261969064457504
-0.01010949569776749	-0.0926165072560571
-0.01030567314855128	-0.09261290717037257
-0.010501917972956415	-0.09260888992385939
-0.010698229305710742	-0.09260445505436335
-0.010894606279206883	-0.0925996021012486
-0.01109104802350223	-0.09259433060540813
-0.011287553666318891	-0.09258864010927437
-0.011680753146732415	-0.09257600029361736
-0.011877445228101642	-0.09256905006675123
-0.012074197695537747	-0.09256167902492743
-0.012467880250488273	-0.09254567269916376
-0.012664808563110343	-0.09253703652062102
-0.012861793712015969	-0.09252797773793622
-0.013255930943250189	-0.09250859058884806
-0.013453081232040217	-0.09249826134092451
-0.013650284770038454	-0.09248750772584012
-0.014044847980970927	-0.09246472564953657
-0.014834573523508471	-0.09241404999503833
-0.015032124403193903	-0.09240031368080352
-0.015229721246265655	-0.09238614955463739
-0.015625049135540515	-0.09235653617722887
-0.016416215787669417	-0.09229215719725913
-0.016614108451747562	-0.09227498665044222
-0.016812039644956367	-0.09225738495994959
-0.01720801385772027	-0.09222088651684653
-0.018000383132235925	-0.09214269806964524
-0.018185339800972384	-0.09212345650300033
-0.018370323482225642	-0.09210383660747323
-0.018740368765707987	-0.09206346055263827
-0.019480749103244155	-0.09197815453139158
-0.019665899970979873	-0.09195587746696864
-0.019851071572950862	-0.09193321955839764
-0.02022147380755734	-0.09188675998009198
-0.02096249209856267	-0.0917892572648894
-0.021147786551424082	-0.09176392492262855
-0.021333095349652848	-0.09173820931946368
-0.02170375275514481	-0.09168562715218953
-0.022445204117068407	-0.0915758508169865
-0.023928470132880457	-0.0913377862722495
-0.024113896396369523	-0.09130628727802446
-0.02429932389962739	-0.09127440050159498
-0.02467017928993861	-0.09120946253115787
-0.025411868163533465	-0.0910749215213577
-0.02689496934770322	-0.0907871215316239
-0.029858531872199785	-0.0901362127235478
-0.030059056799294874	-0.09008847875664777
-0.030259550816517714	-0.09004028037169269
-0.030660441610379494	-0.08994248929178233
-0.0314618025379889	-0.08974132265733548
-0.03306258637147079	-0.08931659599008615
-0.03326248027409632	-0.08926140115401157
-0.033462324975015126	-0.08920573800573267
-0.03386186212513346	-0.08909300590070537
-0.0346602947770039	-0.08886191252127974
-0.036254330644960406	-0.0883771641473281
-0.03645329684029212	-0.08831445176179226
-0.03665219501187667	-0.08825126792917294
-0.03704978250857789	-0.08812348524768135
-0.03784408858093292	-0.08786225527339732
-0.03942895515323783	-0.08731710322369364
-0.04258152190891364	-0.08613580593364087
-0.042774135369032476	-0.08605936279411433
-0.04296664558726715	-0.08598246158660809
-0.043351351560236416	-0.08582728473708526
-0.04411947240164943	-0.08551143187238947
-0.04565028240402755	-0.08485772088453654
-0.048688018287394316	-0.0834622552016251
-0.04887673342880112	-0.0833711417268782
-0.04906530672414349	-0.0832795700117737
-0.04944202286227363	-0.08309505207605924
-0.0501936988610322	-0.08272051989677467
-0.051689749040515334	-0.08194948712474645
-0.054650413952629776	-0.08031973295792487
-0.05482165189542651	-0.08022111638852931
-0.054992731810082345	-0.08012210415211976
-0.05533441346104669	-0.07992289324723253
-0.056015835358582206	-0.07951972986007934
-0.05737068353118881	-0.07869447252100348
-0.060046550546599416	-0.07696856263786862
-0.06021222135392821	-0.07685736997786553
-0.0603777011339788	-0.0767457876938552
-0.060708083460662324	-0.0765214552179908
-0.061366510104186596	-0.0760681255623101
-0.06267377854568837	-0.07514286554056289
-0.06524811138252637	-0.07321845087087085
-0.06542055076736211	-0.07308449460370835
-0.06559272631238107	-0.07295009120532339
-0.06593628057374595	-0.07267994477686687
-0.06662016462513258	-0.07213430598427414
-0.06797473775692937	-0.0710217492571959
-0.07062873167634807	-0.06871241840395277
-0.07079207109980852	-0.06856439479002902
-0.07095510436134753	-0.06841594040381604
-0.07128024714271664	-0.06811774167314551
-0.07192680098882866	-0.06751620115382338
-0.07320468849665257	-0.06629268605965119
-0.07569724878173592	-0.06376508885530527
-0.07584000148131942	-0.06361433237894264
-0.0759824511505257	-0.06346321886224027
-0.07626643722899717	-0.0631599231202576
-0.07683072722367788	-0.06254907389180582
-0.07794434651116607	-0.06131048421566985
-0.08010990192668667	-0.05876690663695276
-0.08024244629223676	-0.05860504150103998
-0.08037465485885525	-0.058442840387770104
-0.0806380605897942	-0.058117433103261104
-0.08116079848988522	-0.057462618621437575
-0.08218975775165578	-0.05613715555749508
-0.08417985432293504	-0.053424265158564105
-0.08429878302982187	-0.053255411473678294
-0.08441735901692222	-0.053086258638627405
-0.0846534492695551	-0.052747058651252884
-0.08512135805742013	-0.05206510351902405
-0.08603989171614142	-0.05068715219114735
-0.08780627374398292	-0.04787656418533862
-0.08791348313681209	-0.047698541528718275
-0.08802031228209282	-0.04752024632621497
-0.0882328265318541	-0.04716284181648936
-0.0886532559095765	-0.04644480127795976
-0.08947553647177946	-0.044995995844417144
-0.09104436367026311	-0.04204914106805148
-0.0911470287139523	-0.041847013333195966
-0.09124921641846259	-0.04164459984816937
-0.09145215600638697	-0.0412389206184379
-0.09185226548320839	-0.04042418827166655
-0.09262919752773564	-0.03878151243802245
-0.09408830186946826	-0.03544564150036902
-0.09417523914968715	-0.035235006815021126
-0.09426167057656241	-0.03502412812300676
-0.09443301258163359	-0.03460164417596661
-0.0947695904187095	-0.0337538084180516
-0.09541814285133247	-0.0320469753477938
-0.09661546654904461	-0.028591185505882567
-0.09668114127911054	-0.028388002867407863
-0.09674635458149311	-0.028184647063308584
-0.09687539470368997	-0.02777742071608863
-0.09712791382579435	-0.02696094249010374
-0.09761058914055958	-0.025320153065154758
-0.09766881699140625	-0.025114343626276084
-0.0977265750447053	-0.0249083802947729
-0.09784067979719883	-0.024495996842435943
-0.09806323036871588	-0.0236694371072913
-0.09848559086312657	-0.022009422496790602
-0.09853624513841694	-0.021801298426660703
-0.09858642221582106	-0.021593040233368496
-0.09868534306291722	-0.021176126481869763
-0.09887743974870739	-0.020340744645038326
-0.09923856219959204	-0.018664046008939467
-0.09928153198705666	-0.018453926973616294
-0.09932401818126954	-0.018243694020966688
-0.099407538331551	-0.017822891468848624
-0.0995687596982762	-0.01697997559340264
-0.09986785027615347	-0.015289188442680984
-0.09990710200274938	-0.015052763152027766
-0.09994574438679309	-0.01481622173778351
-0.10002119946872862	-0.014342797758928277
-0.1001647796405765	-0.013394635843851026
-0.10019914533428353	-0.013157332195315164
-0.10023289853682804	-0.012919926910158001
-0.10029856601764563	-0.012444818705736826
-0.10042253549283581	-0.01149346277919577
-0.10045199142229212	-0.011255397044758517
-0.1004808321292539	-0.011017244265403736
-0.10053666663484258	-0.010540684895683407
-0.10064093969637278	-0.009586602253809147
-0.10066546548350777	-0.009347891491599902
-0.10068937373828046	-0.009109108366093353
-0.10073533662172485	-0.008631332389445833
-0.10081984105372861	-0.007674993145656407
-0.10083941970502938	-0.007435755080710921
-0.1008583789391137	-0.007196459408992631
-0.10089443834003958	-0.006717702642453814
-0.10091153811581928	-0.00647824524847047
-0.1009280176922682	-0.006238737649328992
-0.10095911553878284	-0.005759579246410257
-0.1009737334714328	-0.00551993214998257
-0.10098773052992864	-0.0052802422630359785
-0.10101386142354289	-0.004800741540132297
-0.10102599497502195	-0.004560934417078693
-0.10103750708507488	-0.004321091929253146
-0.10105866648769551	-0.003841308291618325
-0.10106831355050969	-0.003601370859304935
-0.10107733871239633	-0.0033614054971512286
-0.10108574187534096	-0.0031214140650992488
-0.10109352294807845	-0.0028813984235145328
-0.10110068184609515	-0.002641360433155826
-0.10110721849163092	-0.002401301955144789
-0.1011131328136812	-0.0021612248509360952
-0.10111842474799854	-0.0019211309822870022
-0.10112309423709419	-0.0016810222112269304
-0.10112714123023955	-0.001440900400027422
-0.10113056568346733	-0.0012007674111720898
-0.10113336755957261	-0.0009606251073261665
-0.10113554682811386	-0.0007204753513060473
-0.10113710346541348	-0.0004803200060492194
-0.10113803745455856	-0.00024016093458419265
-0.10113834878540115	-2.7277125017128225e-17