1.088142351073818	0.
1.0881421415985513	0.00018482471384572948
1.0881415131744243	0.00036964834638406394
1.0881404658064568	0.0005544698163203042
1.0881389995030142	0.0007392880423851416
1.0881371142758083	0.0009241019433473532
1.0881348101398969	0.0011089104380264956
1.088132087113683	0.0012937124453055967
1.0881289452189156	0.0014785068841438474
1.0881253844806877	0.001663292673589291
1.0881214049274375	0.0018480687327915076
1.0881170065909467	0.0020328339810143023
1.0881121895063408	0.0022175873376483832
1.088106953712088	0.002402327722224043
1.0881012992499985	0.00258705405442383
1.0880887345062575	0.0029564602412633007
1.0880818243249304	0.0031411379361433946
1.088074495676414	0.003325797259153757
1.0880585832151868	0.003695056472328801
1.0880499995295037	0.0038796542044584274
1.0880409976306844	0.004064229248673487
1.088021739484371	0.004433306960128774
1.0880114833905723	0.004617807471462924
1.0880008093910263	0.004802280983095582
1.0879782080187037	0.00517114269883841
1.0879279943754228	0.005908494760446321
1.0879143976066228	0.0060927491322525056
1.0879003837065024	0.006276967896783914
1.0878711049625687	0.00664529430764609
1.0878075470372057	0.007381472606692241
1.087790616531902	0.0075654120675921425
1.087773269881831	0.00774930734033438
1.0877373287034118	0.008116961040215564
1.0876604589100327	0.008851691119992844
1.0876402033000567	0.009035247134527247
1.0876195327428992	0.009218750413101544
1.087576947448205	0.009585594499666023
1.0874868049486501	0.010318602987405886
1.087286673539312	0.01178166336796739
1.0872575211262971	0.011979602956217287
1.087227884597967	0.012177460513229795
1.0871671603052095	0.012572924161735128
1.0870399147930518	0.013362808058847823
1.0867623039203655	0.014938102971533354
1.086725441304865	0.015134569542424623
1.0866880995261565	0.015330932737072069
1.086611979870664	0.01572334370761311
1.0864540061512702	0.016506867024202964
1.0861152045765126	0.018068424820276062
1.0860707193871357	0.01826307945644926
1.0860257611009643	0.01845760973106412
1.0859344269043414	0.018846292005220935
1.0857460999128397	0.019622107216400408
1.0853469102467161	0.021167251879154757
1.084459233418012	0.024229315974225472
1.0844037861893365	0.024406767671118483
1.084347939837352	0.02458407560448833
1.0842350515436072	0.024938256157776045
1.0840045052246041	0.02564484794473324
1.0835244371582722	0.027050731157458395
1.0824892662652874	0.029831535434329388
1.0824212819647065	0.03000389633272294
1.0823529141976265	0.030176082152897358
1.0822150304095315	0.030519924770610576
1.0819346849882077	0.03120546751179752
1.0813558063806972	0.032567773494387414
1.0801263222795312	0.03525561932417989
1.0800479182449758	0.0354186578162418
1.079969163357486	0.03558149989881297
1.0798106033553214	0.03590659152286245
1.0794892988880638	0.03655438153581332
1.0788300855112822	0.037840205836812885
1.0774463369862541	0.04037139832507366
1.0773570052441224	0.04052775130893547
1.0772673423457613	0.04068388243637028
1.0770870256790677	0.04099547609028502
1.0767224471645365	0.041615967901268015
1.075977657390572	0.04284600273640449
1.0744267553221458	0.04526097440594968
1.0743187019545963	0.0454224715242948
1.074210284502746	0.04558368032387861
1.073992360955104	0.045905229486350126
1.0735521846712288	0.04654482989156686
1.07265472027256	0.047809848504141945
1.0707930114912312	0.05028167906366508
1.07067376521225	0.050433534983245355
1.0705541847372615	0.05058507641982737
1.0703140250639844	0.05088721280740573
1.0698297379744288	0.05148767858240821
1.0688455114410973	0.05267321665301346
1.0668162192861759	0.05498144302663715
1.066695414404574	0.055113448093307
1.0665743459917125	0.055245159646157886
1.0663314218702957	0.05550770011331976
1.0658424475844368	0.05602923596742505
1.0648521807272153	0.05705801345095081
1.0628238723786754	0.05905751719996022
1.0626950477189725	0.05917988305978567
1.0625659863284835	0.05930193996892675
1.062307156754779	0.05954512518957324
1.0617866942682292	0.06002776917486391
1.0607347470804305	0.06097805710002052
1.058588299938482	0.06281791575208184
1.058440930402976	0.06293957739730598
1.0582933151630556	0.06306086132603807
1.0579973519728356	0.06330229425858983
1.057402525593434	0.06378060820457175
1.0562015198777164	0.0647189337846968
1.0537560765227374	0.0665216682578053
1.0536013918989924	0.0666310407307049
1.053446496926159	0.0667400230860436
1.0531360803608565	0.06695681613863216
1.0525127717427278	0.06738570667521634
1.0512565004132954	0.06822463699502272
1.0487073220201968	0.06982659453338665
1.048549389990131	0.06992157784894117
1.0483912892591223	0.07001617675560591
1.0480745858560614	0.07020422053316731
1.0474392003951816	0.07057568645957048
1.0461607473549506	0.07130009056731215
1.043574965937432	0.07267449993970602
1.0434121492185653	0.07275709703245133
1.0432491968452327	0.07283930476814879
1.042922889224708	0.07300255175472778
1.0422686910738705	0.07332436905967304
1.0409541911762679	0.07394927764801715
1.0383025903194691	0.07512407509117038
1.0381471398018447	0.07518947654282869
1.037991599312543	0.07525453757349382
1.0376802516484913	0.07538363833355963
1.0370565121428919	0.07563775449716063
1.0358050362792464	0.07612964591982115
1.033287525046642	0.07704809659986654
1.033129592039528	0.07710260972607554
1.032971594500481	0.07715678311607761
1.0326554089483795	0.07726411090517889
1.0320222977487663	0.07747469215040027
1.0307532885814044	0.0778795719377119
1.02820549905322	0.0786243425915203
1.0280324166555599	0.07867168936187308
1.0278592872636871	0.07871863977993185
1.0275128913151075	0.0788113521348824
1.0268195774010738	0.07899202708304516
1.0254310733983558	0.07933441320603195
1.025257352842896	0.07937543685779408
1.0250836003918848	0.07941606673154993
1.0247360035248394	0.07949614586885832
1.0240404678953425	0.07965158689437811
1.0226482354584836	0.07994364333400501
1.0224741153962125	0.07997838942378784
1.022299978143191	0.08001274488582996
1.0219516556854324	0.08008028478954013
1.0212548442161251	0.08021068667245833
1.0198607557161112	0.08045282972830356
1.0196864683546292	0.08048135275612191
1.0195121780949783	0.08050948884613728
1.0191635923964195	0.08056460120556357
1.0184664247950468	0.08067019370076359
1.0170722994589962	0.08086290788002566
1.0169096467683263	0.08088379666511727
1.0167470035860458	0.08090435186345801
1.0164217485188716	0.08094446240534756
1.0157713829061992	0.0810206904851832
1.0156088256239078	0.08103891698173739
1.0154462833603062	0.08105681173802647
1.0151212466192825	0.08109160697872643
1.0144713833185086	0.08115722708927273
1.0143089652315331	0.08117280637095638
1.0141465675889616	0.0811880558444934
1.0138218363245872	0.08121756635792779
1.0131726486168966	0.08127264065733983
1.0130104128324673	0.08128558847188694
1.0128482028327277	0.08129820849290188
1.0125238628319357	0.08132246618545798
1.0118755212618769	0.08136705945931753
1.0117135102011603	0.08137739220352544
1.0115515301792564	0.08138739924820122
1.0112276658532262	0.08140643730885459
1.0110657828463756	0.0814154688627409
1.010903933472886	0.08142417579290052
1.01058033820558	0.08144061687075045
1.0104185935981538	0.08144835156569606
1.010256885196866	0.08145576273141376
1.009933579570483	0.08146961558230788
1.0097719836208598	0.08147605782389616
1.0096104264283192	0.08148217764906851
1.0092874308503856	0.08149345117536075
1.0091259937295194	0.08149860544186015
1.008964597894787	0.08150343842269077
1.0088032439750247	0.08150795040329772
1.0086419325976967	0.08151214167021774
1.008480664388893	0.08151601251107322
1.0083194399733317	0.08151956321456671
1.008158259974355	0.08152279407047461
1.0079971250139308	0.08152570536964185
1.0078360357126512	0.08152829740397581
1.007674992689732	0.08153057046644051
1.007513996563012	0.081532524851051
1.0073530479489525	0.08153416085286742
1.007192147462637	0.0815354787679894
1.0070312957177707	0.08153647889355012
1.006870493326679	0.08153716152771073
1.0067097409003087	0.08153752696965456
1.0065521999367815	0.08153757761825915
1.006394708150297	0.08153732400398779
1.0062372661125867	0.08153676641154085
1.0060798743941062	0.08153590512654199
1.0059225335640356	0.08153474043553284
1.005765244190278	0.081533272625968
1.0056080068394602	0.08153150198620986
1.005450822076932	0.08152942880552345
1.005293690466766	0.08152705337407144
1.005136612571757	0.08152437598290889
1.0049795889534223	0.08152139692397829
1.0048226201720019	0.08151811649010442
1.0046657067864564	0.08151453497498931
1.0045088493544687	0.08151065267320709
1.0041953045755072	0.08150198689226872
1.0040386183375065	0.08149720400657637
1.0038819902710103	0.08149212152113454
1.0035689108564088	0.08148105894728222
1.0034124606070458	0.08147507945911177
1.0032560707266711	0.08146880157166186
1.0029434742563006	0.08145535180853623
1.0027872687548143	0.08144818053971714
1.0026311257993354	0.08144071208532196
1.00231902968935	0.08142488484243124
1.0016956117423084	0.08138967762330217
1.0015399216868743	0.08138013746724296
1.0013842984701031	0.08137030259145091
1.00107325467459	0.08134974992838553
1.000451992418423	0.08130512173282947
1.000296851863983	0.08129323258999657
1.0001417823590797	0.08128105124244375
0.9998318585790661	0.08125581320474738
0.9992128864350917	0.08120184470031558
0.9990583287827561	0.08118762685590517
0.9989038463091825	0.08117311936850073
0.9985951089387335	0.0811432367589158
0.9979785587163001	0.08108001009832332
0.9967492689717193	0.08093978435407928
0.9965829476795286	0.08091935907843742
0.9964167243744523	0.08089859904288943
0.9960845742272562	0.08085607639893291
0.9954214771980379	0.08076703281483769
0.9941002340408058	0.080573049114951
0.9939355546652803	0.08054731932521533
0.993770983080935	0.08052126169794813
0.9934421656759617	0.08046816468883113
0.9927858505552934	0.0803580559997467
0.991478630697681	0.08012227932188412
0.9913157467717628	0.08009135725561034
0.9911529799978017	0.08006011446679542
0.9908278001859069	0.07999666852414643
0.9901788713718986	0.07986594783282049
0.9888868624815855	0.07958929297954388
0.9863272209658742	0.0789759512636895
0.9861789864559638	0.07893774283221805
0.986030869078753	0.07889926794153376
0.9857349874011193	0.07882152030430016
0.9851446480341716	0.07866284427819867
0.9839697576622016	0.07833285487503473
0.981643853121294	0.07762301609508852
0.9814995690500062	0.07757647122855706
0.9813554149412087	0.07752967222952083
0.9810674981336825	0.07743531339312425
0.9804932407505247	0.0772435632943248
0.9793511146507592	0.07684802099633428
0.9770930712830859	0.07600947151953455
0.9769413854199144	0.07595040316667864
0.9767898659340474	0.07589105102415497
0.9764873278433266	0.07577149738595823
0.9758842673425246	0.07552900681794082
0.97468630501781	0.07503060562141643
0.972323762194345	0.07398102969188054
0.972177609866924	0.07391313076547944
0.9720316371643685	0.07384496424434955
0.9717402321897275	0.07370783044869361
0.9711595947719945	0.07343037406203437
0.9700070953268612	0.07286281988388034
0.9677378609731471	0.0716780563129359
0.9676002049399308	0.07160324212135125
0.9674627333422757	0.07152818568792531
0.9671883447555872	0.07137734801652075
0.9666417950601115	0.07107278689914702
0.9655576768837706	0.07045222906053995
0.9634259193608958	0.06916622982251118
0.9632943207421812	0.06908390173556354
0.9631629163768175	0.06900134673503414
0.9629006915535016	0.06883555790200081
0.9623785855034012	0.06850127826171488
0.9613438105629651	0.06782201779185061
0.9593124963852357	0.06642154362584554
0.9591956847659703	0.06633821856001414
0.9590790495909608	0.06625470932085219
0.9588463093896573	0.06608713985334078
0.9583829552487996	0.06574980766861599
0.9574647966836597	0.06506645582469356
0.9556630253074988	0.06366568422145956
0.9522002788665518	0.060733286899251976
0.9520862526078318	0.06063094966690587
0.951972447505284	0.06052842421584391
0.9517455015696129	0.060322810549759485
0.9512942723308707	0.05990934539034939
0.9504025080596012	0.059073569338041185
0.9486620937856842	0.05736747477105094
0.9453562383897256	0.053823771265236575
0.9452633559721999	0.053717891853663734
0.9451706758816494	0.053611874267634564
0.9449859231607233	0.05339942604383207
0.9446188508831563	0.05297288767616157
0.9438944651113746	0.052113325338342696
0.9424849304702742	0.050368911381276756
0.9423985793103336	0.05025879161403905
0.9423124340482205	0.05014854531855968
0.9421407616290411	0.04992767458116067
0.9417998920640102	0.049484430573932744
0.9411280764397759	0.048592012636451715
0.9398243120611631	0.046784095206342184
0.9397379458455899	0.046660571756344006
0.9396518249801025	0.04653691314011489
0.9394803197459801	0.04628919219610886
0.9391402583572589	0.04579214795190284
0.9384719561307998	0.04479174965915447
0.9371828198830686	0.042766506053073014
0.9371043573839715	0.0426388771702866
0.9370261435219128	0.04251112724538012
0.9368704620822421	0.04225526601122482
0.936562086924201	0.04174211018032755
0.9359573077204687	0.04071016217768794
0.9347957887070377	0.03862449311070722
0.934726607064657	0.03849559659620631
0.9346576677243916	0.038366596672882836
0.9345205162429994	0.038108288207569424
0.9342491241021774	0.03759044803991984
0.9337179989544219	0.03654996440496708
0.9327025063959541	0.03445049713771937
0.9326411126986944	0.03431848946425812
0.9325799634435029	0.034186391099609324
0.9324583985002735	0.033921923867092994
0.9322182045480307	0.033391918365931555
0.931749573393863	0.03232771080034083
0.9308594373437609	0.030183206412379038
0.9308094787656293	0.03005753144522482
0.930759734448938	0.02993178834422094
0.930660888758955	0.02968009898798475
0.9304657702522476	0.029175916379159568
0.9300858333232869	0.02816440518211187
0.9293672253209313	0.026129353239666767
0.9293241416645398	0.02600165175546813
0.9292812734253937	0.025873892025919856
0.9291961833279353	0.025618199054969547
0.9290285895477923	0.025106127625588642
0.9287037545966429	0.024079311156903316
0.9280955478958908	0.02201552833054684
0.9280563361993134	0.021875214092255194
0.9280173788225308	0.021734842835703632
0.9279402271589928	0.021453930802281158
0.9277889770915604	0.020891439384260156
0.9274986969696243	0.019763872820693393
0.9274635581686584	0.019622692220333252
0.9274286741794937	0.01948146071704733
0.9273596707505338	0.019198846523966036
0.9272247228737756	0.01863302403760216
0.9269670691056328	0.01749908768348874
0.926936010580393	0.017357138210933525
0.9269052072940586	0.01721514390427792
0.926844366536371	0.016931022299995893
0.9267257489554938	0.016362257697937796
0.9265007747312299	0.015222727352538563
0.9260999085399954	0.012936335577889068
0.9260785385530554	0.012802638259658486
0.9260573916515136	0.012668912313636174
0.9260157671611354	0.012401375753708477
0.9259351958176466	0.011865972465735767
0.925784766635623	0.010793913171703157
0.9257669676245611	0.010659794227170559
0.9257493919062255	0.010525651506811525
0.9257149103939941	0.010257295948763174
0.9256486273823444	0.009720312830203654
0.9255267838001212	0.00864532625786928
0.9255125587779439	0.008510863166199579
0.9254985572155208	0.008376381131052204
0.9254712245063182	0.008107361436101444
0.9254192409966804	0.007569107984686147
0.9254068038997924	0.007434501782741408
0.9253945903314921	0.00729987904735607
0.925370833812212	0.00703058518022272
0.9253260034554776	0.006491812285320262
0.9253153548008826	0.00635708224104838
0.9253049297341144	0.006222338069937295
0.9252847503908583	0.0059528085495854114
0.9252470750447891	0.0054135932106125165
0.9252382152731728	0.005278758566205433
0.9252295791391495	0.0051439121986194825
0.9252129778059762	0.004874185494975504
0.925182459025596	0.004334604619221539
0.9251755251965157	0.004202334177420455
0.9251688063466444	0.004070054770519174
0.9251560136009751	0.003805470192094714
0.9251499397130647	0.003673165585843744
0.9251440808201405	0.0035408531450387346
0.9251330080335549	0.0032762058900344454
0.9251277941467133	0.0031438716409107623
0.925122795268497	0.003011530687386026
0.9251134425501135	0.002746829797046851
0.925109088715701	0.00261447042513968
0.9251049499014227	0.0024821054786477313
0.9250973173433171	0.0022173599915252936
0.9250938236041821	0.0020849800156620578
0.9250905448945657	0.0019525955947503565
0.9250874812164835	0.001820207011137117
0.9250846325718171	0.0016878145471562202
0.9250819989623165	0.0015554184851293614
0.9250795803895996	0.0014230191073669348
0.9250773768551515	0.0012906166961689173
0.925075388360326	0.0011582115338257272
0.9250736149063433	0.0010258039026192001
0.9250720564942924	0.000893394084823416
0.9250707131251305	0.0007609823627055238
0.9250695847996819	0.00062856901852672
0.9250686715186391	0.0004961543345431037
0.9250679732825632	0.00036373859300656535
0.925067490091882	0.00023132207616567184
0.9250672219468927	0.00009890506626652355
0.9250671688477593	-0.000033512154446267164
0.9250673307945149	-0.0001659293037287501
0.9250677077870599	-0.00029834609933681233
0.9250682998251633	-0.0004307622590251989
0.9250691069084609	-0.0005631775005466564
0.9250701290364577	-0.0006955915416510466
0.9250713662085267	-0.0008280041000844596
0.9250728184239082	-0.0009604148935883581
0.9250744856817104	-0.0010928236398985965
0.9250763679809101	-0.0012252300567445991
0.9250784653203511	-0.0013576338618485316
0.9250807776987463	-0.0014900347729243251
0.925083305114675	-0.0016224325076768188
0.925086047566585	-0.0017548267838008735
0.9250921775714785	-0.0020196038308879353
0.9250955651206957	-0.002151986037182799
0.9250991676983612	-0.002284363655511134
0.9251070179300488	-0.002549103998779741
0.9251112655792442	-0.0026814661589366043
0.9251157282472349	-0.002813822601558387
0.9251252986284892	-0.003078517204438673
0.9251304063358637	-0.0032108547997701724
0.9251357290502551	-0.0033431855477107806
0.9251470194868469	-0.003607825371335232
0.9251721802910952	-0.004137010417665362
0.9251795971913067	-0.00428050870448263
0.9251872670984463	-0.004423996243602049
0.9252033659110374	-0.0047109376348215045
0.9252385993617288	-0.00528467555933414
0.9252480401509277	-0.005428077754987717
0.9252577338972615	-0.005571466313952296
0.9252778802328834	-0.0058582010764185784
0.9253212080662537	-0.006431491058765673
0.9253326723041537	-0.006574774040516187
0.9253443894373883	-0.006718040493370986
0.9253685823553655	-0.007004522365189022
0.9254200025452253	-0.007577271839274779
0.9255349781626673	-0.00872183258055977
0.9255504875897032	-0.008864807648530343
0.925566249751851	-0.009007760390846288
0.9255985322346463	-0.009293597446683479
0.9256661294953884	-0.009864987675640284
0.9258134503205416	-0.011006551188008858
0.9258330019996329	-0.011149125444195189
0.9258528062035116	-0.011291671557041336
0.9258931721260251	-0.011576677894923016
0.9259769336014213	-0.012146336809029774
0.9261565714715051	-0.013284157815619193
0.9261785778717607	-0.013416747538376874
0.9262008039570908	-0.01354930768446656
0.9262459151238008	-0.013814338056062027
0.926338773018151	-0.014344030777543046
0.9265350275272327	-0.015401877336544537
0.9265605470271312	-0.01553395806376331
0.9265862859564337	-0.015666004440589246
0.9266384220335161	-0.01592999294602434
0.9267453265639469	-0.016457544578652047
0.926969661004782	-0.017510879153971454
0.9269986891924956	-0.017642374304826684
0.9270279365107553	-0.017773830304097456
0.9270870884580823	-0.018036623643491276
0.9272080210201645	-0.018561727248045175
0.9274603960559312	-0.01960993455353365
0.9280071452295823	-0.021697806937520686
0.9280462043979416	-0.02183880067547528
0.9280855201009773	-0.021979737000944976
0.9281649209773709	-0.022261435858945966
0.9283267996600271	-0.02282412750323774
0.9286628568983601	-0.02394659912856681
0.9293841042367355	-0.02617919378814956
0.9294313545631034	-0.02631815641053423
0.9294788602144575	-0.026457049070455933
0.9295746373208145	-0.026734622918765733
0.9297692535312877	-0.027288913626597636
0.9301707239398135	-0.028393978058334737
0.9310225322625285	-0.03058932334549161
0.9310769165684746	-0.03072335786821232
0.931131545487739	-0.030857312632843286
0.9312415369634054	-0.031124981357506683
0.9314644530247018	-0.03165934486172992
0.9319220057917742	-0.032724090057674175
0.9328838948288544	-0.03483696137649011
0.9329460799372273	-0.03496825260870537
0.9330085078653971	-0.03509945171083601
0.9331340919323623	-0.03536157195999058
0.9333881711457879	-0.03588468966802058
0.933907959457604	-0.03692634592395468
0.9349939347507525	-0.038990633900388545
0.9350591454978251	-0.03911016325565979
0.935124565593143	-0.039229601469814676
0.9352560335840574	-0.03946820317457848
0.9355214790370341	-0.03994429857561644
0.9360623937030503	-0.04089198423428898
0.9371842004092301	-0.04276874695009323
0.93725607832617	-0.04288519743661996
0.9373281634662427	-0.04300154626607053
0.9374729551258955	-0.04323393762328657
0.9377650219127498	-0.0436974858042196
0.9383590726302817	-0.04461956921383464
0.9395867035451183	-0.04644308238966342
0.9396718112589441	-0.04656565435035964
0.939757159713646	-0.04668809406702495
0.9399285784101133	-0.04693257503114452
0.9402742998691588	-0.047419930903412726
0.9409772538902959	-0.04838812070103625
0.9424289967820939	-0.05029762607166333
0.9455140064296839	-0.05400277381550657
0.9456075996190857	-0.054108466771578344
0.9457013954062198	-0.054214019694261296
0.9458895942800809	-0.05442470395458839
0.9462684177387092	-0.05484437572651901
0.9470357391108725	-0.05567684879076186
0.9486088445739542	-0.05731364169110731
0.951906892253172	-0.06046919026231931
0.9520110829676293	-0.060563273808386144
0.9521154596077074	-0.060657199476532524
0.9523247700457048	-0.06084457572110332
0.9527456151832141	-0.061217417625971896
0.9535961669896683	-0.06195537718655993
0.9553324235511009	-0.06339974131052435
0.9554424838953308	-0.06348859099234691
0.9555527248842473	-0.06357727103435629
0.9557737480894396	-0.06375412071580205
0.9562179544220473	-0.06410576807629878
0.9571149662680243	-0.06480077150097235
0.9589430526793364	-0.06615694455838408
0.9590686609377305	-0.0662472561174341
0.959194474793574	-0.06633735382810999
0.959446718271345	-0.06651690578215437
0.9599536610462424	-0.06687342235439528
0.9609773109884144	-0.06757599825787126
0.9630631822938497	-0.06893845545255138
0.9631952370372822	-0.0690216845966078
0.9633274886212799	-0.06910468442512262
0.9635925811390215	-0.0692699941913376
0.964125115303028	-0.06959784054370184
0.9651995129707094	-0.07024233148812437
0.9673850718325601	-0.07148563253738487
0.967514011044611	-0.07155622226214788
0.9676431129484793	-0.07162659880558811
0.9679018037513871	-0.07176671075951632
0.9684211257209958	-0.07204435901062753
0.9694674693506337	-0.07258926386140996
0.9715904477950049	-0.07363679454417514
0.9717244543792736	-0.07370036532339072
0.9718586145246957	-0.07376371020136568
0.9721273942890409	-0.07388972066412731
0.9726667831831785	-0.07413901329269158
0.9737528093163672	-0.07462659640603184
0.9759532876355962	-0.07555704322851706
0.9761037237444099	-0.07561789686198087
0.97625432829281	-0.07567847007327902
0.97655604098965	-0.07579877321685717
0.977161468665988	-0.07603599230987294
0.9783802349037888	-0.07649676925028237
0.9808486038210529	-0.07736278126031004
0.981004209313859	-0.07741441279844076
0.9811599687295384	-0.07746574791789472
0.9814719474075501	-0.07756752691878199
0.9820977306047418	-0.07776750611254299
0.9833564906179562	-0.0781530387043066
0.9859018848165865	-0.07886552116982247
0.9860515501544768	-0.0789046578742418
0.9862013356201462	-0.07894352248118627
0.9865012651960349	-0.0790204338303698
0.9871025466813828	-0.07917097408495112
0.9883106999283215	-0.07945883726536418
0.9884622344530144	-0.07949357344585352
0.9886138819981789	-0.07952803128508634
0.9889175143268965	-0.07959611039330057
0.9895261151021869	-0.07972891152811874
0.9907485573172913	-0.07998099944970977
0.9909018447717718	-0.080011236015681
0.9910552377996616	-0.08004118810771554
0.9913623386668962	-0.08010023735369724
0.9919777862100273	-0.0802149055081113
0.9932135558945487	-0.08043043622862253
0.993368474542066	-0.08045607600124069
0.9935234909704949	-0.08048142529639567
0.9938338151742517	-0.08053125097288522
0.9944556149217607	-0.08062740033349124
0.9957037062418032	-0.08080560889527934
0.99585706160038	-0.08082614911041228
0.9960105031270152	-0.08084640450352912
0.9963176427208259	-0.08088605946505407
0.9969329342534811	-0.08096193661309668
0.9970869651483428	-0.08098018877171763
0.9972410782506903	-0.0809981534071331
0.9975495490731829	-0.08103321876977436
0.9981674550847632	-0.08109988452878791
0.9983221295438979	-0.08111582716378919
0.9984768821677603	-0.08113147961552515
0.9987866198638236	-0.08116191265189543
0.9994070106561472	-0.08121928207368438
0.9995622960489691	-0.08123289405529313
0.9997176554812748	-0.08124621323708626
1.0000285943771736	-0.0812719719063918
1.000651337611534	-0.0813199614447717
1.0008072006466884	-0.08133122199975756
1.000963133513357	-0.0813421871843149
1.0012752066126533	-0.08136323017100958
1.0014313457777493	-0.08137330733948778
1.0015875526392954	-0.0813830878702289
1.0019001673024166	-0.08140175775968309
1.002056574026089	-0.08141064649094483
1.0022130462904058	-0.08141923732957691
1.0025261852709004	-0.08143552408276795
1.002682850898799	-0.08144321937624173
1.002839579890783	-0.08145061553492537
1.0031532257761762	-0.08146450921468952
1.0033101415709262	-0.08147100612121047
1.0034671185324422	-0.08147720266383224
1.0037812537441801	-0.0814886934374178
1.0039384108853608	-0.08149398706050859
1.004095626975226	-0.08149897910396438
1.004410233768655	-0.08150805724560652
1.0045676233527967	-0.0815121427427687
1.004725069646781	-0.08151592545825785
1.0048825720876533	-0.08151940509374293
1.0050401301111633	-0.08152258135177473
1.0051977431517631	-0.08152545393579075
1.0053554106426084	-0.08152802255012051
1.0055131320155588	-0.0815302868999907
1.0056709067011769	-0.0815322466915303
1.0058421043702535	-0.08153402779055051
1.0060133633638877	-0.08153544983739151
1.0061846829501782	-0.08153651246065122
1.0063560623954306	-0.08153721529020662
1.0065275009641583	-0.08153755795722174
1.006698997919083	-0.08153754009415545
1.006870552521135	-0.08153716133476929
1.0070421640294538	-0.0815364213141354
1.0072138317013895	-0.08153531966864448
1.0073855547925012	-0.08153385603601361
1.007557332556561	-0.08153203005529426
1.007729164245552	-0.08152984136688027
1.0079010491096703	-0.08152728961251571
1.008072986397325	-0.08152437443530296
1.00824497535514	-0.08152109547971068
1.0084170152279541	-0.08151745239158177
1.0085891052588218	-0.08151344481814148
1.0087612446890146	-0.08150907240800535
1.0089334327580222	-0.08150433481118739
1.0091056687035524	-0.08149923167910803
1.0092779517615331	-0.0814937626646022
1.0094502811661132	-0.08148792742192755
1.009795075942776	-0.08147515687626401
1.0099675397742698	-0.08146822088897655
1.0101400468711874	-0.08146091730493941
1.0104851877605987	-0.08144520599405812
1.0106578199983156	-0.08143679759462191
1.010830492391905	-0.0814280202532683
1.011175954517686	-0.08140935741602391
1.0113487426809542	-0.08139947125950972
1.0115215678622504	-0.08138921483984772
1.0118673261216817	-0.08136758990659503
1.012559252028638	-0.08131988261953146
1.0127323141492233	-0.08130702530234647
1.0129054069276449	-0.08129379515347776
1.0132516812445893	-0.08126621510639458
1.0139445623272754	-0.08120656732506941
1.0141178471311996	-0.08119071865352925
1.0142911561208134	-0.0811744946838867
1.0146378433880099	-0.08114091964833116
1.0153314720937057	-0.08106925287245441
1.0167195608988358	-0.08090778737781032
1.0168815572784549	-0.08088737041198248
1.0170435632100772	-0.08086662253909575
1.0173676009831278	-0.08082413318467586
1.0180157608731781	-0.08073517390604958
1.019312262594773	-0.0805412851607247
1.0194743287430348	-0.08051554779529733
1.0196363933105879	-0.08048947613531891
1.019960514876168	-0.0804363291349738
1.020608707867547	-0.08032601491814682
1.0219047333561289	-0.08008926291820877
1.0220666887328715	-0.08005815372722365
1.0222286310756592	-0.08002670722849584
1.0225524737531997	-0.07996280160808886
1.0231999706654196	-0.07983093506548056
1.0244940464274819	-0.07955094363086224
1.0270771955477034	-0.07892565214300139
1.0272518505759014	-0.07888014219679716
1.0274264622455547	-0.07883423048788946
1.0277755516211964	-0.07874120116381647
1.028473167216759	-0.07855031470039883
1.0298659261192402	-0.07814919906692537
1.0326397778322698	-0.07726937938913286
1.0328125561295725	-0.07721094848229544
1.0329852592517332	-0.07715211210026146
1.0333304359003423	-0.07703322262224033
1.0340198422494813	-0.07679057494478136
1.0353946375550531	-0.07628579209712134
1.038126305175828	-0.07519821338450645
1.038293072161968	-0.07512809046992766
1.0384597347386455	-0.07505757582397247
1.0387927426675583	-0.07491537141097686
1.0394574616006977	-0.0746262627682591
1.0407814867570062	-0.07402925392151793
1.043406074114785	-0.07276017007363124
1.043569000040039	-0.07267753454023038
1.043731789150168	-0.07259450925471367
1.044056952820635	-0.07242728987136891
1.0447055931928857	-0.07208817913274879
1.0459958953536987	-0.07139129853999535
1.0485467316534973	-0.0699231724661451
1.0486941582384646	-0.069834530060781
1.0488414370040697	-0.0697455528870066
1.0491355476894764	-0.06956659491684564
1.049721957947744	-0.06920466940071625
1.0508873439709812	-0.06846482143745934
1.0531868550289538	-0.06692150195794407
1.0533291302428673	-0.0668222434972822
1.0534712304380143	-0.06672265693372531
1.0537549023645192	-0.0665225004990237
1.0543201085093559	-0.0661182615495216
1.0554417791565378	-0.06529413867868637
1.0576486283651492	-0.06358382241449241
1.0577963576672347	-0.06346494542472557
1.0579438491045212	-0.06334569360562835
1.0582381140605397	-0.06310606717954656
1.0588237420508835	-0.06262233527984241
1.059983148727251	-0.06163705517899476
1.0622526389056373	-0.05959607798968013
1.0623922226481357	-0.05946543490767673
1.0625315341847426	-0.059334432379477046
1.062809336392606	-0.05907135115348775
1.063361627660793	-0.05854089941279843
1.0644527208720538	-0.0574629649954628
1.0665790694382284	-0.05524003182223577
1.0667007741119092	-0.05510760378865592
1.0668222123920166	-0.05497487911797219
1.0670642864263515	-0.054708542013433614
1.0675452010321673	-0.054172331945280115
1.068493910398879	-0.05308589226792381
1.070337376823693	-0.05085796333850668
1.0704501473494659	-0.05071632277233613
1.070562625264505	-0.050574404112901844
1.0707867000678601	-0.050289735017521583
1.0712313032826462	-0.04971708739705534
1.0721061470434876	-0.048558698141485675
1.0737969868754074	-0.04619072964961074
1.0738979825276984	-0.046043469234776944
1.0739986731034459	-0.04589596205811638
1.074199136200041	-0.0456002101022124
1.074596370485819	-0.04500577469632566
1.0753759152878715	-0.04380533126702213
1.0768740833203072	-0.04135941291547988
1.0769649741890832	-0.041204600413549286
1.0770555381994515	-0.0410495637788618
1.0772356830418517	-0.040738821096644874
1.0775920218980994	-0.04011467910649521
1.0782887529989518	-0.03885593872858807
1.0796173091480945	-0.036298023147232024
1.0797042170747644	-0.03612268251762582
1.0797907168242218	-0.03594710753336341
1.0799624888024315	-0.03559525867365666
1.0803011019234128	-0.03488879476056061
1.0809584414010103	-0.03346503952299576
1.0821923085817442	-0.03057615572577598
1.0822657993559057	-0.030393846789056714
1.0823388595875658	-0.03021133823921661
1.0824836858492706	-0.029845726821370516
1.0827681437410215	-0.02911215850244583
1.083316141331794	-0.02763589632895617
1.084327394339628	-0.02464895324352745
1.0843828466648955	-0.024473414536081452
1.0844379077190747	-0.024297734463609548
1.084546854298169	-0.023945954138014116
1.0847600334889382	-0.02324074025389459
1.0851674436410894	-0.021823920774051372
1.0852165856876597	-0.02164623848507459
1.085265329937026	-0.02146843066789978
1.085361623515837	-0.021112442460249212
1.0855494204632563	-0.020399003910059613
1.0859057718050218	-0.018966504696416555
1.0859485048418904	-0.018786935031205924
1.085990834318375	-0.018607256042316226
1.0860742812561552	-0.018247574190647625
1.0862363179057188	-0.017526943741143854
1.0865408915893138	-0.016080846862387536
1.0865771292836073	-0.015899651574471107
1.0866129584422082	-0.015718363490069494
1.0866833900183648	-0.015355513103278593
1.0868193384464384	-0.014628744717041302
1.0870715170031973	-0.013171172421926466
1.0871046095547106	-0.012967381656224755
1.087137187792477	-0.012763496345899199
1.0872008000382534	-0.012355447981821156
1.0873218388732977	-0.011538281587741535
1.087350808142229	-0.01133377576305674
1.0873792606515702	-0.011129187208673674
1.0874346142647628	-0.010719767842069065
1.0875391082671328	-0.009900001661479496
1.0875639358217881	-0.009694875574586743
1.0875882444959013	-0.009489678650129438
1.0876353042391316	-0.009079078255140798
1.0877231868494706	-0.008257093102768356
1.0877438568678246	-0.008051442129861303
1.0877640062125038	-0.007845732277777889
1.0878027420821512	-0.007434141932548025
1.087873957241315	-0.006610320698937626
1.087890456532881	-0.0064042407075333395
1.0879064336879412	-0.006198113850512386
1.0879368209556461	-0.005785725560357665
1.0879512307648376	-0.005579467139233683
1.0879651178306222	-0.005373167876468631
1.0879913231823135	-0.004960452856782006
1.0880036412064171	-0.004754040116664782
1.0880154359635141	-0.004547592568471055
1.0880374552104592	-0.0041345990872394805
1.088047679480246	-0.0039280561750944295
1.0880573800429085	-0.0037214844966143045
1.0880752096642234	-0.003308260887237418
1.0880833385446327	-0.003101611980613786
1.0880909433614354	-0.0028949403561570604
1.0880980240385947	-0.002688247526882676
1.0881045805053093	-0.0024815350061177695
1.0881106126960174	-0.002274804307478877
1.0881161205503962	-0.0020680569448496213
1.0881211040133647	-0.0018612944323587318
1.088125563035083	-0.0016545182843576303
1.0881294975709557	-0.001447730015398012
1.0881329075816308	-0.0012409311402097605
1.088135793033002	-0.0010341231736788544
1.088138153896209	-0.0008273076308249333
1.0881399901476372	-0.0006204860267788558
1.08814130176892	-0.00041365987676059585
1.0881420887469373	-0.0002068306960571369
1.0881423510738177	-2.3491523956599652e-17