-0.11625523963190978	0.
-0.11625494265918009	0.00025007235839009657
-0.11625405174381105	0.000500143065089285
-0.11625256689426307	0.0007502104684304994
-0.1162504881246364	0.0010002729167943578
-0.11624781545467108	0.0012503287586330032
-0.11624454890974635	0.0015003763424939385
-0.11624068852088032	0.0017504140170438675
-0.11623623432472899	0.0020004401310925197
-0.11623118636358573	0.0022504530336164823
-0.11622554468538024	0.0025004510737830195
-0.1162193093436775	0.0027504326009738893
-0.11621248039767673	0.0030003959648091548
-0.11620505791221002	0.0032503395151709837
-0.11619704195774094	0.003500261602227448
-0.11617922995179826	0.00400003478866877
-0.11616943406939498	0.004249882590033295
-0.11615904505612643	0.004499702332099314
-0.1161364880369974	0.004999251046580943
-0.11612432024518805	0.0052489767242139725
-0.11611155975061113	0.005498667753030767
-0.11608426114302207	0.0059979392799799245
-0.11606972328896814	0.00624751648732621
-0.11605459325005742	0.006497052464331397
-0.11602255719722804	0.006995994152116832
-0.11595138556184822	0.007993310472292604
-0.11593211456000793	0.008242511842419985
-0.11591225267782768	0.008491658849184864
-0.1158707570307702	0.008989783220020007
-0.11578068382582307	0.009985307569103033
-0.11575669136216608	0.010234028205207392
-0.11573210967939927	0.010482681394997874
-0.11568117959257718	0.010979778911622043
-0.11557225939565802	0.011973092881813143
-0.11554356000219186	0.012221228329552958
-0.11551427340527753	0.012469283310049291
-0.11545393971357897	0.012965145379830395
-0.11532623843309474	0.013955832595379454
-0.11504276962793722	0.01593269752646574
-0.11500148343995738	0.01620009385230625
-0.11495951311914757	0.016467365113336112
-0.11487352194404025	0.017001524283815673
-0.11469335093023554	0.01806825223963879
-0.11430036820834645	0.020194892687587056
-0.11424819576015409	0.020460044451968605
-0.11419534749394901	0.02072503878871016
-0.11408762584167599	0.02125454717487843
-0.11386409880034103	0.022311586917657132
-0.11338484972292288	0.024417313584869857
-0.11332193801050261	0.02467970784008163
-0.11325836064568429	0.024941912975783857
-0.11312921174740499	0.025465748069816163
-0.11286295718523058	0.026511062994857244
-0.11229878605907302	0.02859183812092794
-0.11104520737099313	0.03271054665762714
-0.11096694893051054	0.03294901938063371
-0.11088813241931707	0.033187274260083034
-0.11072882814753444	0.03366312449826983
-0.11040355561467878	0.03461214513556094
-0.10972652665289036	0.0364991356644113
-0.1082679722028251	0.04022630669369852
-0.1081722456217411	0.04045708125367771
-0.10807598694490249	0.04068759164706704
-0.10788187685095144	0.04114781437538778
-0.10748731076989523	0.042065028892251756
-0.10667299911514427	0.04388622763376945
-0.1049453455212824	0.0474733027513015
-0.10483525935736988	0.04769060791278055
-0.10472469094531918	0.0479076182314895
-0.10450211120035438	0.04834074956926508
-0.10405120698138283	0.049203421859218444
-0.10312663805759645	0.05091414261411051
-0.1011882489179841	0.05427504284136054
-0.10106322074039009	0.05448234004868004
-0.1009377424737766	0.05468930613877674
-0.10068543989589829	0.05510224070020918
-0.10017548027497643	0.05592408970768514
-0.09913438317814043	0.05755147359851172
-0.09696943280146998	0.06073917154266918
-0.09681874684861029	0.06095197598779069
-0.09666757264379289	0.061164352934773326
-0.09636376528070022	0.06158781957651532
-0.09575035552678836	0.062429570879721695
-0.09450068465751572	0.06409208681098466
-0.09191260444158522	0.06733118270453178
-0.09174702764168421	0.06752974621215665
-0.0915810103549879	0.06772784708971732
-0.0912476604561164	0.06812265696891155
-0.09057574241864541	0.06890668166491998
-0.08921137957373401	0.07045213546492639
-0.08640334103288107	0.07345102007239104
-0.0862363899438159	0.0736220978087443
-0.0860690986378812	0.07379274747255625
-0.08573350053764209	0.07413275997581217
-0.0850582785711723	0.07480761969645167
-0.08369202180000127	0.07613653796406965
-0.08089858874699142	0.07871011139974969
-0.08072139471953255	0.07886718985954093
-0.08054390214003294	0.07902382163765817
-0.08018802657006671	0.0793357431288129
-0.07947275052087849	0.07995420396371994
-0.07802839289244151	0.08116948973490172
-0.07508681059164274	0.08351271940212428
-0.07488512231961195	0.08366718947842046
-0.0746831329203115	0.0838211184989359
-0.07427825742780675	0.08412735152943213
-0.0734649664655253	0.08473330498155028
-0.07182459869911044	0.08591906592325234
-0.06849170526291146	0.08818531895870564
-0.06828120801369592	0.08832227534877996
-0.06807046288710557	0.08845867881435752
-0.06764823560692165	0.08872982587527319
-0.06680087911669098	0.08926547315394186
-0.06509492692030547	0.09031012613152281
-0.06164099724874791	0.0922925060374215
-0.061427351810062585	0.0924094916072834
-0.06121351778328426	0.09252593836947967
-0.06078529005528442	0.09275721508944137
-0.05992663844440288	0.0932132989109484
-0.05820088961382353	0.09409957287769585
-0.05471829899332042	0.09576848735751683
-0.054499365965043324	0.09586820660767137
-0.0542802922489911	0.09596738628281128
-0.05384172861816428	0.09616412711542818
-0.052962977501585864	0.0965511364051384
-0.05119930564986206	0.0972992826547919
-0.0476498613493299	0.09869227972372868
-0.04744211500809639	0.0987692509800435
-0.04723428609558406	0.09884575597195967
-0.04681838509058643	0.09899736775762405
-0.04598564199709447	0.09929500286498787
-0.04431664303866849	0.0998679562762631
-0.04410771061128734	0.09993748668619357
-0.043898713536511556	0.10000655354559354
-0.04348052986065072	0.10014329738988417
-0.04264343520819352	0.1004112311735087
-0.04096658152074956	0.10092493013801809
-0.04075674619442636	0.10098706849027847
-0.04054686366069382	0.10104874671333233
-0.04012696126247522	0.10117072371949036
-0.039286637071604305	0.1014091667491445
-0.037604148850868775	0.10186406521643523
-0.03423368752289069	0.10268639550213016
-0.0340050783844338	0.10273792936538648
-0.03377645303602204	0.10278893254919225
-0.03331915884256827	0.10288934847951771
-0.03240443223642546	0.10308382996891743
-0.03057470979163896	0.1034474849978617
-0.03034599371953585	0.10349057761356444
-0.03011728162570958	0.10353314629977858
-0.029659874315070382	0.10361671367245481
-0.028745161627697885	0.10377758109548228
-0.02691641684400734	0.10407435035729891
-0.02668791108157237	0.10410911521510006
-0.026459428713585594	0.10414336361355457
-0.02600253890799604	0.10421031299206647
-0.02508909207528089	0.10433803593423537
-0.024860806546849017	0.10436868295800884
-0.024632553826849344	0.10439881750681747
-0.02417615146048312	0.10445755121849118
-0.023263791387239545	0.10456889150486497
-0.02303580071285483	0.10459545311862263
-0.02280785206300986	0.10462150639712788
-0.022352085386023214	0.1046720900626076
-0.021441106192259723	0.1047671807541814
-0.021213483405333845	0.10478969059643878
-0.02098591166019942	0.10481169639046847
-0.02053092574473338	0.10485419801937307
-0.01962161518427763	0.10493317685953182
-0.019409525282448704	0.10495045644760588
-0.019197487486485056	0.10496730057110074
-0.01877357175215975	0.10499968425658766
-0.01856169557786662	0.10501522473856752
-0.018349875037575056	0.10503033159592248
-0.017926404361015322	0.10505924629353397
-0.01771475596981927	0.10507305506594307
-0.017503166702768913	0.10508643207801147
-0.017080169005124105	0.10511189270176809
-0.01623492107078414	0.10515765359387956
-0.01602376980450698	0.10516802151926002
-0.015812684528663187	0.10517796148316898
-0.015390715336302024	0.10519655945294362
-0.01517983310786331	0.10520521842544747
-0.014969020246016068	0.10521345136973576
-0.014547605972149914	0.10522864112191233
-0.01433700622922759	0.10523559890727456
-0.014126479191090993	0.10524213261934884
-0.013916025686360365	0.10524824275017709
-0.01370564654128588	0.10525392979310505
-0.013495342579748198	0.10525919424277223
-0.013285114623259058	0.10526403659510189
-0.01307496349096218	0.10526845734729105
-0.012864889999633887	0.10527245699780045
-0.012654894963683898	0.10527603604634471
-0.012444979195156173	0.10527919499388229
-0.012235143503729834	0.1052819343426057
-0.012025388696720015	0.10528425459593155
-0.011815715579078722	0.10528615625849069
-0.011606124953395958	0.10528763983611858
-0.011396617619900642	0.1052887058358452
-0.011187194376461583	0.10528935476588547
-0.010977856018588732	0.10528958713562964
-0.01076860333943415	0.10528940345563316
-0.010559437129793167	0.10528880423760746
-0.01035035817810566	0.10528778999441
-0.010141367270457188	0.10528636124003474
-0.009932465190580208	0.10528451848960253
-0.00972365271985547	0.10528226225935147
-0.009514930637313287	0.10527959306662749
-0.009306299719634809	0.10527651142987467
-0.00909776074115349	0.10527301786862586
-0.008889314473856524	0.1052691129034932
-0.008680961687386274	0.10526479705615858
-0.008472703149041654	0.10526007084936438
-0.008264539623779805	0.10525493480690386
-0.007848500660633053	0.10524343531535649
-0.0076406267409672235	0.1052370729190273
-0.007432850870825664	0.10523030279252867
-0.007017596289870163	0.10521554146565291
-0.0068101190786052646	0.1052075513260697
-0.006602742915966086	0.10519915557788646
-0.00618829671005594	0.10518114938801758
-0.00598530066858601	0.10517173294594027
-0.005782404571704947	0.10516192874048669
-0.005376914978447095	0.10514115906245844
-0.005174322860090043	0.10513019460351053
-0.004971833442364919	0.10511884440842363
-0.004567165441353079	0.10509498884625197
-0.0043649882190069334	0.10508248449941898
-0.004162916419177638	0.10506959645693437
-0.003759091785537085	0.10504267133432668
-0.002952737152693911	0.10498423932746379
-0.0027514220957544485	0.10496867979869774
-0.002550217803121508	0.10495274069296266
-0.0021481441414774615	0.10491972582417873
-0.0013453548096279782	0.10484916401270772
0.00025464727613616796	0.10469002911941505
0.0004541122966410153	0.10466845893755855
0.0006534562733752319	0.10464651755299809
0.0010517785986495875	0.10460152329203003
0.0018469433740842384	0.10450710365004884
0.0034312162563894626	0.10430065914757614
0.003628670763061348	0.10427321351805369
0.0038259944772210024	0.10424540521706567
0.004220247162364799	0.10418870275214193
0.005007157113893761	0.10407096945780278
0.006574465466917666	0.10381831049860143
0.0067863518503390495	0.10378228979418529
0.006998073339255058	0.10374585238770692
0.0074210187773643185	0.10367173025284851
0.00826489965465003	0.10351851621477466
0.009944464981449944	0.10319236563225816
0.010153628812304203	0.10314976148793992
0.010362616639468917	0.10310675183506995
0.010780061599761045	0.10301951881730667
0.011612810112437399	0.10284021765000752
0.013269594673669517	0.10246243280846556
0.013475863360205302	0.10241342512262167
0.013681945617582186	0.10236402322211997
0.014093548329967747	0.10226403961086819
0.01491448908536033	0.10205937299659934
0.01654717438984941	0.10163140117005286
0.019774693892219735	0.10070217701487423
0.01996132041489779	0.10064501824946574
0.020147768212627266	0.10058753602677772
0.02052012584877357	0.10047160352398415
0.02126267689436895	0.10023588248931992
0.022739024479432456	0.09974914588995862
0.02565594474275777	0.09871553056941629
0.025836639456915257	0.09864830797934171
0.026017142039068655	0.09858078042299522
0.026377569247738476	0.09844481271625
0.02709610101943206	0.09816924305140635
0.028523788798036184	0.09760369557685449
0.03134100192092632	0.09641599639066563
0.031529993855010256	0.09633284699122718
0.03171874628714012	0.09624936087587331
0.032095530924383484	0.09608138139858893
0.03284620736209591	0.09574141374484227
0.03433589523382893	0.0950456056084395
0.03726788953684365	0.09359178809759364
0.03744901409132393	0.09349822156508295
0.037629886385760335	0.09340434132117288
0.03799087273391971	0.09321564254337109
0.038709802351046714	0.09283451170829153
0.04013540993651673	0.0920574755175363
0.04293700889948686	0.09044556638574855
0.04310673021177525	0.09034420187759276
0.043276198026578235	0.09024255668320388
0.04361437200313557	0.09003842685757531
0.04428766530936901	0.08962682777920983
0.04562197038333224	0.08879041797974874
0.04824097151956257	0.08706591218459268
0.05327699191476256	0.08341930255096164
0.05341966610959346	0.08330923206484697
0.053562106268120156	0.0831989528074677
0.05384628383041727	0.08297776997125192
0.05441182346789552	0.08253292092959953
0.05553160583200279	0.08163340025396192
0.057725715432395436	0.07979594837705145
0.06193016017938668	0.07597432398914429
0.062068335340860994	0.07584150599805593
0.06220622507467778	0.075708478682276
0.06248114770832617	0.07544179843917723
0.0630275618384365	0.07490595200130927
0.06410663596459257	0.0738244466256249
0.06620954379587168	0.07162322594364794
0.07019279911357648	0.06707609973181433
0.07030450370765912	0.06694071357318411
0.07041595354064963	0.0668051766116023
0.07063808865319884	0.06653365204150817
0.07107929880377739	0.06598881261522274
0.0719494643672705	0.06489207055511849
0.07364066794059528	0.0626711095318399
0.07374418920873252	0.06253111342585592
0.07384745380595802	0.062390980337520635
0.07405321278149682	0.06211030490411329
0.07446164843906553	0.06154732881191815
0.07526617961100732	0.06041496968085941
0.07682579939575905	0.058125368016147566
0.07692903527198813	0.057969140881933834
0.07703196808885093	0.057812768520213435
0.07723692435017683	0.057499590177246096
0.07764319805193334	0.056871513414058925
0.0784411799442718	0.0556085941879222
0.07997880634322546	0.053056600373323555
0.08007232260736244	0.05289597835323519
0.08016553449350089	0.052735227266816544
0.08035104499694679	0.05241333986917964
0.0807184120075457	0.051768037956731884
0.08143852301074117	0.050471435364150385
0.08282020178995037	0.047855103976550684
0.08290244077957332	0.04769358977553007
0.08298438551392498	0.04753196607460923
0.0831473921333374	0.04720839196383414
0.08346987340707841	0.046559949410192245
0.0841007037905476	0.045257986532344405
0.08530580510696008	0.04263453875988578
0.0853786189194265	0.04246973993092422
0.08545113794115182	0.042304845659458426
0.08559529156195425	0.04197477251055355
0.08588006077226806	0.04131349981106873
0.08643544452059669	0.039986544559734355
0.08748957563369164	0.03731575406292993
0.08754870787440688	0.037159362861167514
0.08760758329036702	0.037002900347497834
0.08772456362667415	0.03668976273222332
0.08795544217402156	0.03606264656536017
0.08840486972100264	0.03480512552727175
0.08925439968113863	0.032277524555979265
0.08930531141522238	0.03211901689399231
0.0893559662058939	0.03196044854231036
0.08945650494846735	0.0316431310766592
0.08965449902329202	0.031007782227220063
0.09003815315408917	0.029734301659153008
0.09075612326283555	0.02717678767704003
0.09080239510561902	0.02700299871113896
0.09084836486995378	0.026829150562577203
0.09093939816302993	0.02648127833797769
0.09111783980879672	0.025784841503133794
0.09146022340690706	0.024389288601590075
0.09150166202058438	0.024214601148632154
0.09154279856194404	0.024039860956071007
0.09162416543115172	0.02369022395155963
0.09178327434219294	0.02299033464362476
0.09208699310373009	0.02158818400774091
0.09212359868649683	0.021412700542890108
0.09215990221554449	0.021237170701272633
0.09223160311837886	0.02088597346835155
0.09237138034585889	0.020183039852766607
0.09263643685184546	0.01877510419128573
0.09310856123199306	0.015951661111000787
0.09313372414595504	0.01578661578971762
0.09315862380030811	0.01562154093362976
0.09320763333646485	0.015291303878605635
0.09330249336250447	0.01463048921957364
0.09347957757922355	0.013307568160954228
0.09350052852693147	0.01314208805093653
0.09352121623987594	0.012976583435386008
0.09356180196751382	0.012645501940181755
0.09363981467160344	0.011983058653734648
0.09378320540160681	0.010657120877664237
0.09379994476941593	0.01049128618895303
0.09381642092548809	0.010325431990721706
0.09384858360776192	0.009993666310792584
0.09390975048940056	0.009329914527097598
0.093924384199981	0.00916393247299228
0.09393875470911914	0.008997933396990447
0.09396670612791648	0.00866588542131888
0.09401945060057697	0.00800159886456036
0.09403197873271321	0.007835489325185532
0.09404424367265078	0.007669365245733953
0.09406798398020642	0.007337074705969513
0.09411230633489354	0.00667233277441828
0.09412272895842427	0.006506115586406891
0.09413288839779976	0.00633988633517475
0.09415241772772204	0.006007392880184788
0.09418831821652494	0.0053422748166361686
0.0941964745960648	0.005179235687914161
0.09420437803295557	0.005016187335843468
0.09421942608156475	0.004690064125631508
0.09422657069461832	0.004526989849364806
0.09423346236769294	0.004363907513501507
0.09424648689634309	0.004037719826268258
0.09425261975308388	0.00387461505644159
0.09425849967217609	0.0037115033901079088
0.09426950069950658	0.0033852605306056082
0.09427462180873608	0.003222129918696706
0.09427948998229915	0.003058993572803172
0.09428846752416482	0.0027327048412468962
0.09429257689328102	0.0025695530366080482
0.0942964333283578	0.0024063966600353774
0.09430003682974572	0.0022432360019790367
0.0943033873977727	0.002080071352867199
0.09430648503274398	0.001916903003107516
0.09430932973494197	0.0017537312430886064
0.09431192150462628	0.0015905563631815522
0.09431426034203359	0.0014273786537413503
0.09431634624737768	0.0012641984051085242
0.09431817922084926	0.0011010159076105333
0.09431975926261613	0.0009378314515631988
0.09432108637282284	0.0007746453272723025
0.09432216055159104	0.0006114578250350483
0.09432298179901905	0.0004482692351415506
0.09432355011518219	0.0002850798478763305
0.09432386550013255	0.00012188995351976872
0.094323927953899	-0.00004130015765028608
0.09432373747648731	-0.00020449019535710047
0.09432329406787997	-0.00036767986932363894
0.09432259772803639	-0.0005308688892709573
0.09432164845689273	-0.0006940569649167471
0.09432044625436196	-0.0008572438059738423
0.09431899112033403	-0.0010204291221487275
0.09431728305467567	-0.0011836126231400815
0.0943153220572305	-0.0013467940186371692
0.09431310812781922	-0.0015099730183184298
0.09431064126623938	-0.0016731493318500519
0.09430792147226556	-0.0018363226688843724
0.09430494874564956	-0.0019994927390584224
0.09430172308612017	-0.002162659251992428
0.09429451296712256	-0.002488980444528298
0.09429052850699822	-0.002652134543273177
0.09428629111264843	-0.002815283923061022
0.09427705751971195	-0.0031415673637953012
0.09427206132028901	-0.003304700843690638
0.09426681218496828	-0.0034678284425238015
0.09425555510471662	-0.0037940648345793334
0.09424954715877222	-0.003957173046508738
0.09424328627490343	-0.0041202742147870295
0.09423000569112606	-0.004446454257416681
0.09420040924234653	-0.0050987170239582295
0.09419168464773356	-0.0052755949115651435
0.09418266236341143	-0.005452461741736323
0.09416372472187048	-0.005806160743119051
0.0941222771192525	-0.0065134096994869375
0.09411117097921815	-0.006690188717500487
0.09409976714121787	-0.0068669537028523495
0.09407606636668055	-0.007220440086439784
0.09402509238955448	-0.007927228076233556
0.09401160463207399	-0.008103884404615647
0.09399781916669488	-0.00828052371968655
0.09396935510681362	-0.008633749817711834
0.09390885443129889	-0.00933998143401702
0.09377356252522766	-0.010751478641450703
0.09375531126706844	-0.010927817931720553
0.09373676227685822	-0.011104134226532806
0.09369877109359373	-0.01145669632978331
0.09361921586799361	-0.012161528082786772
0.09344581358756417	-0.013569937584890158
0.09342279840845542	-0.013745863869274857
0.09339948546900366	-0.013921761140650449
0.09335196630164654	-0.014273467134276824
0.09325335476082434	-0.014976514344363758
0.09304183843339	-0.01638106485484693
0.09301592392871048	-0.016544764108360442
0.09298975009187084	-0.01670843283871608
0.0929366244156234	-0.01703567749276195
0.09282726101048776	-0.01768978690479824
0.09259608565594864	-0.01899641664953565
0.09256602165715125	-0.019159590329094447
0.09253569830261198	-0.0193227285172876
0.09247427352075747	-0.019648897171368716
0.09234831162788555	-0.020300794842410846
0.09208393823472304	-0.021602761492036375
0.09204972438592353	-0.02176532976268006
0.0920152511611253	-0.02192785752681002
0.09194552657918559	-0.02225279027472045
0.09180296485692675	-0.022902155811664167
0.09150539097025479	-0.024198816168774867
0.09086044020004054	-0.026783283935667968
0.09081435083549372	-0.026957900027583845
0.09076795677186082	-0.027132456529490534
0.09067425454793462	-0.02748138911988078
0.09048319372169929	-0.028178521123107352
0.09008644668672698	-0.029569759921093314
0.08923445329814549	-0.032339391593907287
0.08917861403452582	-0.032511895220151035
0.08912247011874695	-0.03268432592419591
0.08900926834347782	-0.03302896687218281
0.08877920911434699	-0.0337173550491586
0.08830446881979868	-0.0350904611319601
0.08729650979018613	-0.037821223009375474
0.08723212394345115	-0.0379880790424867
0.08716744463033625	-0.03815485153020839
0.0870372056352131	-0.03848814421128073
0.08677320639067959	-0.039153708762663206
0.08623112480328339	-0.040480661163186285
0.08509064712578514	-0.043117105038862936
0.08501687499162125	-0.043281079710957
0.08494280972513375	-0.04344495733834725
0.0847937998510421	-0.043772419738201805
0.0844922631426003	-0.04442616104335628
0.08387512532275967	-0.045728812634665716
0.082584623036791	-0.0483140081980139
0.08250708179371459	-0.048463856477932464
0.08242928603099768	-0.048613608153865125
0.08227293101992338	-0.04891282024093788
0.08195716758138738	-0.04951006916170803
0.0813134314511273	-0.05069978406759127
0.07997716087789129	-0.053059420769297684
0.07989148529076177	-0.05320599543104178
0.07980555589357993	-0.05335246164878056
0.07963293577604728	-0.05364506724161232
0.07928465101384397	-0.05422896045595567
0.07857590975997186	-0.05539138979580023
0.07710979561651594	-0.057694132045267195
0.07700808109021004	-0.05784911089581178
0.07690606926522224	-0.05800394768554534
0.07670115390941884	-0.058313193076474513
0.07628775773435494	-0.05892995702262315
0.07544671484335454	-0.06015646433371895
0.0737077246373583	-0.06258048124374413
0.07000303384177259	-0.06730504628453451
0.06989044319595049	-0.06744026402619485
0.06977759713756991	-0.06757532878884254
0.06955113906627165	-0.0678449975938288
0.06909516111926904	-0.06838247980736961
0.06817097460221432	-0.06944992204139247
0.06627381983899526	-0.07155390506999712
0.062285645913078065	-0.07563163817543157
0.062159415122529725	-0.07575369230157802
0.06203294444041787	-0.07587557088201886
0.06177928382826682	-0.07611879958444921
0.06126908863962752	-0.0766031303756356
0.06023722723298776	-0.07756318280677986
0.05812782893839627	-0.07944802218501477
0.05799397809316536	-0.07956423037177221
0.05785989113370269	-0.07968024817690313
0.05759100939645481	-0.07991171075155634
0.05705041836518008	-0.08037233049326917
0.05595795650529274	-0.08128424177544902
0.053728168483841696	-0.08306989181793085
0.053574792464217674	-0.08318911205040463
0.05342114387770985	-0.0833080899547626
0.05311302981709817	-0.08354531627662769
0.05249353990926323	-0.08401683341533707
0.05124156015773079	-0.08494798461383225
0.048685996659228466	-0.0867616167757737
0.0485240057394502	-0.08687276877874306
0.04836174941254711	-0.08698365809051666
0.048036441526276875	-0.08720464604912162
0.047382651828608444	-0.08764344112986765
0.04606243402126089	-0.08850816197930365
0.04337192355769541	-0.09018495003923445
0.04321298859948391	-0.09028051968056201
0.04305383011634227	-0.09037584236296442
0.04273484353959624	-0.09056574468086927
0.04209419876481788	-0.09094256191323988
0.04080227835995395	-0.09168412466850474
0.038176376564828474	-0.09311798084907284
0.03801041458495296	-0.09320537661889966
0.03784423742599399	-0.09329250786079651
0.03751123870375649	-0.09346597453774312
0.03684267165040594	-0.0938097090820021
0.03549532435522723	-0.09448425796852196
0.03276031822299211	-0.0957806705689979
0.032573091799280314	-0.09586592259447829
0.032385624005360124	-0.09595084259733128
0.03200996598850566	-0.09611968364897089
0.031255772128339646	-0.09645334971129188
0.029735970011246476	-0.09710445556701351
0.026651512677440106	-0.09834046087771328
0.026456781346224832	-0.09841472860489875
0.026261823157703923	-0.09848864105686897
0.025871228173001224	-0.09863539721013617
0.025087337652611105	-0.09892461402734543
0.02350886741021324	-0.09948570165666619
0.02031010610568138	-0.10053717857712761
0.020121737079899983	-0.10059558420452538
0.01993318493004964	-0.1006536596331473
0.019555533107833294	-0.10076881750139403
0.018798052428378294	-0.10099514453376619
0.017274488989282105	-0.10143170981975333
0.017083246489264937	-0.10148476049886196
0.01689182848791061	-0.10153747141207209
0.016508467955248116	-0.1016418715511207
0.01573966269953113	-0.10184656835752698
0.014193828538363278	-0.10223941440458624
0.01399983829475191	-0.1022869571989204
0.013805680677841872	-0.10233415068271622
0.013416865426846045	-0.10242748733789497
0.012637249689885574	-0.10260994274393515
0.011070197676994832	-0.10295784888218855
0.007905802724577608	-0.10358458144278707
0.007710631171158882	-0.10361994867267346
0.0075153158770841335	-0.10365496197607016
0.00712425630206429	-0.10372392459501435
0.006340436962432371	-0.10385757844405429
0.004766125279409728	-0.10410767742296978
0.004568721994403693	-0.10413731578686271
0.004371184142943028	-0.10416659143761937
0.003975707105330196	-0.10422405241846078
0.0031831643589860003	-0.10433459785586799
0.0015918592548740307	-0.1045380611285579
0.0013923749383069148	-0.10456183091139083
0.0011927657533355993	-0.10458522931562247
0.0007931752754362607	-0.10463090984123082
-7.476513978351174e-6	-0.1047177907653564
-0.00020794219419102082	-0.1047385745196525
-0.00040852769370220636	-0.10475898261710795
-0.0008100555860414598	-0.10479866971435027
-0.00161452087338628	-0.10487351266518176
-0.0018159270521541392	-0.10489127630730272
-0.0020174478659497484	-0.10490866005571932
-0.0024208307660930233	-0.1049422857661364
-0.0032289431092652333	-0.10500495534468757
-0.003431247835837221	-0.10501966513565669
-0.0036336618767784925	-0.1050339908413556
-0.004038815200700537	-0.10506148791547676
-0.004850403788659657	-0.10511185018840251
-0.005070776280909475	-0.10512443936059276
-0.00529127089855993	-0.10513657170387965
-0.005732622973098105	-0.10515946328099407
-0.005953478654000614	-0.10517022120638321
-0.006174452908328097	-0.10518051968601708
-0.006616753552217115	-0.10519973570432992
-0.006838078141728392	-0.10520865194422509
-0.007059517704559214	-0.10521710614082251
-0.007281071333143032	-0.10522509764784752
-0.007502738116892553	-0.10523262582029515
-0.007724517142197014	-0.10523969001444275
-0.007946407492419505	-0.10524628958786275
-0.00839051848592879	-0.10525809230936163
-0.00861273728079199	-0.10526329417917592
-0.008835063703721564	-0.1052680288717592
-0.009057496822917349	-0.10527229575135173
-0.009280035703539935	-0.1052760941835661
-0.009502679407708345	-0.10527942353540035
-0.009725426994498566	-0.1052822831752509
-0.00994827751994131	-0.10528467247292582
-0.0101712300370198	-0.10528659079965777
-0.010394283595668484	-0.10528803752811731
-0.010617437242770927	-0.10528901203242612
-0.010840690022157755	-0.10528951368817027
-0.011064040974605496	-0.1052895418724135
-0.011287489137834656	-0.10528909596371054
-0.011511033546507768	-0.10528817534212051
-0.011734673232228467	-0.10528677938922047
-0.011958407223539615	-0.10528490748811868
-0.012182234545921688	-0.10528255902346821
-0.012406154221791551	-0.1052797333814805
-0.0126301652705013	-0.10527642994993888
-0.012854266708336733	-0.10527264811821223
-0.013078457548515844	-0.10526838727726867
-0.01330273680118819	-0.1052636468196892
-0.01352710347343345	-0.1052584261396814
-0.013751556569260047	-0.10525272463309329
-0.013976095089604706	-0.10524654169742717
-0.014200718032331154	-0.1052398767318533
-0.014425424392228945	-0.10523272913722398
-0.014650213161013134	-0.10522509831608744
-0.014875083327323175	-0.10521698367270159
-0.01510003387672189	-0.10520838461304831
-0.0155501720516519	-0.10518973087757043
-0.015775357632921445	-0.10517967502245525
-0.016000619508755046	-0.10516913239251982
-0.016451368021722586	-0.10514658446924635
-0.01667685258996083	-0.1051345780109732
-0.016902409314971056	-0.10512208244803811
-0.017353735063631734	-0.10509562169857814
-0.01757950199374208	-0.10508165536193033
-0.017805336893544025	-0.10506719762040354
-0.018257206381252708	-0.1050368056433669
-0.019161714389774796	-0.10497009986647804
-0.01937290219907908	-0.10495339655616873
-0.019584141853619903	-0.1049362613072346
-0.02000677318793888	-0.10490069319115011
-0.020852619253447294	-0.10482435395694589
-0.021064197136923337	-0.10480418259778587
-0.021275819783992223	-0.10478357573612926
-0.021699195783759135	-0.10474105375375337
-0.022546445379280196	-0.10465076458370176
-0.02275835616129721	-0.1046270970242491
-0.022970304476051966	-0.10460299050217099
-0.02339431004414082	-0.10455345887205704
-0.024242731187154695	-0.10444910947820026
-0.02594100557336252	-0.10421917331838257
-0.026153405861033572	-0.10418843234438892
-0.026365828774112445	-0.10415724582073528
-0.026790738668834736	-0.10409353454167809
-0.027640787950256384	-0.10396074808377137
-0.029341588298137215	-0.10367363341537661
-0.02955423514744032	-0.10363571718698164
-0.02976688912591179	-0.1035973493036131
-0.030192214516582765	-0.10351925711584307
-0.031042907229798026	-0.10335763698004422
-0.03274423606813799	-0.1030125748388519
-0.03297466744317172	-0.10296358840904873
-0.0332050882110903	-0.10291406500455302
-0.03366589270995475	-0.10281340559608046
-0.03458731687978319	-0.10260562482862416
-0.03642912992344099	-0.1021641257459303
-0.0366592335082697	-0.10210649913971498
-0.036889305272573225	-0.1020483292278566
-0.03734934793149576	-0.10193035801955094
-0.03826899174868421	-0.10168787998173254
-0.040106206746676275	-0.10117670366686146
-0.04033563740589726	-0.10111034196854686
-0.04056501427322975	-0.10104343149685882
-0.04102360103852428	-0.10090796299126363
-0.041940067377348476	-0.10063042724292409
-0.04376985442152887	-0.10004889603477428
-0.047414274170063254	-0.0987795284188762
-0.047637140062843274	-0.09869700733008213
-0.0478599097086589	-0.09861394952384062
-0.048305154640581806	-0.09844622306076345
-0.049194427603359084	-0.09810432206517873
-0.0509677882977939	-0.0973946938126743
-0.05449119782623104	-0.09587191533652326
-0.05471027615784843	-0.09577215225189911
-0.054929212205042655	-0.09567184885679562
-0.05536665155082651	-0.09546962097066714
-0.05623975787180944	-0.09505867991159482
-0.057978548427126166	-0.09421085318489217
-0.06142375603521068	-0.0924114550475796
-0.061623188190942445	-0.09230228227849058
-0.061822454813749476	-0.09219264013051205
-0.06222048649625729	-0.09197194804539034
-0.06301450879661334	-0.09152493535825762
-0.0645941097442455	-0.09060842016873824
-0.06771728855048373	-0.08868567546692425
-0.06791080310815129	-0.08856154385155532
-0.06810411193365488	-0.08843694748480224
-0.06849010730584107	-0.08818636133565633
-0.0692595733196769	-0.08767962146763193
-0.07078812095633283	-0.08664392356567986
-0.07380138735169352	-0.08448412658261303
-0.07400337922983234	-0.0843335178160324
-0.07420508097242423	-0.0841823728858149
-0.07460760749287267	-0.08387847627560961
-0.07540910675111738	-0.08326426857108157
-0.07699752255507512	-0.08201030027541627
-0.08011308158947662	-0.07940107215976118
-0.08030497519949943	-0.07923355057742647
-0.08049652616835522	-0.07906550964974392
-0.08087859363140498	-0.07872787226308044
-0.08163854482808751	-0.07804639323900288
-0.08314134613833828	-0.07665876631750738
-0.08607562500623701	-0.07378610459590011
-0.0862437964968243	-0.07361452463664378
-0.08641162406517727	-0.07344251204468327
-0.086746242195768	-0.07309719164053302
-0.08741129381400473	-0.07240138896123437
-0.08872436644542406	-0.0709892921722134
-0.09128006932944605	-0.06808444494353931
-0.09143659120221559	-0.06789937568259018
-0.09159272782749432	-0.06771389752195467
-0.09190384026543669	-0.06734171778536484
-0.09252138649366191	-0.06659248790151702
-0.09373748264450442	-0.0650747364570814
-0.09609146113791729	-0.061963649753888066
-0.09623221670706318	-0.061769816376644957
-0.09637256394260188	-0.06157561745137151
-0.09665202887460417	-0.06118612661440785
-0.09720600893561829	-0.060402798837093596
-0.09829391853939368	-0.05881896917239122
-0.10038755667567455	-0.0555843524255618
-0.1005146938716629	-0.05537929550118881
-0.10064138756778232	-0.05517390434493956
-0.1008934402345964	-0.0547621235290832
-0.10139217724063394	-0.05393459745724896
-0.10236794490760259	-0.05226392752933419
-0.10423083007861887	-0.048862089872783426
-0.10435279432285452	-0.04862858128191583
-0.10447419831426158	-0.04839472114666371
-0.10471532064057856	-0.04792595224249276
-0.10519078864122364	-0.04698426218756706
-0.1061143497987598	-0.04508461572618543
-0.10784989257985807	-0.0412230662919345
-0.10795334465435982	-0.0409790768659425
-0.10805619967486017	-0.040734786354584905
-0.1082601142991121	-0.04024530870795465
-0.10866073240298996	-0.03926281360213715
-0.10943289285893286	-0.0372840414146032
-0.1108591376808567	-0.03327444641918904
-0.11093739615391295	-0.03303857800763464
-0.1110151075790622	-0.032802495396576814
-0.11116888642907802	-0.03232969340707576
-0.11146984839389547	-0.03138158334014635
-0.11204523547627158	-0.029475669114336838
-0.11211465798260783	-0.029236549970464806
-0.11218352256350408	-0.028997240282581972
-0.11231957539775807	-0.028518055285029938
-0.1125849581718136	-0.027557465021402782
-0.11308869561583253	-0.025627743319941367
-0.11314911739054041	-0.025385757144287854
-0.11320897160865454	-0.02514360476116731
-0.11332697514274993	-0.024658807542113526
-0.11355614726124308	-0.02368728660884595
-0.11398703328001772	-0.021736887169328267
-0.11403830989335739	-0.021492427955728043
-0.11408901061664473	-0.021247827470937865
-0.11418868249154586	-0.020758208995748748
-0.11438109493897337	-0.019777346288734725
-0.11473809494894754	-0.017809473567327663
-0.11478495088718993	-0.017534264823210015
-0.11483108042274157	-0.01725891198363971
-0.11492115812130266	-0.016707782956588167
-0.1150925733478089	-0.01560389421957001
-0.11513360332551417	-0.015327595402289871
-0.11517390279060818	-0.015051170430092605
-0.11525230828874455	-0.014497951035720361
-0.11540033277406142	-0.01339009767247071
-0.11543550580878456	-0.013112852825177214
-0.11546994476418167	-0.012835499907960329
-0.11553661881626678	-0.012280478944737184
-0.11566114062239391	-0.011169240174091266
-0.11569043009928022	-0.010891194424511294
-0.11571898247942977	-0.010613058814088623
-0.11577387460505068	-0.01005652714762476
-0.1158747993925376	-0.00894248607653347
-0.11589818310988731	-0.008663785472923296
-0.11592082726756814	-0.008385013320967572
-0.11596389583802731	-0.007827263554444259
-0.11598431973971066	-0.007548290534168042
-0.11600400305954878	-0.007269255154046669
-0.11604114702779773	-0.006711006515510294
-0.11605860723518108	-0.006431797860382815
-0.11607532597867612	-0.006152536051902543
-0.11610653828851254	-0.005593862192299686
-0.11612103148408409	-0.005314454752137763
-0.1161347824742375	-0.005035003380461484
-0.11616005719354297	-0.0044759780735029765
-0.11617158062234266	-0.004196408755526842
-0.11618236124502747	-0.0039168047405654305
-0.11619239893346019	-0.0036371683389218486
-0.11620169356832553	-0.0033575018614843987
-0.11621024503913341	-0.0030778076196847585
-0.11621805324422205	-0.0027980879254561526
-0.11622511809076065	-0.002518345091191963
-0.11623143949475177	-0.002238581429703733
-0.11623701738103383	-0.0019587992541791766
-0.11624185168328294	-0.001679000878140615
-0.1162459423440148	-0.0013991886154034155
-0.11624928931458625	-0.0011193647800339449
-0.11625189255519654	-0.0008395316863075247
-0.11625375203488833	-0.0005596916486668312
-0.11625486773154875	-0.00027984698168029526
-0.11625523963190978	-3.178461047988784e-17