1.1546087125944056	0.
1.154608278653694	0.00034399993407094223
1.1546069768366223	0.0006879972224876299
1.1546048071583805	0.0010319892196440955
1.154601769644285	0.0013759732800309454
1.1545978643297763	0.0017199467582836411
1.1545930912604208	0.0020639070092307757
1.1545874504919074	0.0024078513879423427
1.1545809420900464	0.0027517772497779964
1.1545735661307688	0.0030956819504352998
1.1545653227001225	0.0034395628459979585
1.1545562118942716	0.0037834172929840466
1.154546233819492	0.004127242648394202
1.1545353885921705	0.00447103626975982
1.1545236763388003	0.0048147955151912145
1.1544976513103982	0.005502200313876004
1.1544833388388531	0.005845840586677778
1.154468159948225	0.006189435922738239
1.1544352036276777	0.006876481232408733
1.154417426581937	0.00721992593212192
1.1543987838854592	0.007563315147396009
1.1543589024194103	0.008249916587620755
1.1543376641145404	0.008593123546763738
1.154315561088324	0.00893626448994788
1.1542687619117424	0.009622337809715973
1.1541647989026647	0.010993576624454483
1.1541366505973594	0.01133618188944496
1.1541076399109242	0.011678700136194466
1.1540470327546697	0.012363465101951453
1.1539154853862927	0.013731835705264277
1.1538804480397031	0.014073671596345117
1.1538445512905917	0.014415399568155279
1.1537701812625532	0.015098521338738555
1.1536111473842894	0.01646335539608342
1.1535692470452474	0.016804255127939236
1.1535264909154916	0.01714502616481568
1.1534384132764095	0.017826171808147252
1.1532520109750592	0.019186805090365022
1.1528383424082456	0.021900863532093327
1.1527781050206147	0.022267862862957996
1.1527168725741648	0.022634662404091857
1.1525914258392018	0.02336764916013709
1.1523286290775037	0.02483108291213631
1.1517556259602724	0.027747071570980344
1.151679574590454	0.028110487949279644
1.1516025430108605	0.028473653244241108
1.1514455433851336	0.02919921793413968
1.1511198281158712	0.03064719546556123
1.1504217828346437	0.0335298418428264
1.1503301796568344	0.033888864323765255
1.1502376143734827	0.03424758577394772
1.150049602448002	0.03496411330352036
1.1496620885435291	0.0363934212860391
1.1488413936169233	0.039236369695944656
1.1470198373296778	0.044854254997679796
1.1469062131816308	0.04517911199791704
1.1467917896853377	0.04550362399314351
1.1465605498745255	0.04615160371818471
1.1460885360207547	0.047443321697701754
1.1451066744448846	0.050009281751111495
1.1429941450902208	0.05506730476494183
1.14285562809502	0.05538000527991862
1.1427163573713146	0.05569228992976648
1.1424355609374581	0.05631560323044177
1.1418649919067356	0.05755714740953719
1.1406883051895582	0.06001944472981763
1.1381956735356746	0.06485728350365447
1.1380370196098246	0.06514982101745444
1.13787769195862	0.06544189769198851
1.1375570220880855	0.06602466150723002
1.1369076706227794	0.06718458229732442
1.1355772974694085	0.06948161302732164
1.1327929490898545	0.07398146291070931
1.1326135794249683	0.07425841923541562
1.1324335912778742	0.07453486221021842
1.1320717667416593	0.07508620205295004
1.131340775357012	0.07618265534242355
1.1298498318372274	0.07835032709001029
1.1267554185649786	0.08258220199055254
1.1265403400914273	0.08286401324992945
1.1263246039517678	0.08314516777550121
1.1258911684315736	0.08370550017786908
1.1250165129427383	0.08481821386999881
1.1232366153306348	0.08701148988445452
1.1195589267070754	0.0912668087824448
1.119324029446185	0.09152685819365435
1.1190885541787123	0.09178620465224535
1.118615879760735	0.092302783669919
1.117663706461624	0.09332745142846081
1.1157326320955439	0.09534255758285465
1.111768153023685	0.09923385252722068
1.1115328658211407	0.09945504287683728
1.1112971463069146	0.09967559051060089
1.1108244187092016	0.10011475465350735
1.1098738678113143	0.1009853380523199
1.107952851919144	0.10269536892865706
1.1040349124527653	0.10598974280137845
1.103786828770705	0.10619003567496045
1.1035383796717775	0.1063896658937851
1.10304039355684	0.10678693639808486
1.1020401279475005	0.10757350431757584
1.1000228887515227	0.10911464733024279
1.0959252879232024	0.11206825895638114
1.0956448627638153	0.11226208478789382
1.0953640863110434	0.11245511812961782
1.094801489925683	0.11283880604781242
1.0936721959024067	0.1135966582993041
1.0913977820388177	0.11507420840448915
1.0867902471569753	0.11787633822836982
1.0864998573374283	0.11804469005284207
1.0862091980744444	0.11821224365831966
1.0856270812376347	0.11854495611113622
1.0844597242565448	0.11920080176868056
1.0821130734609745	0.12047418166750015
1.0773764237258248	0.12286785445037307
1.077084068420705	0.12300809437902539
1.0767915288133705	0.12314756814788436
1.0762059056873583	0.12342421811529246
1.0750325465238788	0.1239683345337995
1.0726778748658181	0.12501989336102093
1.06794064611285	0.1269768877292164
1.067643487761382	0.12709275694186922
1.0673462149454023	0.12720787062246672
1.0667513343441943	0.1274358331536091
1.065560291967692	0.1278827116022574
1.0631735480940359	0.12874038876724594
1.0583850825291101	0.13031235636458785
1.0581054331584139	0.13039814022813762
1.0578257406374616	0.13048328144168178
1.057266232467667	0.13065163793846238
1.0561467676575054	0.13098066156560317
1.053906393177958	0.1316080693850679
1.0536262410070194	0.13168363346316758
1.0533460705205444	0.1317585634093305
1.0527856806707212	0.1319065231637141
1.0516647477273362	0.1321948581226586
1.0494226035971546	0.13274132075073275
1.0491423383400016	0.1328068082887557
1.04886207857942	0.1328716711243648
1.048301581359358	0.13299952516173572
1.0471807165753115	0.13324776419217546
1.0449398258163487	0.1337145086067891
1.0446598206839641	0.13377007675864822
1.0443798438200702	0.13382503045949024
1.0438199804473558	0.1339330971749575
1.0427006537392374	0.13414188668718835
1.0404639059516743	0.13453024296509214
1.0401609507582394	0.13457989896105774
1.0398580544754723	0.1346288454524611
1.0392524453786538	0.1347246135430846
1.0380420078975199	0.1349076756992155
1.0377395708669834	0.13495168117753115
1.0374372060722705	0.1349949844830395
1.0368326997445516	0.13507948830483688
1.0356246256964106	0.13524011107569556
1.035322812152851	0.13527852543261124
1.035021083805427	0.1353162451576865
1.0344178890709352	0.13538960454163818
1.0332125917284865	0.1355280300166632
1.0329115040789816	0.1355609142693369
1.032610514221683	0.1355931116253323
1.0320088340738292	0.13565544956932657
1.0308067150585378	0.13577192599350835
1.0305064527998686	0.135799342661108
1.0302063005663706	0.1358260803467255
1.029606332183907	0.1358775227795463
1.0293065190253432	0.13590222953687303
1.0290068218727617	0.13592626133240981
1.0284077815043589	0.13597230408574273
1.028108441233877	0.13599431707343854
1.0278092228600648	0.13601565915908978
1.0272111576313279	0.1360563347102501
1.026016553737612	0.13612968006334036
1.0257182291680427	0.13614635454928622
1.025420038007292	0.1361623663644537
1.0248240615621742	0.13619240614006273
1.024526279088853	0.1362064361846001
1.0242286356464523	0.13621980772649878
1.0236337714153831	0.13624457949329463
1.0233365533933383	0.13625598181868304
1.023039479935474	0.13626672984236435
1.0227425524112679	0.13627682461950377
1.0224457721846754	0.136286267207189
1.022149140614136	0.13629505866440497
1.02185265905258	0.13630320005200897
1.0215563288474339	0.1363106924327056
1.0212601513406283	0.13631753687102222
1.020983792601151	0.13632334267266072
1.0207075691896628	0.1363285855756906
1.020431482185039	0.13633326645041427
1.0201555326619995	0.13633738616844626
1.0198797216911153	0.13634094560269625
1.0196040503388124	0.1363439456273516
1.0193285196673776	0.13634638711786054
1.0190531307349635	0.1363482709509147
1.0187778845955944	0.13634959800443283
1.01850278229917	0.136350369157543
1.018227824891472	0.13635058529056654
1.01795301341417	0.13635024728500075
1.0176783489048258	0.1363493560235025
1.0174038323968992	0.13634791238987148
1.017129464919754	0.1363459172690335
1.0168552474986632	0.13634337154702417
1.0165811811548153	0.13634027611097235
1.0163072669053195	0.13633663184908384
1.016033505763211	0.13633243965062503
1.015759898737459	0.1363277004059066
1.0154864468329692	0.1363224150062675
1.0152131510505928	0.13631658434405866
1.0149400123871313	0.13631020931262708
1.0146670318353423	0.1363032908063
1.0143942103839458	0.1362958297203685
1.0141215490176305	0.13628782695107214
1.0135767104588789	0.13627019995199013
1.0133045352157188	0.13626057751928355
1.0130325239562057	0.13625041699733909
1.0124889972426285	0.1362284852895749
1.012217483705842	0.13621671590779572
1.011946137987269	0.13620441204482917
1.0114039537955595	0.13617820449241852
1.0111331172079083	0.13616430261348586
1.0108624522094558	0.13614986987435845
1.0103216407076485	0.13611941544488107
1.010051496058201	0.13610339557103124
1.0097815267057804	0.13608684846995742
1.0092421175566653	0.1360521762268241
1.0081654429151323	0.13597654509839194
1.007896726103179	0.13595633292360185
1.0076281918162011	0.1359356008196932
1.0070916743574507	0.13589258048506814
1.0060208684671852	0.13580034096300705
1.0057536364485478	0.13577599500557305
1.0054865939355944	0.13575113645389952
1.0049530808445069	0.1356998852446402
1.0038883661137774	0.13559127216455605
1.0036278987755722	0.1355634151931357
1.0033676200195014	0.1355350726571662
1.0028476313606445	0.13547693436764074
1.0018099510114242	0.13535486926782306
0.9997439477566666	0.13508778000789354
0.9994865891233896	0.13505225843294394
0.9992294311035461	0.13501626522810917
0.9987157197937897	0.13494286741951236
0.997690736135114	0.13479045064878545
0.995650682215809	0.1344633281081394
0.9953966183329258	0.13442036523015732
0.9951427662394468	0.13437694469516698
0.99463570010069	0.13428873414844272
0.9936241385964453	0.13410685960581556
0.9916114446537153	0.13372149232739197
0.9876288987328931	0.13286584809680743
0.9873609460596725	0.13280379296655792
0.9870932662103457	0.1327412319890273
0.986558727899414	0.13261459692635358
0.9854929570119811	0.13235530538464166
0.9833747962449867	0.13181288433311836
0.9791932099602666	0.13063466432410467
0.978934329870163	0.13055696935541156
0.9786757439940527	0.13047880373889403
0.9781594573003178	0.13032106491676806
0.977130440855777	0.12999998735172988
0.9750867663454416	0.12933567532115645
0.9710578476947567	0.1279203539306021
0.9708253290712885	0.12783431854671004
0.9705930818882731	0.12774790328442698
0.9701294034435108	0.12757393656516774
0.9692053212985993	0.1272214823856066
0.9673703423894131	0.1264986826660133
0.963753784846322	0.12498303903873173
0.9635301389003854	0.12488527007177695
0.9633067760143431	0.12478714833087391
0.9628609007185325	0.12458984985443773
0.9619725609836973	0.12419105615984247
0.960209594710596	0.12337686688239922
0.9567390442972037	0.12168354805533728
0.9565066147561769	0.1215657605617375
0.9562745287873171	0.12144758935188053
0.9558113888737478	0.12121009985559134
0.9548892461455215	0.1207305609798545
0.9530615788671735	0.1197534698370711
0.9494732404963759	0.11772902291753357
0.9492519547250714	0.11759945424087588
0.949031021722485	0.11746953369294566
0.9485902150077858	0.11720864086101923
0.9477128455002318	0.11668267530929702
0.9459751343280682	0.11561423978148032
0.9425682107406689	0.11341305069251835
0.9423621594497719	0.11327526473862284
0.9421564546838813	0.11313716879938474
0.9417460853966148	0.11286005044056033
0.9409295123836532	0.11230213204691249
0.9393130637534813	0.11117176125109242
0.9361472137515686	0.10885440485146546
0.9300854120596528	0.10400507635320615
0.9299141679757196	0.10385965757768097
0.9297432317153598	0.10371401487760964
0.9294022828846695	0.10342206020924322
0.9287240814642878	0.10283549127385622
0.9273824746350325	0.10165185384923175
0.9247585210654452	0.09924367632196629
0.9197480793315561	0.0942722341883713
0.9195838089336493	0.094100279413257
0.9194199027451735	0.09392810579730111
0.9190931830118058	0.09358310487655282
0.9184441141764971	0.09289050803264494
0.9171634587574983	0.09149509112119654
0.9146720635932333	0.08866459907701134
0.909968668075506	0.08285455193438306
0.9098370637887965	0.08268226377745928
0.909705775682211	0.08250982193288671
0.9094441478768396	0.0821644791926795
0.9089246849477938	0.08147197153511455
0.9079009219083095	0.0800797788921961
0.9059139791480273	0.0772675621374002
0.905792474445579	0.07709060066892313
0.9056712846918228	0.07691350112823551
0.905429849855545	0.0765588897178001
0.9049507576288843	0.07584803074134715
0.9040076728285259	0.0744198726720977
0.9021818175700637	0.07153861983033201
0.9020610683619227	0.07134232476378917
0.9019406871594442	0.07114588483193375
0.9017010285125083	0.07075257262619623
0.9012261244248114	0.06996423455736496
0.9002939542812104	0.06838082848604758
0.8985000451560408	0.06518807861649474
0.8983910390133034	0.0649874216976789
0.8982823987086577	0.06478663737955401
0.8980662153324258	0.06438468865348367
0.897638235537755	0.06357928553837125
0.8967998079047662	0.0619625733296267
0.8951929524961721	0.05870644432473965
0.8950973868528002	0.058505690901745525
0.8950021716451934	0.05830483043156732
0.8948127922646064	0.057902790220390105
0.8944382357334364	0.05709744575960031
0.8937059163336166	0.05548180429777511
0.8923083305236397	0.052231528468384095
0.8922239451171737	0.05202757726652075
0.8921399079791824	0.05182353355984997
0.8919728782415539	0.05141517039408046
0.8916429950551896	0.05059735334238129
0.8909999190025408	0.048957454017441865
0.8897804109798775	0.045661365510866934
0.8897120430913518	0.04546853996153564
0.8896439764949682	0.04527564582387449
0.8895087469744448	0.04488965313703591
0.8892419011998549	0.044116859562402126
0.8887226514414991	0.04256811473833744
0.8877418306850263	0.03945858870731401
0.8876830794530812	0.039263733712303864
0.887624627944845	0.039068820712629994
0.8875086239133153	0.038678821990392104
0.8872802104958465	0.03789814266701595
0.886837752029508	0.036334128236464834
0.8860102291907934	0.03319604437584471
0.885956918935962	0.032982937744840825
0.8859039593525783	0.03276977485681677
0.8857990919922117	0.032343281887529086
0.8855935630567506	0.03148963819190457
0.8851993170369201	0.029779807476432284
0.885151611433226	0.02956584779925503
0.885104255701441	0.029351838118137893
0.8850105936636924	0.028923670290438092
0.884827465978619	0.02806675157190995
0.8844779859176414	0.02635066789527164
0.884435872724818	0.026135954306456523
0.8843941086789474	0.02592119684731618
0.8843116278575072	0.025491551836477576
0.8841508541194704	0.02463175205082925
0.8838460491177489	0.022910197943035376
0.8833033401911207	0.019459942731353156
0.8832744230921908	0.01925833672059049
0.88324580930421	0.019056702875919696
0.883189491556301	0.01865335288392063
0.8830804946537296	0.017846332070179435
0.8828770496903342	0.01623107398858887
0.882852982561625	0.016029058491345956
0.8828292183551674	0.015827019931474628
0.8827825986211254	0.01542287480957994
0.8826929932684249	0.014614320846903828
0.8825283144507229	0.012996224214090154
0.8825090915846783	0.012793875191367344
0.882490171320744	0.012591507828454892
0.8824532385287186	0.01218671925693901
0.8823830034100448	0.011376934947044066
0.882366200880969	0.011174447419785892
0.8823497008201984	0.010971943898338023
0.8823176080419305	0.010566890043251797
0.8822570514425543	0.009756603269801597
0.8822426682420507	0.009553995975456695
0.8822285873938055	0.00935137502442489
0.8822013327013726	0.008946093318797211
0.8821504509794218	0.00813537885267767
0.8821384862417111	0.00793267046504096
0.8821268237581233	0.007729950750958255
0.8821044055095965	0.007324478506686941
0.8820631955969029	0.006513410891342795
0.8820538331703637	0.0063146024230488484
0.882044761166665	0.00611578529713662
0.8820274883950884	0.005718126166012498
0.8820192876115157	0.005519284707412832
0.8820113772193942	0.00532043568442366
0.8819964275810009	0.004922716037820428
0.8819893883211347	0.0047238459603345904
0.8819826394255312	0.004524969410720106
0.8819700127028155	0.004127197986776697
0.8819641348642137	0.003928303658161791
0.8819585473668954	0.0037294039488505923
0.8819482433760283	0.003331589479078465
0.8819435268730981	0.0031326752639871374
0.8819391006926894	0.0029337567589431293
0.8819349648307714	0.0027348342365410092
0.8819311192835767	0.0025359079693432437
0.8819275640476026	0.0023369782298823284
0.8819242991196108	0.0021380452906629736
0.8819213244966265	0.001939109424164279
0.8819186401759399	0.0017401709028418704
0.8819162461551048	0.0015412299991302157
0.8819141424319397	0.0013422869854447172
0.8819123290045281	0.0011433421341837957
0.8819108058712168	0.0009443957177312095
0.8819095730306182	0.0007454480084581903
0.8819086304816085	0.0005464992787256206
0.8819079782233289	0.00034754980088621493
0.8819076162551843	0.0001485998472866538
0.8819075445768454	-0.00005035030973009804
0.8819077631882468	-0.0002493003978227042
0.8819082720895878	-0.000448250144649369
0.8819090712813318	-0.0006471992778655188
0.8819101607642074	-0.0008461475251216684
0.8819115405392078	-0.0010450946140612416
0.8819132106075901	-0.0012440402723183897
0.8819151709708763	-0.0014429842275158597
0.8819174216308531	-0.0016419262072626742
0.8819199625895711	-0.0018408659391520442
0.8819227938493457	-0.002039803150759282
0.8819259154127567	-0.0022387375696394816
0.8819293272826475	-0.0024376689233253854
0.881933029462127	-0.0026365969393252046
0.8819413047636042	-0.0030344418681637337
0.8819458778931394	-0.0032333582358765847
0.8819507413473364	-0.00343227017564722
0.8819613392476953	-0.0038300796807357656
0.8819670737035046	-0.004028976700644345
0.8819730985032721	-0.004227868201787736
0.8819860191568777	-0.004625633556489899
0.8819929150224719	-0.004824506864286096
0.8820001012555362	-0.005023373561787542
0.8820153448504827	-0.005421086033814778
0.8820493167552087	-0.006216419638120178
0.8820593313767192	-0.006432101688034507
0.8820696878039093	-0.0066477733585528125
0.8820914261199612	-0.007079084164416038
0.8821390049314671	-0.00794156585071688
0.8821517543285874	-0.008157155081390928
0.8821648456300617	-0.0083727311358903
0.8821920540022694	-0.008803842315756143
0.8822505742372476	-0.009665891147386092
0.8822660592802	-0.009881365157937602
0.8822818863492435	-0.010096823187605589
0.8823145666332803	-0.01052768989921824
0.8823840322788716	-0.01138921608726264
0.8825393881283781	-0.013111360627848435
0.8825603478076163	-0.01332653670477294
0.8825816498248414	-0.013541691160883352
0.8826252809635657	-0.013971933794138892
0.8827166523098593	-0.014832144017408962
0.882915836783509	-0.016551384687278816
0.8829422767642355	-0.016766172220317135
0.8829690594844422	-0.016980932440709518
0.883023653255696	-0.01741036951221638
0.8831369549273639	-0.01826890014406479
0.8833800215167115	-0.019984506861735786
0.8834098053105368	-0.020184498770604332
0.8834398880043507	-0.020384461901487856
0.8835009502005479	-0.02078430065141377
0.8836266626013377	-0.021583619845358126
0.8838924458362257	-0.02318075873486738
0.8839270154186822	-0.02338025473011306
0.8839618843640482	-0.023579717207155557
0.8840325204677216	-0.023978540412486694
0.8841773864096429	-0.024775771453684862
0.8844815004921202	-0.026368504824740395
0.8845208637326474	-0.026567428555260425
0.8845605268602068	-0.026766313957977374
0.8846407529155423	-0.027163968567198955
0.8848048052135872	-0.02795880449362972
0.8851473186388348	-0.029546514851670463
0.885890048374974	-0.032713538466702406
0.8859431450535463	-0.03292763869575085
0.8859965954320853	-0.03314168228304654
0.8861045575010764	-0.03356959793135405
0.8863247283860122	-0.03442473188557233
0.8867820693621449	-0.03613212006562982
0.8877648493382281	-0.03953464697575564
0.8878292919697073	-0.03974673343377964
0.8878940901226547	-0.039958750163893934
0.8880247532366521	-0.04038257276392981
0.8882903484151076	-0.04122936275155731
0.888838628495531	-0.042919427147675014
0.8900036615941226	-0.046284726596895136
0.8900781242034363	-0.04649054414946816
0.89015293144349	-0.046696281256763526
0.8903035800690747	-0.04710751246416427
0.8906090156827864	-0.047928991110960044
0.891236454716766	-0.049567918813647555
0.8925577204602964	-0.0528288897555675
0.8926432432637821	-0.05303192227767447
0.8927291127822691	-0.053234860622787025
0.8929018922311254	-0.05364045301370337
0.8932516146481855	-0.05445048817446988
0.8939677285823306	-0.05606585992913207
0.8954667535825049	-0.05927699716989338
0.8955568911279108	-0.059463354212019384
0.8956473321758692	-0.05964961668546656
0.895829124998721	-0.060021856402359144
0.8961963550861749	-0.060765184209567225
0.8969454052805966	-0.062247147076856524
0.8985019632728803	-0.06519160229666299
0.9018496758738395	-0.07099687490689881
0.9019686220957398	-0.07119153593322068
0.9020879292348183	-0.07138605529006868
0.9023276265153978	-0.07177466680242864
0.9028113548290778	-0.07255016560671813
0.9037961601967506	-0.07409414203394754
0.9058352719758197	-0.07715299983757681
0.9101922761052915	-0.08314598943689387
0.9103249681360731	-0.08331816672178405
0.9104579775920423	-0.0834901878967339
0.9107249489045028	-0.08383375987307722
0.9112627019829445	-0.08451900796803326
0.912353456405321	-0.08588180495327467
0.9145960038273201	-0.08857566190210421
0.919325508394013	-0.09382867690027846
0.9194755418162247	-0.093986618710249
0.9196258812477272	-0.09414437704461145
0.9199274781246684	-0.09445934110062172
0.9205343438006293	-0.0950870434017828
0.9217627612177437	-0.09633342099559447
0.9242783180852563	-0.09878906376267481
0.9295439816015776	-0.10354363320229736
0.9297280088656866	-0.1037010209809992
0.9299123944321728	-0.10385814895953832
0.930282240194636	-0.10417162236805229
0.9310262282192105	-0.10479541686793065
0.9325313729755283	-0.10603021831833459
0.9356101799645509	-0.10844722395789225
0.9358056317533159	-0.10859590028977152
0.9360014389334569	-0.10874429088128962
0.9363941190031095	-0.10904021149663488
0.9371837386362385	-0.10962858694314735
0.9387799877487379	-0.11079128528493963
0.9420402774767583	-0.11305893555139485
0.9422331755227455	-0.11318873727390695
0.942426378995265	-0.11331826633929495
0.9428137016610871	-0.11357650361983249
0.9435920058828928	-0.11408967456252482
0.9451632167053572	-0.11510263925667148
0.948363762009462	-0.11707374256338964
0.9485663571720889	-0.11719445666174613
0.9487692525506377	-0.11731487450663025
0.9491759431973843	-0.11755481840960916
0.9499929186483695	-0.11803111782050928
0.9516412015368803	-0.11896919213391147
0.9549947145228752	-0.12078586033291565
0.9552246560611174	-0.12090601703224714
0.9554549422496703	-0.12102579641138654
0.9559165473174412	-0.1212642191730528
0.9568438792442161	-0.12173649237545053
0.9587149562154478	-0.12266252159786968
0.9625221328277779	-0.12443866891822851
0.9627629336104991	-0.12454624393249848
0.9630040676038261	-0.12465340864091366
0.9634873335971789	-0.12486650292460302
0.9644578460632516	-0.12528772137674463
0.9664146979258249	-0.12611004007014948
0.9703909066960053	-0.12767228571885705
0.9706255044300427	-0.12775999603154214
0.9708603800415204	-0.12784731870748386
0.9713309632360646	-0.12802079759017046
0.9722754457385955	-0.1283630645192671
0.9741775787725413	-0.12902863467107292
0.9780337089203928	-0.13028230679432987
0.9782769797516067	-0.13035716756936355
0.9785205138451794	-0.13043161185568078
0.9790083698033848	-0.1305792473080301
0.9799872185275117	-0.13086948011748084
0.9819573465031922	-0.1314295879350781
0.9859463503026954	-0.13246672152541525
0.9861928499497583	-0.13252660574846767
0.9864395857312193	-0.13258606130937792
0.9869337634273374	-0.13270368293965296
0.9879249272951786	-0.13293374367923533
0.9899183579456688	-0.13337293837449268
0.9901685660501126	-0.13342585868117554
0.9904190008589598	-0.13347833626973243
0.9909205481252235	-0.13358195976937084
0.9919263358249544	-0.13378385538589313
0.9939485418363747	-0.1341660435623925
0.9942023016093791	-0.13421177459237688
0.9944562778630177	-0.13425704879284256
0.9949648771445607	-0.13434622317341183
0.9959846439494822	-0.1345190511278611
0.9980342969371762	-0.13484242599633584
0.9982914386407703	-0.13488074178835774
0.9985487857744452	-0.13491858662278736
0.9990640934532845	-0.1349928598885405
1.0000971421169145	-0.13513571610210334
1.002172807096625	-0.13539846974483927
1.0024552070165222	-0.1354317202279588
1.0027378345505729	-0.13546439991548118
1.0033037685051454	-0.13552804241454264
1.0044383239976342	-0.13564842850817374
1.0047225169018164	-0.13567708122336108
1.0050069293822048	-0.13570515417614995
1.005576408960022	-0.13575955632052136
1.0067179575273784	-0.1358613542783277
1.0070038780189723	-0.1358853376046136
1.0072900097354398	-0.13590873223588332
1.007862902573132	-0.13595375095928808
1.0081496615469399	-0.13597537282615893
1.0084366274507672	-0.13599640154752377
1.0090111756984943	-0.13603667511145387
1.0092987558548159	-0.1360559177348528
1.0095865385659804	-0.1360745627744526
1.0101627072220953	-0.13611005567303916
1.0113174261698425	-0.13617382179263265
1.0116065955006355	-0.13618825278476543
1.0118959583924458	-0.13620207735820647
1.0124752602650158	-0.13622790284981587
1.012765196935852	-0.13623990157097118
1.0130553225478418	-0.13625128947945064
1.013636135918606	-0.13627222847618797
1.0139268213260813	-0.13628177737614605
1.0142176909720944	-0.13629071108687166
1.0145087436679945	-0.13629902851710882
1.0147999782199146	-0.13630672857679801
1.0150913934287635	-0.13631381017709804
1.0153829880902165	-0.13632027223040777
1.0156747609947068	-0.1363261136503882
1.0159667109274177	-0.13633133335198452
1.0162588366682745	-0.1363359302514482
1.0165511369919347	-0.13633990326635945
1.0168436106677818	-0.13634325131564937
1.0171362564599158	-0.13634597331962248
1.0174290731271456	-0.13634806819997947
1.0177220594229812	-0.13634953487983967
1.0180152140956265	-0.1363503722837639
1.0183085358879695	-0.1363505793377772
1.0186020235375768	-0.13635015496939207
1.018895675776684	-0.1363490981076313
1.0191894913321902	-0.13634740768305117
1.0194834689256487	-0.1363450826277648
1.0197776072732603	-0.13634212187546546
1.0200719050858673	-0.13633852436145
1.0203663610689435	-0.13633428902264247
1.0206609739225894	-0.13632941479761768
1.0209360785875594	-0.13632428832018129
1.0212113176942483	-0.1363186035497237
1.0214866901731776	-0.1363123596273406
1.0217621949507683	-0.1363055556954503
1.0220378309493408	-0.13629819089781095
1.0223135970871071	-0.1362902643795375
1.0228655154325057	-0.13627272276843613
1.0231416654559835	-0.13626310597277788
1.0234179412503384	-0.13625292405085962
1.023970865737971	-0.13623086143834012
1.0242475122140549	-0.13621897905645783
1.0245242800266192	-0.1362065281657886
1.0250781751812144	-0.13617991749205888
1.0253553002728755	-0.13616575602983075
1.0256325422002703	-0.13615102270051618
1.0261873720157562	-0.13611983709960906
1.0264649576201743	-0.1361033831615346
1.026742655492973	-0.13608635402344607
1.0272983834304346	-0.13605056683237604
1.0275764111780015	-0.1360318071261786
1.027854546559751	-0.1360124689135722
1.0284111355455205	-0.13597205368162088
1.0295255534091086	-0.1358842450772432
1.029804409262423	-0.13586083439426302
1.030083363280122	-0.13583683867640453
1.0306415609937885	-0.13578708890679803
1.0317590811936124	-0.13568053353476367
1.0320386884509138	-0.13565242006245626
1.032318384133002	-0.13562371514725646
1.032878035821358	-0.1355645278220579
1.0339983456061037	-0.1354390211457993
1.0342786254026521	-0.13540615406957715
1.0345589836133386	-0.1353726892727538
1.0351199301911191	-0.13530396341931092
1.0362427081320826	-0.135159305112362
1.038491512858257	-0.1348409915414802
1.0387964367498006	-0.13479488393085312
1.0391014281235387	-0.1347480600888795
1.0397116064951781	-0.13465225996341573
1.040932697648935	-0.13445202391229502
1.043377427971641	-0.13401680339400557
1.043683223790404	-0.13395912557409798
1.043989059119984	-0.13390071695753475
1.0446008411132843	-0.13378170382718088
1.0458247997202488	-0.13353486965356828
1.0482738847738529	-0.13300577855311785
1.0485800937158738	-0.13293630495792141
1.0488863126974275	-0.1328660870214529
1.0494987732074346	-0.13272341489088824
1.0507237310887059	-0.13242910321907805
1.0531733628342104	-0.1318044351298196
1.058067961500064	-0.1304095850018182
1.0583679563278507	-0.130317628787214
1.0586678997870183	-0.13022493249334302
1.059267624746138	-0.13003731722290446
1.0604663715664508	-0.12965317913262625
1.0628606064428585	-0.12884914272692075
1.0676324026048665	-0.12709706382595737
1.0679297553488287	-0.1269811484435359
1.0682269914446634	-0.12686447614345664
1.0688211052047742	-0.12662885908223007
1.0700078393252244	-0.12614852351252984
1.0723748526753503	-0.1251513591528882
1.077079148544249	-0.12301044708199604
1.0773520507553873	-0.1228795786139522
1.077624790585255	-0.12274804242119122
1.0781697757537254	-0.12248296617796081
1.07925771652104	-0.12194479378695113
1.081425064399941	-0.12083633832466911
1.085722263332553	-0.11849081366411246
1.0859890439118387	-0.1183385208058993
1.086255601906624	-0.11818555756494505
1.0867880424351697	-0.11787762000397325
1.0878501675568317	-0.11725370139992672
1.0899629593057165	-0.11597370224285626
1.0941392003035613	-0.11328523856454036
1.0944196860827637	-0.1130968588365299
1.0946998361715832	-0.11290769529938331
1.0952591191014935	-0.11252701795947183
1.0963735446013163	-0.11175627088271795
1.0985852613182527	-0.11017728453410743
1.1029355480036378	-0.1068700934809107
1.103204019552626	-0.10665682277866317
1.1034720730199443	-0.10644278232397707
1.104006915306327	-0.10601239458610624
1.1050714684060747	-0.10514240937545245
1.107179464938406	-0.10336574936454943
1.1113063413117212	-0.09966700693094531
1.111543303014052	-0.09944525323890017
1.111779827676055	-0.09922284997384044
1.1122515573804266	-0.09877609780054766
1.1131896788427114	-0.09787483287532041
1.1150440946771718	-0.0960414436327987
1.1186618257103986	-0.09225280319529995
1.1188837514093233	-0.09201068483058766
1.119105172444108	-0.09176794557250216
1.1195464921458624	-0.09128060852546363
1.1204229835418877	-0.09029852982805026
1.1221509074950682	-0.08830499732037542
1.1255028126438789	-0.08420249266715583
1.1257035400710933	-0.08394620645966948
1.1259037190658168	-0.08368935939867742
1.1263024241358175	-0.08317398765086471
1.127093169396572	-0.08213656863426885
1.128647577176683	-0.08003531495936111
1.1316447173535342	-0.07572954153166558
1.1318269641586616	-0.07545595773634803
1.1320086030537	-0.07518185637455466
1.1323700499118887	-0.0746321068810517
1.1330855697103392	-0.07352646274896295
1.1344867155303104	-0.07129093577335353
1.1371663050985632	-0.06672576324071534
1.1373419501875124	-0.06641178624871485
1.1375168141852265	-0.06609726036292957
1.1378641904508824	-0.06546657070814335
1.1385494772720803	-0.06419870201198051
1.1398817239182146	-0.06163751256190289
1.1423892993661269	-0.056417500066864
1.1425389373843684	-0.05608709687683752
1.1426877304094163	-0.055756219925055195
1.1429827740456462	-0.05509305475726981
1.1435626401216603	-0.05376115001504671
1.1446810827841023	-0.05107561554750899
1.1467496987324575	-0.04562234358072911
1.1468633080444026	-0.04530109985326963
1.1469761338868234	-0.04497951691350239
1.147199430122413	-0.044335342407774876
1.1476365659562076	-0.04304302229047083
1.1484727391021323	-0.04044300958895827
1.148573665927807	-0.04011661180681104
1.1486737900557082	-0.03978991151070696
1.148871625698852	-0.0391356127423993
1.1492576153709806	-0.03782348835386714
1.1499906261051365	-0.03518566326984921
1.1500785786888272	-0.03485470895358059
1.1501657114874118	-0.03452349017477643
1.1503375137613454	-0.033860268912786574
1.150671237737395	-0.03253075961150353
1.1512989526877242	-0.02986002197820423
1.1513736744042997	-0.02952512914461482
1.1514475615038238	-0.029190011097147014
1.1515928284620136	-0.028519109320697848
1.151873310205216	-0.02717471298337298
1.1523938871525967	-0.0244761119009653
1.1524622292233915	-0.024098571565519734
1.152529515604089	-0.023720801145883843
1.1526609174273013	-0.022964584237970164
1.152911011079444	-0.021449545716025805
1.152970881284359	-0.021070264238760808
1.1530296884514013	-0.020690781173273193
1.153144110283085	-0.01993122461525106
1.1533601610625008	-0.018409850400257072
1.15341150398477	-0.01802905679404827
1.15346177748573	-0.017648090386641804
1.1535591133213774	-0.016885653639368583
1.1537409208699663	-0.01535886592300578
1.1537836888572843	-0.014976791387282114
1.1538253820180235	-0.014594573087744579
1.1539055414501673	-0.013829719781287012
1.1540529367585186	-0.012298448600913696
1.154087090026444	-0.011915326193320551
1.1541201640524457	-0.011532089268194719
1.1541830724670699	-0.010765286541399698
1.1542129059389983	-0.010381728083984569
1.1542416583356447	-0.009998069797378797
1.1542959182421166	-0.00923046845070812
1.1543214249607117	-0.008846532753094412
1.154345849021592	-0.008462511951025499
1.1543914477607715	-0.007694229780359462
1.1544126217737378	-0.007309975789739758
1.154432711798347	-0.006925651450452167
1.1544696387253668	-0.006156806500075813
1.154486475088707	-0.005772293279807843
1.1545022263855667	-0.005387724492345418
1.1545168923859432	-0.005003103836439422
1.1545304728756627	-0.004618435012025469
1.1545429676563854	-0.004233721720139344
1.1545543765456152	-0.0038489676628324387
1.1545646993767025	-0.0034641765430877447
1.1545739359988527	-0.003079352064735019
1.154582086277131	-0.0026944979323659094
1.1545891500924654	-0.002309617851249671
1.1545951273416521	-0.0019247155272488542
1.1546000179373597	-0.0015397946667343326
1.1546038218081298	-0.0011548589765003
1.1546065388983822	-0.0007699121636798853
1.1546081691684145	-0.0003849579356607511
1.1546087125944056	-4.372296865995714e-17