1.4764919956324358	0.
1.4764894444919863	0.00135573692543021
1.4764817911600905	0.0027114475649667544
1.476469035905099	0.004067105634239622
1.476451179174236	0.0054226848519259244
1.476428221593563	0.006778158941272999
1.4764001639679207	0.008133501631620943
1.4763670072808615	0.009488686659924406
1.476328752694562	0.010843687772273477
1.4762854015497249	0.012198478725413428
1.4762369553654588	0.013553033288263168
1.4761834158391485	0.014907325243432232
1.4761247848463057	0.01626132838873607
1.4760610644404077	0.017615016538709526
1.4759922568527175	0.018968363526118245
1.4758393899447635	0.021673929444510822
1.4757553359741349	0.023026096145750612
1.4756662055205196	0.02437781722794318
1.4754727278086368	0.027079818348460804
1.47536838731322	0.028430046363030887
1.4752589838599324	0.02977972471402451
1.475025003538015	0.03247732871619827
1.474900434836076	0.03382520259729599
1.4747708195089406	0.03517242327760236
1.4744964672299123	0.03786480189910952
1.4738874136320914	0.04324058849838237
1.4737226081659542	0.04458251683259129
1.4735527970684754	0.04592358678987168
1.473198181736075	0.04860304986114681
1.4724291543103827	0.05395055955589873
1.472224478384419	0.05528491146544101
1.4720148487312406	0.05661820296754421
1.4715807573751927	0.059281504824444546
1.4706534596197693	0.06459428800768183
1.4704093658638957	0.06591946030301765
1.4701603809112223	0.06724337402192576
1.469647771764132	0.06988732794261636
1.4685642458665789	0.07515906132810898
1.46616609035045	0.08563245251194136
1.465817614397006	0.0870440493219894
1.4654635736786914	0.08845371561474402
1.4647388543771813	0.09126713881705582
1.4632232705971318	0.09686953010053878
1.4599309378796705	0.10797006440535566
1.4594952234380405	0.10934730856564188
1.4590541926636404	0.11072216658886316
1.458156250798266	0.11346461535300618
1.45629733649359	0.11891969027748996
1.4523314554939302	0.12970465491125305
1.4518128319308703	0.13104053809530594
1.4512891865715132	0.13237361811121473
1.4502269097567553	0.1350312701851094
1.4480429751777517	0.14031186305920493
1.4434422106112241	0.1507289169176371
1.4333479080343021	0.17094665840323703
1.4327235420647666	0.172099778991864
1.4320954060352376	0.17324984750383104
1.4308279010665936	0.17554076749200567
1.4282485042209383	0.18008532206946523
1.422916574655264	0.18902207801068271
1.4222342404084523	0.19012462086108464
1.421548452531276	0.1912238858808303
1.4201665969581676	0.19341253129488298
1.4173623366748926	0.19774993422029313
1.41159621658172	0.20626252133655865
1.4108610796210028	0.20731116568603702
1.4101228181849974	0.2083563453536448
1.408637005399568	0.21043626926071637
1.4056288062275446	0.2145540941802422
1.3994708205001876	0.2226195299771035
1.3866263509661036	0.2380545788883203
1.385817874896142	0.2389696759908775
1.3850070444736835	0.2398811951113962
1.3833784002688099	0.24169347824286733
1.3800937357161103	0.24527488325919122
1.3734193490749655	0.25226403070620795
1.359685664595741	0.26554123705313903
1.358811652436927	0.2663398336354228
1.357935914327178	0.26713474474995313
1.3561793369317354	0.2687135052591259
1.3526463120702346	0.27182674858306566
1.3455050256514176	0.27787597230381805
1.330954863496756	0.2892656078521539
1.3299569019888284	0.29000365494191993
1.3289576080323864	0.2907373778010155
1.3269551129079316	0.2921918612406085
1.322935120337986	0.29504905911577595
1.314840070089829	0.30055712516222605
1.3138234507893267	0.3012263639090058
1.3128058501394402	0.301891334560798
1.3107677896016119	0.3032084897856039
1.306680820282953	0.3057917896338872
1.2984681226040178	0.3107555078398055
1.2974382984330515	0.31135706122913703
1.296407821664133	0.3119544318661071
1.2943449892733416	0.3131366497975519
1.2902123563234058	0.31545117201583495
1.28192351470935	0.31988207671991903
1.2652845867989955	0.32796459268758693
1.2643126977563954	0.32840449063235816
1.2633407478256062	0.3288409549511505
1.2613967192191182	0.3297036112586855
1.2575085201663065	0.3313880370684096
1.2497344753101187	0.3345949999873634
1.2487631889535717	0.3349808408556382
1.2477920484808045	0.33536336754575913
1.2458502541936252	0.33611850971722956
1.2419689510159344	0.3375893706025661
1.2342181322295804	0.340375199366483
1.2332506097430713	0.3407089722128474
1.2322834203201676	0.3410395602565127
1.2303500848054614	0.3416912153957222
1.2264878918731423	0.34295667766300464
1.218783793774106	0.34533811831202954
1.2178228848390225	0.3456219521686444
1.21686247686682	0.34590273804892174
1.2149432031986664	0.346455200885813
1.211111096600699	0.34752393697772704
1.2034747586991252	0.34951863450675447
1.2024433552163563	0.3497743974418148
1.2014127161541828	0.35002674835809494
1.199353775537294	0.35052125998884026
1.1952455486657816	0.3514698443003553
1.1942205655603164	0.3516986328188665
1.1931964328751687	0.3519241014140492
1.1911507599614835	0.352365125130659
1.1870700670902528	0.35320784332433447
1.1860521711392515	0.35341039702581184
1.1850352055774427	0.3536097236478571
1.183004103853442	0.3539987422278756
1.1789534805463442	0.35473856706033263
1.1709005795972547	0.35606798114103777
1.1698986692149285	0.35622030098852353
1.1688978317880117	0.3563695804426479
1.1668994083861806	0.35665906485742294
1.1629157907496201	0.35720206234451407
1.1619226879706335	0.35733038568810876
1.1609307211291586	0.35745576191575307
1.1589502251701478	0.35769771956733554
1.155003188965391	0.3581467810775808
1.154019379082812	0.35825185295447587
1.1530367628545095	0.3583540706106294
1.1510751387008746	0.3585499895448466
1.1500961442494833	0.35864371393967975
1.149118370401072	0.3587346303464881
1.147166510606988	0.35890808530943946
1.1461924375162051	0.35899064689295057
1.1452196107390102	0.35907044654239184
1.1432777209992613	0.35922180595633907
1.1394091667012087	0.3594918859098939
1.1384628024820722	0.3595515881289341
1.1375176855175133	0.35960871620240853
1.135631214665124	0.359715292926635
1.1346898712669438	0.35976476304699867
1.1337497961034027	0.359811701960412
1.1318734707336164	0.3598980289346363
1.1309372304910124	0.35993743833921443
1.1300022784110892	0.3599743592238012
1.1290686193143267	0.36000880221863574
1.128136257957352	0.3600407779367958
1.1272051990333167	0.36007029697392445
1.1262754471722782	0.3600973699079605
1.1253470069415763	0.36012200729887295
1.1244198828462115	0.3601442196883989
1.1234940793292252	0.3601640175997863
1.1225696007720736	0.36018141153753913
1.1216464514950077	0.36019641198716806
1.12072463575745	0.3602090294149435
1.1198041577583686	0.36021927426765243
1.118885021636656	0.3602271569723611
1.1179672314715023	0.3602326879361779
1.1170507912827718	0.36023587754602304
1.1161357050313765	0.3602367361684007
1.115221976619649	0.3602352741491732
1.1143096098917185	0.3602315018133432
1.1133986086338807	0.3602254294648333
1.1124889765749721	0.36021706738627546
1.1115807173867394	0.3602064258387987
1.1106738346842109	0.3601935150618239
1.1097683320260685	0.36017834527286047
1.1088642129150137	0.3601609266673062
1.1079614807981388	0.36014126941825175
1.107060139067294	0.36011938367628754
1.1061601910594538	0.36009527956931386
1.1052616400570843	0.3600689672023555
1.104364489288508	0.3600404566573782
1.1025744010974978	0.3599768812448626
1.1016814698642707	0.3599418364243624
1.1007899512439754	0.3599046335195764
1.099011163642449	0.3598237932892325
1.0981239004317909	0.3597801758193366
1.0972380613759274	0.3597344399761618
1.0954706667073992	0.35963665261222794
1.094589116458155	0.3595846207506687
1.0937090010912565	0.3595305098339368
1.0919530851846495	0.3594160898777406
1.091077289612566	0.35935580029631636
1.0902029388587788	0.3592934705755294
1.0884585812101175	0.359162729350311
1.0875885788982944	0.35909433709843774
1.0867200305715636	0.35902394321207076
1.0849873045235243	0.3588771887538136
1.0815393928241388	0.3585600791418391
1.080738720685199	0.35848165539632637
1.079939327572335	0.35840155538873397
1.0783443842916538	0.3582363569225669
1.075169908739404	0.35788617737939515
1.0743795082727594	0.3577945548732105
1.073590397719102	0.3577013162379161
1.0720160511873102	0.35751002025054596
1.068882888546547	0.35710835992234574
1.0681028397261956	0.35700401504339235
1.0673240896931246	0.35689811282696726
1.0657704898537252	0.35668166537350454
1.062678916501507	0.35623040012554963
1.0565584545279336	0.35525598407631687
1.0557992870615018	0.3551275801350651
1.0550414305524143	0.354997732319182
1.0535296524963924	0.35473373266759844
1.0505218494203459	0.35418870928514484
1.0445693398077107	0.35303208372636263
1.0329170608200624	0.3504643609928221
1.0321395531327848	0.350278562944642
1.0313635928110412	0.3500913147649103
1.0298163131799514	0.349712499587326
1.026740308858355	0.34893781328825385
1.020662425009027	0.3473219459899673
1.008802064133828	0.3438376585674713
1.0080738143728423	0.34360922514201997
1.0073470911855529	0.3433795794390937
1.0058982204411417	0.34291667893106487
1.0030187517443445	0.3419766339747086
0.9973326518754758	0.34004108354005674
0.9862495370697535	0.3359598750968673
0.9856146792441782	0.33571351530041504
0.9849811159306543	0.3354662797066943
0.9837178677930587	0.33496920073319086
0.981206849579749	0.3339647477176326
0.9762464300198378	0.3319157326864654
0.9665695735158557	0.32766556385005696
0.9659754687774115	0.32739351069577116
0.965382613734789	0.32712072867473563
0.9642006466033626	0.32657299507568815
0.961851640845913	0.3254689678843676
0.9572129915131763	0.3232276035352206
0.9481702486775689	0.318618825855695
0.9476262488840135	0.3183312486281051
0.9470834002319504	0.3180430931930717
0.9460011499265808	0.3174650615617289
0.9438503921260686	0.3163022113901043
0.9396034833955561	0.31395011927437527
0.9313251375073949	0.30914620764615414
0.9156061861397781	0.29918301707565925
0.9150922896995461	0.29883772845524703
0.914579621414584	0.29849198547103745
0.9135579604852873	0.2977991494285011
0.9115292793908824	0.29640816719039953
0.9075299856959009	0.2936056687857562
0.8997597174887373	0.28792396438250445
0.885100977093362	0.2762937337039018
0.8846906398590927	0.2759499166621319
0.8842812501532229	0.275605857301917
0.8834653063792096	0.27491701902571614
0.881844712848271	0.27353651549071023
0.8786483151150973	0.27076460218323284
0.8724316091008772	0.2651802360064738
0.8606784729203907	0.2538720872625982
0.8602957482336914	0.25348621094045315
0.8599140110354059	0.2531001677111603
0.859153490991968	0.2523275871165632
0.8576442117384292	0.25078049490672116
0.8546722470478333	0.24767894210962207
0.8489111476071306	0.24144907710163022
0.8380927435379059	0.22890204485879054
0.8377751937976873	0.22851561094584308
0.8374584781531871	0.22812909977194656
0.8368275424306882	0.22735584973913675
0.83557560642143	0.22580846723409884
0.833111104723314	0.22271039320302372
0.828336662852757	0.21650268709475545
0.8193834942359748	0.2040531478790604
0.8191340946173138	0.20368982684218176
0.8188853336991616	0.20332648479558926
0.8183897233076238	0.20259973977932233
0.8174061158668432	0.2011460205886123
0.8154690972631098	0.19823777877256024
0.8117138267060583	0.1924189392625076
0.8046628104627004	0.18077798112108062
0.8044342527743628	0.1803834596878772
0.8042063653224568	0.17998894526049602
0.8037525961003685	0.1791999390613206
0.8028530453989318	0.1776220285430197
0.8010856182134051	0.17446670200556602
0.7976752961784087	0.16815867507490245
0.7913362433351094	0.15555759775485858
0.7911607072434067	0.1551904165368567
0.7909856913566822	0.1548232583903723
0.7906372168519289	0.1540890119854053
0.7899464736377275	0.15262080333013786
0.7885896263072684	0.14968555781493792
0.785973049489406	0.14382000990284197
0.7811173944206008	0.13211035190666653
0.7809615700137831	0.13171437084765295
0.7808062993329977	0.13131842531084317
0.7804974156941079	0.13052664110569406
0.7798862552990162	0.12894350217300674
0.7786901726587712	0.12577895663903013
0.7764014874155025	0.11945688543659348
0.7762629691347557	0.11906206942587792
0.7761249784799954	0.11866729044902447
0.7758505769939964	0.1178778436694148
0.7753080721053548	0.11629939522371492
0.7742480875170066	0.11314428079242901
0.7722269221819448	0.10684117729755996
0.7721071404862888	0.10645471444815616
0.771987845245301	0.10606828713634275
0.7717507115958923	0.10529553901501908
0.7712822540573842	0.1037504679390928
0.7703684397018469	0.10066201869584764
0.7686321428092697	0.09449181408577147
0.7685276265955729	0.09410646899036303
0.7684235778743004	0.09372115797792184
0.7682168807128383	0.0929506379467197
0.7678090722837331	0.09141000401569255
0.7670156792886864	0.08833034509756303
0.7655168648559989	0.0821773255426047
0.7654330605250468	0.08181881825408345
0.7653496488622876	0.08146033845010117
0.7651840020166889	0.08074346099282355
0.7648574036758766	0.07931003252552223
0.7642229053849138	0.07644446362159754
0.763028062782451	0.07071832795494863
0.7629566436262645	0.07036065970570748
0.7628856058310723	0.07000301622962087
0.7627446730308827	0.0692878032210817
0.7624673696411208	0.06785767031930269
0.7619309415876542	0.06499855528569942
0.7609302630474979	0.059284748368106384
0.7608659134393021	0.05889776907614398
0.7608020009468339	0.05851081508638462
0.7606754859474804	0.0577369824592783
0.7604276864924883	0.05618961470409532
0.7599529365505708	0.053096037448347164
0.7598955411976441	0.05270944607583849
0.7598385777875866	0.05232287772601893
0.7597259455849421	0.05154980950647123
0.7595058513019862	0.05000394284461951
0.759086278395177	0.04691325508697674
0.7590357590254151	0.04652701418540235
0.758985667023125	0.04614079389996124
0.7588867640579128	0.04536841456013295
0.7586940749721117	0.04382389645970983
0.7583291075980721	0.04073578747340389
0.7576803939847364	0.03456299238909084
0.7576458686543677	0.03420291538559409
0.7576117094387324	0.03384285189457174
0.7575444887217766	0.033122764909816235
0.7574144338311926	0.031682747135854665
0.7571718371380414	0.02880330583820305
0.7571431516471271	0.028443428713716107
0.7571148299482857	0.02808356291607475
0.7570592774053769	0.027363864747832554
0.7569525321829492	0.025924598234674363
0.7567564541597491	0.023046553274272193
0.7567335745910369	0.022686840679586835
0.7567110569237985	0.022327137177409213
0.7566671068798342	0.02160775688631819
0.7565835451502988	0.02016909919925145
0.7565635579779922	0.01980945538775343
0.756543931922827	0.01944981953654393
0.7565057628034981	0.01873057114630107
0.7564337540993036	0.01729216362665478
0.7564166534228957	0.016932579510530874
0.7563999131861376	0.016573002214121512
0.7563675137244777	0.015853867507948448
0.7563070367920955	0.014415673628742314
0.7562928175647428	0.014056140057687431
0.7562789582060944	0.013696612158657832
0.7562523188410116	0.012977572800983666
0.7562033558353746	0.011539555812457691
0.7561922331299092	0.011187123067299075
0.7561814558524703	0.010834694667596446
0.7561609373922427	0.010129850359698305
0.756151196118567	0.009777434178911353
0.7561418000911421	0.009425021798401694
0.7561240436101038	0.00872020789236846
0.7561156830778436	0.008367806093782265
0.7561076676345404	0.00801540754935247
0.7560926718743324	0.007310619676267709
0.7560856914910129	0.0069582300741472345
0.7560790560638209	0.006605843179256323
0.7560668199618011	0.005901076963756902
0.7560612192327838	0.0055486973693481215
0.7560559633515151	0.005196319934572694
0.7560510522947189	0.004843944522442782
0.7560464860406472	0.004491570995939415
0.7560422645690782	0.00413919921801451
0.7560383878613178	0.0037868290515930044
0.7560348559001989	0.0034344603595749712
0.7560316686700805	0.0030820930048376517
0.7560288261568487	0.002729726850237828
0.7560263283479163	0.0023773617586137726
0.7560241752322224	0.0020249975927872
0.7560223668002325	0.001672634215565634
0.7560209030439383	0.0013202714897444364
0.7560197839568584	0.0009679092781089297
0.7560190095340371	0.0006155474434365079
0.7560185797720453	0.0002631858484986728
0.7560184946689797	-0.00008917564393660594
0.7560187542244637	-0.0004415371711029382
0.7560193584396466	-0.0007938988702335629
0.7560203073172037	-0.001146260878558985
0.7560216008613372	-0.0014986233333049452
0.7560232390777747	-0.0018509863716903005
0.7560252219737709	-0.0022033501309249126
0.7560275495581061	-0.0025557147482076076
0.7560302218410876	-0.0029080803607238214
0.756033238834549	-0.0032604471056436445
0.75603660055185	-0.0036128151201198595
0.7560403070078775	-0.003965184541285596
0.7560443582190449	-0.004317555506252279
0.7560487542032924	-0.004669928152107514
0.7560585805704236	-0.005374679034702356
0.7560640109968231	-0.00572705754547901
0.7560697862833343	-0.006079438285213991
0.7560823715405256	-0.006784206999269493
0.7560891815669416	-0.0071365952473516825
0.7560963365649417	-0.007488986271911372
0.7561116816039758	-0.008193777197529416
0.7561198717129719	-0.008546177372006063
0.7561284069294766	-0.008898580869792458
0.7561465128377549	-0.00960339838158041
0.7561868677102498	-0.011013079290897282
0.7561987650319043	-0.011395414533847388
0.7562110689232592	-0.011777754985678648
0.7562368966737766	-0.012542452210893621
0.756293433975835	-0.014071916806208073
0.7563085857700402	-0.014454298579524284
0.7563241447065534	-0.01483668694880054
0.7563564843331706	-0.015601484166605537
0.7564260530065392	-0.017131165351684005
0.7564444643301059	-0.017513604725964825
0.7564632835046329	-0.01789605207553445
0.7565021458013551	-0.018660971387542104
0.7565847690684074	-0.020190913263430067
0.7567696351540111	-0.02325124828782887
0.7567945850679003	-0.023633835791008057
0.7568199446596521	-0.024016433998173402
0.7568718934083891	-0.02478166320018776
0.7569807130085566	-0.026312257473430155
0.7572180731602809	-0.02937402706144281
0.7572495950087434	-0.029756805985983032
0.7572815289112118	-0.030139598291868047
0.7573466335477146	-0.030905223708663682
0.7574817949551275	-0.032436642374610906
0.7577719665957117	-0.03550018770425287
0.7578075419827006	-0.03585761319111601
0.757843478748961	-0.036215052596489314
0.7579164370757332	-0.03692997368517811
0.7580666975942921	-0.038359988617677206
0.758384632992807	-0.04122073844005108
0.7584260110224106	-0.041578402164024385
0.7584677532500783	-0.04193608186697207
0.758552331062771	-0.04265148971561002
0.7587258655537514	-0.04408250270870255
0.7590904949011841	-0.04694534583127529
0.7591377238862337	-0.04730328023952798
0.7591853203173381	-0.04766123261590857
0.7592816163888975	-0.048377191759531375
0.7594786275629669	-0.04980933099720953
0.7598903770158331	-0.052674520087109565
0.7607852152363076	-0.058408750457209155
0.7608492895664797	-0.05879737266129831
0.7609138047150087	-0.059186020350926835
0.7610441588584534	-0.059963392745371207
0.7613101724055626	-0.06151844947222367
0.761863501577282	-0.06462984119122211
0.7630560493863522	-0.07085797332456639
0.7631344142119854	-0.0712474773485615
0.7632132321795497	-0.0716370110193769
0.7633722292468236	-0.07241616777586181
0.7636956799951837	-0.07397484222720824
0.7643645067494372	-0.07709366047360143
0.7657906859138798	-0.08333736833500707
0.7658820715182169	-0.08372074677017854
0.7659739082154684	-0.08410415706080027
0.7661589368135612	-0.08487107355692888
0.7665344284346239	-0.08640529260001942
0.7673072603188997	-0.08947529327780794
0.7689412394290448	-0.09562167974296891
0.7690473105944406	-0.09600611640564508
0.7691538494578538	-0.09639058726359297
0.769368332522615	-0.09715963179186138
0.7698029358542487	-0.09869813362436905
0.7706948202875625	-0.10177679969591037
0.772570366799433	-0.10794085676844922
0.7726835169991653	-0.10830046990180155
0.7727970907624666	-0.10866011388250069
0.7730255110713284	-0.10937949444942685
0.773487457572887	-0.11081862639520852
0.7744318938671354	-0.11369837581934944
0.7764039254048626	-0.11946382126791082
0.7806889629101715	-0.13101829758049957
0.7808423235019606	-0.1314104108013754
0.7809962265758598	-0.1318025589222982
0.7813056635358054	-0.13258695956549613
0.7819310844390179	-0.1341561762586492
0.7832083066810577	-0.1372962520457614
0.7858698553613609	-0.14358279226350318
0.7916347224869454	-0.15617951281239958
0.7918119792321668	-0.15654740864979902
0.7919897611621929	-0.15691532699704053
0.7923469039949115	-0.157651230501548
0.7930675296256907	-0.15912329959725782
0.7945343355601453	-0.16206844312520907
0.7975717603627678	-0.16796237797404776
0.8040751978985369	-0.17976134711648153
0.8185956078597431	-0.20290210444211937
0.8188631893363066	-0.20329409434304765
0.8191315126304184	-0.20368606046199098
0.8196703905243276	-0.2044699187010528
0.820757112724009	-0.2060373203274221
0.8229667555582081	-0.2091707089521203
0.8275335498363311	-0.21543051365897112
0.837279736932451	-0.22791048520716803
0.8375765672214683	-0.2282733403561099
0.8378741315284055	-0.22863612799565955
0.8384714677651814	-0.22936149733831968
0.8396750098803956	-0.2308113881167525
0.8421178883637048	-0.2337075801368783
0.8471493874079388	-0.23948394658638994
0.8578164988583791	-0.25095803960258856
0.8581924168045585	-0.25134458388467745
0.8585693090516227	-0.25173097059113314
0.8593260244763968	-0.2525032648766243
0.8608512354503018	-0.2540458915664329
0.8639492321619812	-0.2571229257930278
0.8703392064232527	-0.2632410017164903
0.8839252499178288	-0.2753058231371752
0.8843383743373797	-0.2756539278982641
0.8847524659963627	-0.276001786539202
0.8855835582196241	-0.2766967577840613
0.8872574286954185	-0.27808366179996546
0.8906523184536634	-0.2808448723577208
0.8976339514771984	-0.2863132074134149
0.9123909568042813	-0.2970014723211978
0.912860269864945	-0.29732306780214346
0.9133306254883825	-0.29764428660480474
0.9142744714115999	-0.2982855840346899
0.916174750864657	-0.29956354649462913
0.9200260510755928	-0.30210035738527674
0.9279347349042595	-0.30709266984561134
0.9284382739025258	-0.30740089095184797
0.9289429110483816	-0.30770864780567814
0.9299554866547173	-0.3083227568870317
0.9319938911317898	-0.3095452726544211
0.9361240955900488	-0.3119668112475315
0.9446011158005159	-0.31671024951121973
0.945186387408521	-0.31702676254971746
0.9457730146200187	-0.3173426087508224
0.9469503441988439	-0.31797228299992003
0.9493213621114779	-0.3192234341488357
0.9541292934395057	-0.3216919301832115
0.9640123396363195	-0.32648525200185574
0.9646419973071936	-0.326778128285186
0.9652730743596686	-0.3270701853478672
0.9665394940878405	-0.3276518211607652
0.9690894478871368	-0.32880503358968927
0.9742582198050059	-0.3310700329749892
0.9848743388794754	-0.3354244762852907
0.9855051691958211	-0.33567087966450176
0.9861372835603466	-0.33591641502245956
0.9874053693664163	-0.33640486219189525
0.9899570032280008	-0.3373711248092297
0.9951223823566856	-0.33926000539722145
1.0057035287974612	-0.34285396250496947
1.006376005715913	-0.3430700720375012
1.0070498004602468	-0.3432851474053411
1.0084013467720123	-0.34371217343694466
1.0111202892758775	-0.34455356998211056
1.0166217416440773	-0.34618446882044135
1.0278800395458088	-0.3492282124678993
1.028654905159587	-0.3494233846984482
1.0294313404690898	-0.3496171204445615
1.0309889216169639	-0.3500002505512769
1.0341229345608813	-0.3507489199377556
1.04046640717439	-0.35217406668934126
1.0412664160574772	-0.35234528053133507
1.0420679970500166	-0.3525149265093294
1.0436758749022312	-0.35284948092525076
1.0469104890319632	-0.3534994001947015
1.0534550826154236	-0.3547205388083515
1.0542802138480996	-0.3548656316873735
1.05510691145145	-0.3550090172580372
1.0567650031027789	-0.35529063051464027
1.0600999514187144	-0.35583297202406
1.0609375931063945	-0.3559641531905434
1.061776794848202	-0.35609355431927026
1.0634598746017119	-0.356346979508892
1.0668447096994407	-0.35683206120747496
1.0676948026043458	-0.3569487418796634
1.068546446727557	-0.3570635678046588
1.070254383425648	-0.35728761747655535
1.0736888118106864	-0.35771304085303224
1.07455127593625	-0.35781461650672364
1.075415279751096	-0.3579142607534885
1.0771478998457864	-0.3581077161255189
1.0806315411211882	-0.35847102041615553
1.0814903179288782	-0.35855532431239207
1.0823505649660201	-0.3586376910052578
1.0840754620747164	-0.35879657508141316
1.0849401082071175	-0.3588730735477803
1.085806216689984	-0.35894759697714185
1.0875428123278632	-0.35909068059766247
1.0884132951776586	-0.35915922165912567
1.0892852317667987	-0.3592257494244231
1.0910334570366345	-0.3593527265188052
1.0945472493788317	-0.3595820956790741
1.0954292959071348	-0.3596342592714924
1.0963127766678007	-0.35968433180319054
1.0980840301983734	-0.3597781643200503
1.0989717974982647	-0.3598219045608472
1.0998609880897754	-0.3598635142524952
1.101643627645104	-0.3599403022293136
1.1025370707279731	-0.3599754605743363
1.1034319253398412	-0.3600084484902395
1.1043281884089333	-0.36003925594705233
1.1052258568103033	-0.36006787289114955
1.1061249273654663	-0.36009428924542375
1.1070253968420365	-0.3601184949094628
1.1079272619533602	-0.3601404797597295
1.10883051935815	-0.36016023364974503
1.109735165660116	-0.3601777464102757
1.1106411974075985	-0.3601930078495226
1.111548611093199	-0.3602060077533149
1.1124574031534107	-0.36021673588530717
1.1133675699682468	-0.3602251819871789
1.1142791078608696	-0.36023133577883815
1.1151920130972204	-0.36023518695862916
1.1161062818856446	-0.36023672520354216
1.1170219103765195	-0.3602359401694283
1.11793889466188	-0.36023282149121644
1.1188572307750448	-0.3602273587831352
1.1197769146902419	-0.3602195416389373
1.1206979423222299	-0.36020935963212825
1.1216203095259265	-0.3601968023161989
1.1225440120960284	-0.3601818592248603
1.1234690457666345	-0.3601645198722844
1.1243954062108708	-0.3601447737533467
1.1253230890405097	-0.3601226103438738
1.126252089805592	-0.3600980191008936
1.1271824039940501	-0.360070989462891
1.1281140270313275	-0.36004151085006575
1.129046954279997	-0.3600095726645952
1.1309167025451938	-0.3599382750959183
1.1318535139691086	-0.35989889442937173
1.1327916104184323	-0.35985701162405215
1.1346716384982816	-0.3597656968452902
1.1356135600180393	-0.3597162434553249
1.1365567463409056	-0.3596642450941254
1.1384468924478732	-0.35955257045260897
1.1393302000381011	-0.35949696323617986
1.1402145900337242	-0.3594391045811594
1.1419865993882925	-0.3593165978616493
1.142874209691534	-0.3592519322240973
1.1437628842882235	-0.35918498000228866
1.145543407675929	-0.3590441805494247
1.1464352469919752	-0.3589703156662524
1.1473281316509942	-0.35889412889507255
1.1491170174615932	-0.3587347542846317
1.1527071152736308	-0.3583877524916039
1.1536071779265602	-0.3582950642688442
1.1545082454373234	-0.35819998313879575
1.1563133737440177	-0.3580026065062082
1.1599354513357585	-0.35757874584389043
1.1672256252671178	-0.3566125911433593
1.1681410969008388	-0.3564805439140415
1.1690574816100758	-0.35634596057183227
1.170892965260745	-0.35606914962109637
1.174574611154297	-0.355484699078619
1.1819791393020345	-0.3541904704900091
1.1829084380382646	-0.3540167672808531
1.1838385427685467	-0.35384038422843145
1.1857011412515102	-0.35347954272068327
1.189435687994087	-0.3527253072169521
1.1969404755434887	-0.35108462381550615
1.1979611503585004	-0.35084849226713355
1.1989826269032744	-0.3506090411969381
1.2010279428512294	-0.3501201353288208
1.205127724618984	-0.34910199338589404
1.213361395658142	-0.3469018807034514
1.2143935781929664	-0.3466112907541502
1.2154263821372826	-0.3463172026740248
1.2174938058035885	-0.34571848821445056
1.2216355715976575	-0.34447860021860766
1.2299439368068226	-0.341826564954296
1.2309845560787762	-0.34147870258834206
1.2320255914767122	-0.3411271698465446
1.2341088558264652	-0.3404130513415268
1.2382797692972685	-0.33894031116662804
1.2466359342395696	-0.3358145244735651
1.2633786295849787	-0.3288240084034312
1.264355773652873	-0.32838506695111475
1.2653328555732113	-0.32794265474170997
1.2672867776995254	-0.32704738935315314
1.2711932638112478	-0.3252148967024503
1.2789976076493619	-0.32138052527471955
1.2945451743091225	-0.31302271413841176
1.2955131002578884	-0.3124694221481195
1.2964804841321196	-0.311912458261324
1.298413560584533	-0.31078749408800793
1.3022724886878736	-0.30849327938779175
1.3099577078420874	-0.303726643847832
1.3251667471232622	-0.2934731715361274
1.3260904007480638	-0.29281346542319425
1.3270130003816487	-0.2921501098023728
1.328854968126422	-0.2908124409612531
1.332525487525977	-0.28809321451506137
1.3398088958755552	-0.2824788189473338
1.3541127684268153	-0.2705444813138189
1.3549938134283428	-0.26976733263208114
1.3558732228665333	-0.26898650985570716
1.3576270593145283	-0.2674138460081754
1.3611142702281163	-0.26422447939066623
1.3680025564385443	-0.2576699611022646
1.3813998766974553	-0.24386234192503511
1.382288515602135	-0.24289260270813648
1.3831744965970678	-0.2419186446616929
1.3849383839043645	-0.23995809708707463
1.3884331522984976	-0.235986661127789
1.3952849959401503	-0.2278440595414913
1.3961280738412456	-0.2268076653145047
1.3969680889790899	-0.22576717340031915
1.39863882971878	-0.2236739332676769
1.4019424448705269	-0.21943869562301646
1.4083925568288342	-0.21077549258575093
1.4091836003272558	-0.2096747382831795
1.4099711779168393	-0.20857005530800926
1.4115358354467202	-0.20634895228479597
1.4146224624768777	-0.20186015135623908
1.420619420020829	-0.19269915949470037
1.431864501658133	-0.1736701301233041
1.432487938084629	-0.17253231814096193
1.4331076841834263	-0.17139150724441046
1.4343360306575348	-0.1691009484133522
1.4367476214830974	-0.16448450853844931
1.4413863035924148	-0.15511386663252416
1.4419484916499299	-0.15392993849056463
1.4425066991810478	-0.15274326667922136
1.4436111029988419	-0.15036176074079832
1.4457713831037116	-0.1455665880800038
1.4498940527162683	-0.13585162044467172
1.450390512323548	-0.1346259258726451
1.4508827238739626	-0.1333977779560715
1.4518543395129015	-0.13093419924851848
1.453745904119012	-0.1259784575149135
1.4573189684777512	-0.11595711810644863
1.4577456207894541	-0.11469455065807466
1.4581677852785946	-0.11342985278658464
1.4589985951083908	-0.11089415065955913
1.4606057556581273	-0.10579812137396521
1.4635992918407033	-0.09551245871067018
1.4639933173840187	-0.09406779286796653
1.4643814905659356	-0.09262091440059418
1.4651402147152037	-0.08972064720515527
1.4665867309602112	-0.08389497337427863
1.466933492861505	-0.0824335070564296
1.4672742780935972	-0.08097008713849206
1.4679378608275746	-0.07803751868639283
1.4691926847328962	-0.07215039999453016
1.4694912409921879	-0.07067423658437494
1.4697837114093704	-0.06919638730797877
1.4703503447865973	-0.06623576737136395
1.4714100462317903	-0.0602958018669962
1.4716595785455946	-0.05880711058289706
1.4719029317094097	-0.057317008764680204
1.4723710587845202	-0.054332713194242654
1.4732327178721962	-0.04834873734637326
1.4734325371350696	-0.046849744098788344
1.4736261004366416	-0.045349622065324204
1.4739944257663309	-0.04234613415253617
1.4741691717680805	-0.04084283972261358
1.4743376297575173	-0.03933855940060355
1.474655652606013	-0.036327184776344355
1.4748052035949868	-0.03482016249041124
1.474948438832974	-0.03331229833992654
1.4752159373088543	-0.03029418916333458
1.4753401888568975	-0.02878401663893379
1.4754581012755208	-0.02727314724822538
1.4756748883665032	-0.02424946344321819
1.4757737535494957	-0.022736721933317987
1.4758662606253643	-0.021223429360677257
1.4759524055413258	-0.019709622282445997
1.4760321845221789	-0.018195337293025197
1.4761055940707157	-0.01668061102142922
1.4761726309681027	-0.015165480128642963
1.476233292274229	-0.013649981304976605
1.4762875753280276	-0.012134151267412793
1.4763354777477653	-0.010618026756949768
1.476376997431302	-0.009101644535943301
1.476412132556318	-0.007585041385445386
1.476440881580516	-0.006068254102537592
1.4764632432417861	-0.00455131949766195
1.476479216558345	-0.003034274391952314
1.4764888008288417	-0.0015171556145640748
1.4764919956324358	-1.723167733492469e-16