1.2425756020958858	0.
1.2425747709251591	0.0005808437317155409
1.2425722774272299	0.0011616814056517252
1.2425681216448488	0.0017425069641969573
1.2425623036492652	0.0023233143500751533
1.2425548235402246	0.002904097506513475
1.2425456814459637	0.003484850377410027
1.2425348775232048	0.004065566907501525
1.242522411957151	0.004646241042530909
1.2425082849614764	0.005226866729414893
1.2424924967783186	0.005807437916411461
1.2424750476782678	0.006387948553287265
1.242455937960356	0.006968392591484952
1.2424351679520442	0.007548763984290386
1.2424127380092098	0.008129056686999758
1.2423628998854677	0.009289381854368605
1.2423354925582524	0.009869402241174443
1.2423064270038637	0.010449319782510267
1.2422433232327115	0.011608822203182568
1.2422092860962715	0.012188395027416001
1.2421735928932602	0.012767840896305326
1.2420972407589763	0.013926327695272113
1.24205658313394	0.014505356598308629
1.2420142720547505	0.015084234492249509
1.2419246924560297	0.016241513243462707
1.2417257255239438	0.018553994785398084
1.241671862095228	0.019131647773813674
1.2416163517854055	0.019709101856217787
1.2415003943397727	0.020863389451924168
1.2412487604215112	0.023169315734363535
1.2411817500255602	0.02374521080489895
1.2411131011041483	0.024320859422977122
1.2409708923873874	0.025471393650527096
1.2406668659105324	0.027769244909311562
1.2405867815703266	0.028343003152031716
1.2405050688208243	0.028916467828779248
1.24033676366909	0.030062493073733567
1.2399806752918228	0.03235076372225371
1.239190933040612	0.03691088581747522
1.2390759899494181	0.03752703943990789
1.2389591630161656	0.03814273862757314
1.238719866911904	0.039372744641921226
1.238218772774228	0.041826984665059075
1.2371271426892028	0.046710769306466796
1.236982355583189	0.04731878845544036
1.2368357258852711	0.047926238768603156
1.2365369502392152	0.04913940487776937
1.2359174165155102	0.051558603983335984
1.2345911078821459	0.05636692528493467
1.234417202784292	0.0569650127161819
1.2342415050502589	0.0575624214814469
1.2338847452979909	0.058755176259076364
1.2331498657852915	0.06113224871376855
1.2315954696982983	0.06585117492393797
1.228154954200297	0.07513669903055864
1.2279407767081738	0.07567190496611576
1.2277251437839192	0.07620634268511305
1.2272895257312897	0.07727289416386496
1.2264009805544784	0.07939656724047602
1.2245554679934583	0.08360513861347
1.220597513039954	0.09185902095977083
1.2203385997814242	0.09236734932478861
1.2200783527869985	0.09287476517261524
1.2195538739313339	0.09388684273291188
1.2184890919841251	0.09589986648825512
1.2162971652801817	0.09988048904355806
1.211671517907311	0.10765314827865792
1.2113779062470904	0.10812097993911791
1.2110831446707893	0.10858781787999329
1.2104901887234794	0.10951849978041175
1.2092906648601023	0.11136779913568422
1.2068381306065372	0.1150174505273072
1.2017269182708095	0.12211574713349814
1.2013986535803667	0.12255029722658577
1.201069378666927	0.12298376188081658
1.200407816095532	0.12384742490626034
1.1990727657432123	0.12556161731402563
1.196355974459799	0.12893693826180233
1.1907437668050365	0.13547139009222944
1.1903550068579027	0.13590381705240145
1.189965229750999	0.13633488558067924
1.1891826475004978	0.13719293826367834
1.1876055350512418	0.13889264428240367
1.1844048329771377	0.1422259893605734
1.177828039173678	0.14862505477169016
1.1774096402516157	0.14901303078347583
1.1769904118134678	0.14939959024908547
1.1761494897393414	0.15016845422631475
1.1744579480563047	0.15168912673853766
1.17103737725294	0.15466198850252633
1.164056641780522	0.16033205647064064
1.1636440940062451	0.1606513914386752
1.1632309840533592	0.16096946729492975
1.162403096010998	0.16160184015116205
1.1607407758396333	0.16285146087249006
1.1573909815747085	0.1652901418400914
1.150598865871372	0.1699250280316478
1.1501705783815404	0.17020397389772876
1.1497418726219726	0.17048165757648986
1.1488832237760076	0.1710332391825342
1.1471610986815717	0.17212126600842795
1.1436985068695145	0.17423684105533
1.1367075795169852	0.17822682928749228
1.1362312198237157	0.17848549573613975
1.1357545283999797	0.1787426967526984
1.1348001710889903	0.1792527060916815
1.1328877029182036	0.18025518031132304
1.129048894796306	0.18219017768028373
1.1213247332156655	0.18578243141510284
1.1208402582361146	0.1859947421316181
1.120355610191656	0.18620562529483342
1.1193858137196229	0.18662311485209043
1.1174443500389053	0.18744102900739393
1.1135549727166756	0.18900894732993226
1.1057584653246282	0.1918761392944561
1.105279603043314	0.19204052999236115
1.1048007113551028	0.19220359701175335
1.1038428555919357	0.19252576728176762
1.1019269644910403	0.19315430423636643
1.0980953307633867	0.1943485847751265
1.0976164647881126	0.1944920203750454
1.0971376309451073	0.194634162606428
1.096180074497137	0.19491457489685118
1.0942655095703893	0.1954599668516324
1.0904393826530339	0.19648947645258055
1.089961467780971	0.19661246104604863
1.0894836426004977	0.19673418505884271
1.0885282751596275	0.1969738598393147
1.086618768005652	0.1974381763411956
1.0828054199632067	0.1983071628731177
1.0823293472947806	0.19841023715518277
1.0818534179012793	0.1985120857204264
1.080902001794237	0.19871211466351282
1.0790010294258208	0.19909756290222547
1.075207224211637	0.19981053078047506
1.0747656322458476	0.19988867536518937
1.07432420796561	0.19996578512914204
1.0734418721086183	0.20011690777143654
1.0716793180965598	0.2004068187658
1.0712391345834602	0.20047673800847898
1.0707991377529602	0.20054563768205386
1.0699197134223062	0.2006803860166091
1.0681632064273228	0.20093773268811482
1.0677245807994236	0.20099954940583611
1.067286160125881	0.20106036203030433
1.0664099425642526	0.20117898279771124
1.0646600644144086	0.2014042611589487
1.0611710213341752	0.20180740553699258
1.060735936755369	0.20185339220137954
1.060301091533945	0.20189840628337025
1.059432127379479	0.20198552466398095
1.0576971611302977	0.20214817815660932
1.057264048393152	0.2021864400108995
1.0568311911644872	0.20222374526380008
1.0559662511036445	0.20229549399241686
1.0542395230676158	0.20242760062601556
1.053808508973207	0.2024582659412633
1.0533777658525973	0.20248799075233226
1.0525171000643585	0.2025446269397278
1.05208718113627	0.20257154235837738
1.051657540661111	0.20259752535740264
1.05079910243368	0.2026467021953145
1.050370308337448	0.20266990008653993
1.0499418000062737	0.20269217366272924
1.0490856478372614	0.20273395598678867
1.0486580075727414	0.2027534687955813
1.0482306602199634	0.20277206541109513
1.047376851283443	0.2028065181943127
1.0469144313120424	0.202823674822633
1.0464523641379253	0.20283976392804523
1.0459906519528814	0.20285478810656063
1.045529296934723	0.20286874995512802
1.0450683012473234	0.20288165207157152
1.0446076670406557	0.20289349705452825
1.0441473964508334	0.20290428750338693
1.043687491600147	0.20291402601822642
1.0432279545971057	0.20292271519975505
1.0427687875364746	0.20293035764925
1.0423099924993167	0.20293695596849756
1.0418515715530312	0.20294251275973355
1.0413935267513936	0.2029470306255838
1.0409358601345973	0.20295051216900606
1.040478573729291	0.20295295999323093
1.0400216695486229	0.20295437670170463
1.0395651495922775	0.20295476489803108
1.0391090158465193	0.20295412718591488
1.0386532702842322	0.20295246616910487
1.0381979148649605	0.20294978445133754
1.0377429515349503	0.20294608463628147
1.0372883822271912	0.20294136932748166
1.0368342088614568	0.20293564112830467
1.0363804333443472	0.20292890264188376
1.0359270575693293	0.20292115647106507
1.0354740834167802	0.20291240521835313
1.0350215127540277	0.20290265148585848
1.0345693474353927	0.20289189787524334
1.034117589302232	0.20288014698767012
1.0336662401829793	0.20286740142374862
1.0327647762355747	0.20283893666622752
1.0323146650000592	0.2028232226706208
1.0318649699638098	0.20280652439455027
1.0309668355342718	0.202770185388473
1.0305183996319398	0.20275054985000104
1.030070386910873	0.20272994041403625
1.029175637856223	0.2026858102219892
1.0287289049132893	0.20266229464940733
1.0282826019330065	0.20263781554623825
1.0273912925053688	0.20258597710232093
1.0256139056090343	0.20247085167130702
1.0251706582814013	0.2024397002692201
1.0247278538884355	0.20240760601004754
1.0238435801624064	0.20234059922941444
1.0220804160732708	0.20219538468962828
1.0216407554307085	0.20215676251210926
1.0212015499257934	0.20211721805137983
1.0203245102069667	0.2020353725328755
1.0185759564315238	0.2018607267649609
1.0181689320146106	0.2018178777679865
1.0177623141651646	0.201774242656999
1.0169503026572064	0.20168462238113605
1.0153312073470848	0.20149603953384643
1.0121129680063445	0.20108196649082227
1.01171257884481	0.2010267873620063
1.0113126132294266	0.20097085505926635
1.0105139565933663	0.20085673909823226
1.0089217689444154	0.20061955879821794
1.0057581074372028	0.20010985919115748
1.0053646094887834	0.20004287310849886
1.0049715499945409	0.19997516625987644
1.004186749824788	0.1998375982851804
1.0026224485323036	0.19955390123071948
0.9995152260760968	0.1989527086125293
0.9933876760091632	0.19761866108192874
0.9930160545616077	0.1975313510367877
0.9926448776520744	0.19744340869579233
0.9919038598517809	0.19726563435361524
0.9904271848207604	0.19690257746494505
0.9874954039884726	0.19614683200107022
0.9817190570204735	0.1945199846592871
0.9813619305808203	0.19441332357840618
0.9810052650872239	0.19430608661749665
0.9802933186196305	0.19408989190756065
0.9788749752416585	0.1936506671256335
0.9760605742456224	0.19274525581564642
0.9705215488411941	0.19082958130020347
0.9701502903362392	0.19069474002978473
0.969779587481361	0.19055928368877798
0.9690398500761516	0.19028653402216283
0.9675670576220805	0.18973374408519245
0.9646482702083767	0.18859945662523545
0.9589183522151765	0.18621962798124808
0.9585650139916277	0.1860661023873295
0.9582122394266948	0.18591202529038742
0.9575083819099246	0.18560222422153166
0.9561074375077979	0.18497608776001595
0.9533326605207925	0.1836980990073844
0.947891724485603	0.1810425667552119
0.9475788943595641	0.18088372469524136
0.9472665574024375	0.18072445354547884
0.9466433630382092	0.18040462969185206
0.945402892639967	0.17975989557628694
0.9429456236649023	0.17845039719822742
0.9381257219816329	0.17575375624071293
0.9378286643058336	0.17558187488443297
0.9375320987254956	0.17540960843598133
0.9369404435356349	0.17506392552708133
0.935763034691046	0.17436799631819558
0.9334318023173414	0.17295817467908733
0.9288634810200498	0.17006895495493385
0.9285585177332294	0.1698699578700026
0.9282541283323992	0.16967055593928368
0.9276470704210316	0.16927054368481104
0.9264398326348924	0.16846572835476628
0.9240528228114836	0.16683727254794647
0.9193882616237585	0.16350770410754215
0.9104932596295243	0.15657812867355286
0.910229449012543	0.15636019421542274
0.9099661752827711	0.15614195566635453
0.9094412372621872	0.15570457104477287
0.9083977903440104	0.15482620473931474
0.9063365428650094	0.15305534494185039
0.902316056333224	0.149459154768801
0.8946782831513288	0.14206441474074452
0.8944636624592679	0.14184511459458246
0.8942494899182926	0.14162560963976595
0.893822488110447	0.1411859884181839
0.8929738493159155	0.14030432238655718
0.8912979645114091	0.13853146717925596
0.8880312298789559	0.13494900134347143
0.8818335629932139	0.12764724127234744
0.8816312554120814	0.12739675881127507
0.8814294522317799	0.12714608855194703
0.8810273575136327	0.1266441878624398
0.8802292037293272	0.12563816820581852
0.8786569514835373	0.1236174326284293
0.8756079715539875	0.1195425535270093
0.8698865798426993	0.11126960127529313
0.869727138738708	0.11102600377468783
0.8695681156648943	0.11078228284327363
0.869251322392776	0.1102944727656598
0.8686227388649059	0.10931739419548003
0.8673855162915336	0.10735751747488727
0.8649903135397249	0.10341577524512247
0.8605126842328014	0.09545109728289128
0.8603682802424503	0.09517963678338025
0.8602243451957443	0.09490806653178725
0.859937880533786	0.09436459889333386
0.8593705631811974	0.09327636981265638
0.8582582989634159	0.09109485271221246
0.8561226437874475	0.08671248764300467
0.8559930761836405	0.08643776885717985
0.855863966708022	0.08616295636673404
0.8556071208439704	0.08561305215694956
0.8550989124306094	0.08451213992054994
0.8541043573133789	0.08230600354910231
0.8522021333052148	0.0778772880191176
0.8520891601320594	0.07760484944013238
0.8519766189690388	0.07733233429006922
0.8517528315533038	0.076787075865747
0.8513104285708429	0.07569565756606442
0.8504462483967052	0.07350930238240495
0.8487999102476231	0.06912319761002846
0.8487006267527697	0.06884849929447802
0.8486017667382082	0.06857373647206366
0.8484053161441827	0.06802401873001256
0.848017485707745	0.06692382475389642
0.8472620527102456	0.06472048102356719
0.8458316697566604	0.060302580689147706
0.845751564779985	0.06004454903412855
0.8456718217699567	0.05978647064606802
0.8455134209309538	0.05927017471183874
0.845200954985931	0.05823703345517049
0.8445933267149366	0.05616861070984464
0.8434469800837483	0.05202365305055133
0.843378372461891	0.05176425144008199
0.8433101214162653	0.05150481106809966
0.8431746884299629	0.05098581498978629
0.8429080945532361	0.04994736811098141
0.84239196122833	0.04786870785454702
0.8414276508852281	0.043704732259161314
0.8413655734485078	0.04342226524746997
0.8413039097272642	0.04313976127786548
0.841181822761507	0.042574643579043614
0.840942606108881	0.04144397690089901
0.8404839657948777	0.03918097988624127
0.840428488282312	0.038897954591057216
0.8403734219307482	0.038614896711990906
0.8402645221096482	0.03804868427180754
0.840051649849168	0.03691588011412615
0.8396455825926432	0.034648813766123214
0.8395966661997959	0.03436529887990575
0.8395481586895539	0.03408175561530045
0.8394523697852673	0.033514584981259185
0.8392656927811237	0.0323799144744488
0.838911913623696	0.030109313488162332
0.8382824424729193	0.025563520497528792
0.8382489181200508	0.025298082498006746
0.8382157469651098	0.025032626709959167
0.8381504639300522	0.024501662555627562
0.8380241327734448	0.023439529427963672
0.8377883933323687	0.021314487595853387
0.8377605110219505	0.02104878843952407
0.83773298073092	0.020783074609432378
0.8376789759417858	0.020251603696853103
0.8375751877256836	0.01918849422997527
0.8373844829731172	0.01706164746573017
0.8373622254619844	0.016795736464259126
0.8373403190069778	0.016529813836316624
0.8372975590540346	0.015997934454940542
0.83721624954455	0.014934044456338464
0.8371967990446398	0.014668045710698834
0.8371776992001939	0.014402036841265458
0.8371405512934144	0.01386998947875031
0.8370704613656819	0.0128057814834057
0.837053814860948	0.012539706972997047
0.8370375186651006	0.012273623829787302
0.8370059770428471	0.011741432387362897
0.8369470958229729	0.010676954066927674
0.8369332507302761	0.010410815683658052
0.8369197556540371	0.010144670148604939
0.8368938154208058	0.00961235836106504
0.8368461337678818	0.008547657074804914
0.8368353014829093	0.008286694006057384
0.8368248053740118	0.008025725475660923
0.8368048215872711	0.0075037727218052125
0.8367953338628	0.007242788844061237
0.8367861822211486	0.0069818001961048145
0.8367688871016643	0.006459809280051903
0.8367607435834696	0.006198807357007227
0.836752936067371	0.00593780135385979
0.8367383289693554	0.005415777796558636
0.8367315293533443	0.00515476058688911
0.8367250656712408	0.004893739986091123
0.8367131460491877	0.004371689299408312
0.8367076900814125	0.0041106595575357945
0.8367025699918952	0.003849627112565475
0.8366977857686816	0.003588592136379903
0.8366933374006029	0.0033275548008176517
0.8366892248772735	0.003066515277676249
0.8366854481890917	0.0028054737387151574
0.8366820073272401	0.0025444303556587697
0.8366789022836844	0.0022833853001993252
0.8366761330511749	0.0020223387440000892
0.8366736996232462	0.0017612908586982115
0.8366716019942159	0.0015002418159075913
0.8366698401591866	0.0012391917872220486
0.8366684141140444	0.0009781409442182456
0.836667323855459	0.0007170894584586738
0.8366665693808853	0.00045603750149464053
0.8366661506885613	0.00019498524486919136
0.8366660677775093	-0.00006606713987972119
0.8366663206475355	-0.00032711948121637427
0.8366669092992312	-0.0005881716076044113
0.8366678337339699	-0.0008492233475036736
0.8366690939539105	-0.0011102745293672773
0.8366706899619961	-0.0013713249816386277
0.8366726217619526	-0.0016323745327484324
0.836674889358291	-0.0018934230111117799
0.8366774927563062	-0.002154470245124968
0.8366804319620766	-0.0024155160631626426
0.8366837069824652	-0.0026765602935749306
0.836687317825118	-0.002937602764684271
0.836691264498466	-0.003198643304782495
0.8366955470117238	-0.0034596817421278336
0.8367051195987455	-0.003981751621406909
0.8367104096948577	-0.004242782719662226
0.8367160356755765	-0.004503811027801781
0.8367282953441509	-0.0050258585858639244
0.8367349290606254	-0.005286877491719785
0.8367418987189432	-0.0055478929193204995
0.8367568459269656	-0.00606991265097853
0.8367648235115578	-0.0063309166104851215
0.8367731371077679	-0.006591916402629073
0.8367907724134357	-0.007113902794951597
0.8368300760703767	-0.008157817978198074
0.8368416628625899	-0.008440926996401055
0.836853645319245	-0.008724029466385175
0.8368787973585612	-0.009290213877265913
0.8369338509306927	-0.01042249438365804
0.8369486040203259	-0.01070554481799571
0.8369637530679473	-0.01098858693140087
0.8369952392045197	-0.011554645306011321
0.8370629648751955	-0.012686652410584543
0.837080886853362	-0.012969630042773284
0.8370992051524055	-0.013252597570431731
0.8371370309151372	-0.013818501416625285
0.8372174405738708	-0.014950177991728333
0.8373973051303124	-0.01721295623331967
0.8374215748761467	-0.01749574520701796
0.8374462418763414	-0.017778520467048812
0.8374967679109894	-0.018344028934821673
0.8376025900759743	-0.01947487126605662
0.8378333313634105	-0.02173580609538206
0.8378639658857554	-0.022018348153006167
0.8378949988721944	-0.022300872816315077
0.8379582605774601	-0.02286586902825055
0.8380895693584588	-0.023995642450942118
0.8383713488313332	-0.026254260635119268
0.8384058839588119	-0.026517642462436587
0.8384407673779954	-0.026781005871691254
0.8385115794232394	-0.02730767665848866
0.8386573867089604	-0.028360788644036936
0.838965753683505	-0.03046605028639063
0.839005871860454	-0.0307291139192816
0.8390463397500805	-0.030992155984139735
0.8391283250508955	-0.031518174609604564
0.8392964964686314	-0.03256994422091042
0.8396496650836489	-0.03467236757169942
0.8396953905961742	-0.034935061903143216
0.839741467448863	-0.03519773141979253
0.839834675609709	-0.03572299518245223
0.8400253128429523	-0.036773215816809104
0.840423496344514	-0.03887238267579604
0.8412877133081637	-0.04306523763885023
0.8413495352532544	-0.04334897402457056
0.8414117744589252	-0.043632673204768345
0.8415375053358224	-0.044199958816206385
0.8417939817992985	-0.04533407107374474
0.8423270332538532	-0.04760039531520485
0.8434738622623512	-0.05212491645068011
0.8435491265601985	-0.05240731797958045
0.8436248141148622	-0.05268967284662678
0.8437774598157103	-0.053254241354624934
0.8440878393901174	-0.05438280472980271
0.8447289985669824	-0.05663756621928989
0.8460933097838732	-0.061137049195690886
0.8461805981068841	-0.061412674183920796
0.8462683011925697	-0.06168824417162127
0.8464449525546053	-0.06223921784736758
0.8468032424127279	-0.06334049085505794
0.8475398224266648	-0.06554026543811976
0.8490934102695108	-0.06992812162186134
0.8491940874538354	-0.07020182038870579
0.8492951870770535	-0.0704754532337994
0.8494986546611507	-0.07102251971584214
0.8499106703771718	-0.07211584567819884
0.8507550823281125	-0.07429918719337841
0.8525259067818074	-0.0786519520779885
0.8526325277086263	-0.07890509911149986
0.8527395236082761	-0.07915817823089612
0.852954641244767	-0.07966413142009447
0.8533893863329292	-0.08067520838906116
0.8542769680302572	-0.0826939700842798
0.8561249239217447	-0.08671731262587058
0.8601155457112782	-0.09470212650963329
0.8602577433293295	-0.09497116927186847
0.8604004006566669	-0.09524010478134809
0.8606870958008087	-0.0957776519760833
0.8612660176178984	-0.09685143650021148
0.8624460645202013	-0.09899364791818292
0.8648955976757272	-0.10325566830951417
0.8701575657500238	-0.11168187818051861
0.8703184203980907	-0.11192557324861568
0.8704796956947252	-0.11216914250286038
0.8708035094621897	-0.1126559014435165
0.8714561983113353	-0.11362788606701496
0.8727818904650633	-0.11556560083664179
0.8755150899855867	-0.11941501552900745
0.8813132581336705	-0.12700138788279589
0.8814979494405899	-0.12723126375935076
0.8816830643261997	-0.12746098229659097
0.8820545660350141	-0.12791994486331504
0.882802665614386	-0.12883595442183626
0.8843193167074265	-0.13066016914408562
0.8874349644152962	-0.13427621585827257
0.8939999204696655	-0.1413689871604255
0.894230419651201	-0.14160603236307212
0.894461439999324	-0.1418428402050381
0.89492504567476	-0.14231573989160878
0.8958585272678828	-0.14325864767870072
0.897750653538873	-0.14513267327102738
0.9016362065551579	-0.1488317288392241
0.9098175256214991	-0.15601840270208722
0.9100643564865598	-0.1562234296763214
0.9103116602506275	-0.15642818936362332
0.9108076874833639	-0.15683690293870897
0.9118054277605624	-0.15765107915238005
0.9138237065813419	-0.1592662033996989
0.9179518816328798	-0.1624417027901702
0.9182139646834664	-0.16263767354433412
0.9184765281204872	-0.16283334401711103
0.9190030970023665	-0.16322377978627256
0.9200620086555157	-0.1640010001158283
0.9222029731227015	-0.16554058923639453
0.9265778102133081	-0.1685583444153584
0.9268787158458727	-0.16875975672634136
0.9271801931038639	-0.1689607734605941
0.9277848633045985	-0.1693616141479052
0.9290010719561492	-0.17015848178309734
0.931461004062715	-0.171732617296367
0.9364912233775913	-0.1747996682597692
0.936810507743136	-0.17498764934410935
0.9371303688044209	-0.1751751841705132
0.9377718214386517	-0.175548908398092
0.939061651532538	-0.1762909283244759
0.9416690302959986	-0.17775287540855508
0.9469947667443677	-0.1805853044473431
0.9473101530863146	-0.18074672529270255
0.9476260436621702	-0.1809077086878212
0.9482593374624945	-0.18122835720930272
0.9495319751013243	-0.1818643395429374
0.9521014432562952	-0.18311470917457295
0.9573370458345904	-0.18552632867303787
0.9576685444633497	-0.18567299928234965
0.9580005451950774	-0.18581918328110067
0.9586660524506937	-0.18611008505249976
0.9600030862882091	-0.18668597872195303
0.9627011970876708	-0.1878137637006094
0.9681932606235542	-0.18997037161330274
0.9685339258942616	-0.1900981110434429
0.9688750678159663	-0.19022533188385704
0.9695587805970673	-0.19047821132660508
0.9709319145532932	-0.19097767579031
0.9737009533784354	-0.19195106047968266
0.979329550384506	-0.1937926762043674
0.9796853202738518	-0.193903002611301
0.9800415564070275	-0.1940127570693012
0.9807554257724814	-0.19423054325208652
0.9821887411786813	-0.19465917630368418
0.9850775804371412	-0.19548829548131635
0.9909432327198723	-0.1970307875966069
0.9913450921626406	-0.19712963469202308
0.9917474815942162	-0.19722774208923122
0.9925538474131544	-0.1974217285069146
0.9941729053250701	-0.1978007226422735
0.9974361466203135	-0.19852227134593234
0.9978463910188335	-0.19860900276583687
0.9982571523618586	-0.1986949569156648
0.9990802223102437	-0.19886452388219228
1.000732525745761	-0.19919422562293723
1.0040615748874309	-0.1998153625280145
1.0044799783587244	-0.1998893700823541
1.0048988834095787	-0.19996256187246106
1.005738194074787	-0.20010648841965822
1.007422787882119	-0.2003844450230113
1.0078451742807601	-0.20045185812719662
1.0082680536515702	-0.20051843590529694
1.009115286815961	-0.20064907564442597
1.0108156188094528	-0.20090022281890998
1.0112419170294344	-0.20096088430003903
1.01166869896806	-0.20102069070233133
1.012523709177834	-0.20113772834072105
1.014239480573857	-0.2013614332952442
1.0176937434794682	-0.20176680250003648
1.018098679251996	-0.2018103980006766
1.0185040185663639	-0.20185321396631492
1.019315903340327	-0.20193649909386258
1.0209444656303437	-0.20209362465312733
1.0213525979577267	-0.20213092640463962
1.0217611246440874	-0.20216743218280409
1.0225793563383074	-0.20223804757143643
1.0242204992341677	-0.20236963586696413
1.02463175271547	-0.20240051203102533
1.0250433908162133	-0.20243057569138023
1.0258678158375873	-0.20248825721168054
1.026280600216535	-0.2025158709240744
1.026693764131497	-0.20254266383772046
1.0275212253865955	-0.20259377896154573
1.0279355201125282	-0.2026180970155173
1.0283501891460076	-0.2026415859583893
1.0291806448063614	-0.2026860681876847
1.0295964287455412	-0.20270705731025745
1.0300125816168193	-0.20272720899409458
1.0308459886781145	-0.2027649917085556
1.0312632401059818	-0.20278261856873028
1.0316808549415881	-0.20279939964933844
1.0320988317803512	-0.20281533286336148
1.0325171692082322	-0.20283041612312466
1.0329358658017063	-0.20284464734033172
1.0333549201277326	-0.2028580244260993
1.0341940961975198	-0.20288220784505945
1.0346142150273514	-0.20289300999786777
1.0350346857618191	-0.20290294965853953
1.0354555069198574	-0.20291202473578787
1.0358766770107086	-0.2029202331379529
1.0362981945338932	-0.2029275727730385
1.036720057979179	-0.2029340415487493
1.0371422658265543	-0.20293963737252732
1.0375648165461977	-0.2029443581515898
1.0379877085984488	-0.20294820179296652
1.03841094043378	-0.20295116620353776
1.0388345104927674	-0.2029532492900724
1.0392584172060626	-0.2029544489592666
1.0396826589943622	-0.2029547631177818
1.0401072342683826	-0.20295418967228437
1.0405321414288278	-0.2029527265294844
1.0409573788663637	-0.20295037159617532
1.0413829449615886	-0.20294712277927351
1.0418088380850057	-0.2029429779858583
1.0422350565969936	-0.20293793512321243
1.0426615988477799	-0.20293199209886212
1.0430884631774124	-0.20292514682061852
1.0435156479157324	-0.2029173971966181
1.0439431513823447	-0.2029087411353645
1.044370971886592	-0.20289917654576972
1.0448349420341847	-0.20288778358043372
1.0452992803127352	-0.20287531858785376
1.0457639845297	-0.20286177890892285
1.0462290524782256	-0.2028471618853405
1.0466944819371087	-0.20283146485967693
1.047160270670755	-0.20281468517543802
1.048092916947767	-0.20277786721032626
1.048559769947632	-0.20275782362173123
1.0490269731351791	-0.20273668675924908
1.0499624208261158	-0.20269112261063496
1.0504306606692946	-0.2026666900269095
1.050899241379657	-0.20264115357424603
1.0518374159195982	-0.20258675848335575
1.0523070049710177	-0.20255789455984177
1.0527769253332253	-0.20252791619695507
1.0537177502701023	-0.20246460560198737
1.0556032681160985	-0.202324495187498
1.0560754388802347	-0.20228664198901983
1.0565479211250535	-0.20224765330214287
1.0574938098546158	-0.20216625898122528
1.0593892120042276	-0.2019897293196228
1.0598638024506786	-0.20194271896659965
1.0603386835758668	-0.20189455222975447
1.0612893071691172	-0.20179473921086027
1.063193924004277	-0.2015811224132788
1.0636707642658008	-0.20152478839021984
1.0641478734147443	-0.20146727728051436
1.065102887181917	-0.20134871351570535
1.0670160173591432	-0.20109734801962492
1.067494929595571	-0.2010315254935989
1.0679740879224142	-0.2009645054115546
1.0689331311469774	-0.2008268624232096
1.0708540410807819	-0.20053709430720024
1.0747064789824583	-0.19989906678041686
1.0751801735906514	-0.19981534662579603
1.0756540585448973	-0.19973043359488116
1.0766023874417445	-0.19955701960020494
1.0785011959877608	-0.19919577505941388
1.0823067216449405	-0.1984151060579581
1.0827830922049642	-0.19831202378687257
1.0832596031382764	-0.1982077120993579
1.0842130330934745	-0.1979953915602767
1.086121433272852	-0.1975558998091897
1.089943645002186	-0.19661702352810234
1.0904218623839255	-0.196494006929222
1.0909001662148796	-0.1963697260967542
1.091857019199043	-0.19611736329828816
1.0937716074053196	-0.19559737460872487
1.0976035072538333	-0.19449588371616622
1.1052715468796788	-0.19204328421085629
1.1057185333020534	-0.19188989878341145
1.1061654909262584	-0.19173535860328472
1.1070593067838157	-0.19142280816248927
1.108846449307073	-0.1907837866950808
1.1124180347796766	-0.18944974691797584
1.1195443097003097	-0.18655529211829652
1.1199887069737162	-0.18636427762609278
1.1204329658424008	-0.1861720664454156
1.1213210539036509	-0.18578404946948157
1.1230954094667882	-0.18499360584751845
1.1266360142716731	-0.1833548399270539
1.133678060522295	-0.17984403520491948
1.1341531052488112	-0.17959478986924277
1.1346278446298022	-0.17934410161086775
1.1355763871773643	-0.1788383925711246
1.137469585398445	-0.17780961918847793
1.1412392868245604	-0.17568246593856274
1.1487025533258548	-0.17114852390644214
1.1491652605511589	-0.17085273581042687
1.149627494612676	-0.1705554846349793
1.150550521446366	-0.16995659196712642
1.1523906567450661	-0.16874123909624134
1.156046019063656	-0.16624023262773305
1.1632470950759186	-0.16095709418870968
1.1636623902267347	-0.16063726504907397
1.1640771169653645	-0.16031616331598958
1.164904846473614	-0.1596701437372529
1.1665532781651937	-0.15836285292383384
1.1698209760821758	-0.1556873840126108
1.1762311955657088	-0.1500941291152759
1.176625953894622	-0.14973388260891926
1.1770199915802275	-0.1493723869101185
1.1778058857394418	-0.1486456522868111
1.1793688140964893	-0.14717724183132486
1.1824581482792311	-0.14418092826788248
1.1884820462693675	-0.13795281024645611
1.1888440930152617	-0.13756110401872182
1.1892052983508257	-0.1371682411918101
1.1899251665342705	-0.13637905257704752
1.1913546052251378	-0.13478687257107017
1.1941712714910178	-0.13154771223406206
1.199627628519161	-0.12485377039533775
1.1999604962015398	-0.12442600610953082
1.2002923775804244	-0.12399715057939689
1.2009531635631008	-0.12313617543273417
1.2022627036678686	-0.1214012375627597
1.2048326630800064	-0.11787998031916735
1.209768238328069	-0.11063678856782545
1.2100927158189914	-0.11013616885651872
1.21041586734877	-0.10963436852475955
1.2110581708839434	-0.1086272419555418
1.2123266291035228	-0.1065989985840522
1.2147977556546625	-0.1024874834265908
1.2151003757390586	-0.10196846849826746
1.2154015849068933	-0.10144834027605484
1.2159997497768802	-0.10040476183039362
1.2171789215554853	-0.09830444375517022
1.219467494716195	-0.09405220213948408
1.2197469275578796	-0.09351592653205751
1.2200248685996984	-0.09297861255823286
1.220576255697805	-0.09190088925781105
1.2216609139419798	-0.08973320106456024
1.2237566954440815	-0.08535000052847658
1.2276458356549618	-0.07640181135340525
1.2278599152521767	-0.07587282987252464
1.2280725687494067	-0.07534309319094627
1.2284935838431013	-0.07428137306624767
1.2293183523048696	-0.07214907871588978
1.2308981059297868	-0.06785015283437668
1.2310889703155063	-0.06730966327892071
1.231278356497049	-0.06676849604017125
1.231652681938253	-0.06568414852358923
1.2323834601603745	-0.06350754237975
1.2337728643837684	-0.05912382826646607
1.2339397196593949	-0.058573105139062324
1.2341050500151531	-0.058021786331030084
1.2344311250701128	-0.05691738274336639
1.235064857568129	-0.05470166003925483
1.2362580719065137	-0.050243752024018415
1.2364002139269958	-0.049684138145273435
1.236540790164004	-0.049124014603960035
1.2368172359124692	-0.04800226053806647
1.2373512362634767	-0.04575287925333623
1.2383431794084792	-0.04123187317829933
1.2384734835740228	-0.04059878922667668
1.238601793172692	-0.039965182532516026
1.2388524179078342	-0.03869643264555496
1.2393296164655798	-0.036153009941006974
1.2394438907517387	-0.03551596698747558
1.2395561500044683	-0.034878465187858955
1.2397746139550485	-0.03360211730580816
1.240187259778291	-0.03104427104288792
1.2402853496505788	-0.03040378384199235
1.2403814066625842	-0.02976290268993012
1.2405674139889948	-0.028479991246730736
1.24091494740707	-0.025909801528819717
1.240996719658226	-0.02526639234715059
1.2410764439202666	-0.02462265497099255
1.2412297417247329	-0.023334228739045306
1.241511689603916	-0.02075380268338638
1.2415770327907607	-0.02010800019168612
1.2416403156074507	-0.019461935983272262
1.2417606947648678	-0.018169055838179182
1.2418177885320516	-0.01752225663399256
1.2418728167821278	-0.016875229177506675
1.2419766720657934	-0.015580523061295109
1.2420254968766447	-0.014932861197090704
1.242072251725025	-0.014285004671054116
1.2421595475734217	-0.012988741300555575
1.24220008670335	-0.012340351305437099
1.242238552130728	-0.011691800346594271
1.2423092586243856	-0.01039424929971709
1.242341498174783	-0.009745266105579213
1.2423716609909439	-0.009096155734927579
1.242399746425943	-0.008446926646304217
1.2424257538773233	-0.007797587302363471
1.2424496827871272	-0.00714814616957929
1.2424715326419278	-0.006498611717952208
1.242491302972854	-0.005848992420717159
1.2425089933556155	-0.0051992967540497
1.2425246034105242	-0.004549533196772027
1.242538132802515	-0.0038997102300598716
1.2425495812411624	-0.003249836337149223
1.242558948480697	-0.002599920003041817
1.2425662343200161	-0.0019499697142105188
1.2425714386026967	-0.0012999939583056457
1.2425745612170014	-0.0006500012238612188
1.2425756020958858	-7.382624632688193e-17