1.709196589664784	0.
1.7091911467225627	0.0023358586259886677
1.7091748182101099	0.004671645492643898
1.7091476050700123	0.007007288847514835
1.709109508873096	0.009342716951914373
1.7090605318182035	0.011677858087797607
1.7090006767318722	0.01401264056463604
1.708929947067933	0.01634699272628635
1.70884834690701	0.01868084295785212
1.7087558809559336	0.02101411969253736
1.7086525545470657	0.023346751418490262
1.708538373637532	0.02567866668563598
1.708413344808366	0.028009794112496926
1.7082774752635634	0.03034006239299925
1.708130772829049	0.032669400303264255
1.7078049036973983	0.0373250005691744
1.7076257557512051	0.03965112094892084
1.7074358124144997	0.041976027020087604
1.7070235838512575	0.04662191351260143
1.7068013222986047	0.0489427528849298
1.7065683126998228	0.0512620958639106
1.7060701034194798	0.055896012064098895
1.7058049322806406	0.058210445375428174
1.7055290701770518	0.060523102486695866
1.704945336781887	0.06514281009733489
1.703650312555907	0.07435786294315484
1.7033000887924676	0.07665614959021157
1.7029393168968447	0.07895210891824236
1.702186211261769	0.08353677396266129
1.700554362655406	0.09267520096841894
1.7001203597878218	0.0949529789349114
1.6996759887365194	0.09722789246354237
1.6987562427402583	0.10176886247448098
1.6967934704703893	0.11081354375684625
1.696277253516868	0.11306657383720299
1.6957508838355047	0.11531621941313312
1.694667804158548	0.1198051027069649
1.692381137603845	0.12873947546199443
1.6873330313239745	0.14642083026288105
1.6866009709903438	0.1487963876049565
1.6858576041838735	0.15116681210451322
1.684337141446484	0.15589196771865865
1.681162665819674	0.16527747216987168
1.674290938661934	0.1837734654475465
1.6733839982715204	0.18605835030942888
1.6724665802075689	0.18833698918498856
1.6706005371939234	0.1928752716952048
1.6667452337672894	0.2018740902143614
1.6585550239600924	0.21954715912161382
1.6574874714468881	0.2217247301411942
1.6564103984091032	0.22389510113403713
1.6542279443331263	0.22821402781756867
1.649751598772162	0.2367631517481009
1.6403677852605607	0.25349531618947446
1.6391556857340912	0.2555515952937759
1.637935116706465	0.2575998936716774
1.6354688423782306	0.26167237753052286
1.6304376661395537	0.26971973808740113
1.619996299312722	0.2854153779352403
1.6187459409264422	0.2872119928662505
1.6174891619270604	0.2890011274594211
1.6149565718226162	0.29255685301659806
1.6098168748652033	0.2995774409266777
1.5992523456382253	0.31325009579144697
1.5979061758669482	0.3149242257335553
1.5965545093242872	0.31659052570956187
1.5938349173674495	0.3198995664532094
1.5883323168666512	0.3264229542590522
1.5770863696034876	0.3390877197957323
1.57565917715355	0.34063475640536683
1.5742274090780837	0.34217374355640523
1.571350374068014	0.34522753161704633
1.565543899401978	0.3512381239931445
1.5537339667466983	0.3628698504693272
1.5294254716745932	0.3845692352069173
1.52790990244522	0.3858310090204766
1.5263916263936645	0.387084962624179
1.5233471506139675	0.3895694248340802
1.5172278712950311	0.39444469786286546
1.5048787723712391	0.40382194639271424
1.5033256946384645	0.40495924325958366
1.5017706743433006	0.40608882077564606
1.4986549898363282	0.40832485394631896
1.4924023191711433	0.41270470252633185
1.479821773475034	0.4210979227520298
1.4782430087154101	0.42211294633691
1.4766630101633533	0.42312042778110803
1.4734994806777009	0.4251128177438891
1.467159461581744	0.4290076939394512
1.4544367320672091	0.43644112922207584
1.4288903429726167	0.44991196081147644
1.427156371395601	0.4507592434867989
1.425422399252247	0.45159827903546645
1.4219546276303736	0.4532517091585721
1.4150209756608507	0.45646071956225676
1.4011705431550545	0.462493210607425
1.3994416050078406	0.4632116522826804
1.397713322551299	0.46392226987594043
1.3942588764061736	0.46532014429673874
1.3873595014665725	0.46802323811862895
1.3736068673327602	0.4730652154568856
1.3718927866654236	0.4736618842476623
1.3701799282364677	0.47425118918932807
1.3667580077559653	0.4754078262471461
1.3599302411710286	0.4776340446943833
1.3463458380902886	0.4817450042655438
1.3446550270137994	0.482227452454601
1.3429659184856755	0.48270301979654195
1.339592917824869	0.4836336345787636
1.332868525741658	0.48541364495225897
1.319511867857337	0.4886556942729098
1.3179621422146504	0.48900684663616467
1.3164142458720223	0.4893524338641595
1.3133240137870799	0.49002701351225264
1.3071662886231599	0.49131049759017154
1.3056316955474407	0.49161783287381133
1.3040990714985152	0.4919198040922047
1.3010397962590772	0.4925077546994712
1.2949455858990948	0.4936203903241104
1.2934271952186727	0.4938855148893166
1.2919108996972444	0.494145475692578
1.2888846532964209	0.49465000578230606
1.2828579420076913	0.49559819684770395
1.2813567169714293	0.49582270842330495
1.2798577002566713	0.49604225507420374
1.2768663446602813	0.49646655244689336
1.270910704229188	0.49725665343146497
1.2694275065519012	0.49744213578703894
1.2679466180258672	0.4976228499656155
1.2649918153203958	0.4979700714227221
1.2635179241351393	0.498136627409864
1.2620463880920132	0.49829851263528174
1.2591104254578331	0.49860836772709893
1.2576460204399549	0.49875638594018973
1.2561840137130693	0.49889983008311767
1.253267236371215	0.49917309232027807
1.2474629052822277	0.4996657828979597
1.2460179669562794	0.4997778791847018
1.2445755050141116	0.4998855923840881
1.2416980461867035	0.5000879639912021
1.2402630668520405	0.5001826694929247
1.2388305990047854	0.5002730860938227
1.2359732311305855	0.5004411461442235
1.2345483473927932	0.5005188362209617
1.2331260077231672	0.5005923306500015
1.2317062198819055	0.500661652593654
1.2302889914776527	0.500726825152545
1.2288743299687115	0.5007878713649879
1.227462242664258	0.5008448142063741
1.2246458191671303	0.5009464813593435
1.2231240419380682	0.5009948172103593
1.2216053212581228	0.5010384432526169
1.2200896654814983	0.5010773883066483
1.2185770827669076	0.5011116811013823
1.217067581079346	0.5011413502733667
1.2155611681918579	0.5011664243660118
1.2140578516872986	0.5011869318288518
1.2125576389600874	0.501202901016827
1.2110605372179553	0.5012143601895839
1.209566553483687	0.5012213375107958
1.2080756945968527	0.5012238610475007
1.2065879672155362	0.5012219587694584
1.2051033778180544	0.5012156585485255
1.2036219327046689	0.5012049881580494
1.2021436379992902	0.5011899752722777
1.2006684996511767	0.5011706474657894
1.1991965234366242	0.5011470322129394
1.1977277149606462	0.5011191568873218
1.1962620796586498	0.501087048761251
1.1947996227981024	0.5010507350052585
1.1933403494801884	0.5010102426876069
1.1918842646414607	0.5009655987738187
1.1904313730554839	0.5009168301262245
1.1889816793344659	0.500863963503523
1.1875351879308866	0.5008070255603605
1.186091903139112	0.5007460428469229
1.1832149697875323	0.5006120487853369
1.1817813290403396	0.5005390900118156
1.1803509105333527	0.500462191616566
1.1774997542024939	0.5002966799435655
1.1760790229899627	0.5002081183903899
1.1746615272434233	0.5001157206640441
1.1718362537768405	0.4999195189609676
1.170428481516551	0.49981576584925963
1.169023955644797	0.49970827829394165
1.1662246524592443	0.4994822003914492
1.164829879502159	0.4993636600419773
1.1634383616499964	0.49924148524391737
1.1606650985121132	0.4989863310975911
1.1551577060370868	0.49843349004132254
1.153789018387824	0.4982865603040548
1.1524235970344823	0.4981361908586453
1.1497025564629395	0.4978252281247256
1.1442996999954527	0.4971630680780314
1.1336509195194886	0.4956830032917814
1.1323585074275078	0.49548749796653396
1.1310692435180432	0.4952890318734503
1.1285001567383643	0.4948833008779461
1.1233997177230575	0.4940372223882474
1.1133494680828258	0.4922111437739563
1.1121072752272476	0.4919707169761646
1.1108682065311386	0.4917276515840395
1.1083994327948934	0.4912336820223453
1.103499274071418	0.4902149212264834
1.0938479254424145	0.48805829693011177
1.0926554167298907	0.4877779100229108
1.0914659887802682	0.48749518102743056
1.089096362047895	0.4869227674629836
1.0843939301016916	0.4857506074720653
1.0751355439050219	0.4833007910769791
1.0571975269110292	0.47800858907331184
1.056175271604037	0.4776849429732519
1.055155583929391	0.477359710291998
1.053123895922141	0.476704532993505
1.0490911588944714	0.4753756616102028
1.0411473364685109	0.47264644455596505
1.0257387580587658	0.46692199917915256
1.0247966221251654	0.4665531988672887
1.0238569182099655	0.4661831632961974
1.0219847882271604	0.4654394261897463
1.0182695113920326	0.46393756355289023
1.0109538529237487	0.46087843980406856
0.9967736635782976	0.45455508894130653
0.9958340308286898	0.4541173272142565
0.9948970792997112	0.45367845624779
0.9930311950414148	0.45279742841475196
0.9893313272633245	0.4510225179824309
0.9820577935161067	0.44742353130490264
0.9680042629209037	0.44004603172369117
0.9671473196597181	0.4395776347620449
0.9662928564318916	0.4391084307788937
0.9645913448192893	0.4381676353374602
0.9612178042509063	0.43627672641222104
0.9545872418697243	0.43245944313195767
0.9417809438803825	0.4246967257441726
0.9410520471285353	0.4242389950584939
0.9403251374822301	0.4237807712835031
0.9388772594138932	0.42286286622837527
0.9360051278386409	0.4210213763790894
0.9303542451730078	0.417316849661127
0.9194171460035768	0.40983051537781184
0.8989323514983456	0.3946130019854275
0.8983327962460573	0.3941427258235186
0.8977348555486089	0.39367224713576915
0.8965438007749554	0.39273069523437787
0.8941808789019248	0.3908453033855017
0.8895308428225878	0.3870660687740374
0.8805265783208307	0.37947911019080083
0.8636438822214488	0.3642293539956143
0.8630966254277892	0.36371121818381713
0.8625509695449037	0.3631930411706891
0.8614644417881346	0.36215657384229083
0.8593103919853478	0.36008325687039294
0.8550772836799033	0.3559356429132057
0.8469029563495415	0.34764061425709475
0.831660046350666	0.3310802661203482
0.8067689709678539	0.30043455664021745
0.7842939157717915	0.2678089654902458
0.7660592543776876	0.23651186042647784
0.7519491242846842	0.2080092580317772
0.7517316653269882	0.20753185612760008
0.7515148929801522	0.2070546387552762
0.7510834015511831	0.20610075683225226
0.7502285861222568	0.20419519872739145
0.7485512650695816	0.2003928592515216
0.7453230633376795	0.19282288892214158
0.7393512682436633	0.17781818320759057
0.7391864310779097	0.17738316336328508
0.7390221107046586	0.17694829009709023
0.7386950161594451	0.17607898229537539
0.7380469828549365	0.1743421145313114
0.7367753104206806	0.17087531284918478
0.7343277605622475	0.16396897189522378
0.7298023607501867	0.15026136861422523
0.7296574903477182	0.14979957425229434
0.7295131566910256	0.14933793102301687
0.7292260954478108	0.14841509641899914
0.72865836831861	0.14657122377755824
0.7275482677668458	0.14289057725486962
0.7254277173136527	0.1355569686976882
0.7252995269561624	0.13509981531239013
0.7251718421005813	0.13464280032971315
0.7249179852684042	0.1337291839332753
0.7244162979578282	0.1319035939078721
0.7234368308001535	0.12825889234355356
0.7215719953536741	0.12099465467004787
0.7214615934763949	0.12054996957428411
0.7213516527512449	0.12010540498138231
0.7211331517923222	0.11921663568595584
0.7207016512766893	0.11744052530473033
0.7198604942011689	0.11389392621039321
0.7182643075939268	0.10682247996976638
0.7181683112187928	0.10638144832176492
0.7180727539089776	0.10594052403558403
0.7178829539428421	0.10505899588185498
0.7175085950045187	0.10329720956322402
0.7167807027815069	0.09977862313548941
0.7154071559818211	0.09276064123768701
0.7153304147855791	0.09235220913814542
0.7152540393574998	0.09194385877201325
0.7151023840584039	0.09112740185798665
0.7148034435813999	0.08949545361914056
0.7142229481176384	0.08623534188564398
0.7131307686301792	0.07972963434513776
0.7130655259877956	0.07932364555114489
0.7130006362036237	0.07891772735631025
0.7128719137400603	0.07810610136266127
0.712618687060671	0.07648368114213679
0.7121290270758571	0.07324208912625664
0.7112162714346588	0.06677126810657162
0.7111576060469442	0.0663333549871584
0.7110993427796772	0.06589551157658276
0.7109840210688113	0.06502003207785492
0.7107581863320929	0.06326988973447191
0.710325669020401	0.059772770477964275
0.7102733928819731	0.059335918512916044
0.7102215130304615	0.058899129026491345
0.7101189408246921	0.058025735678038544
0.7099185370079312	0.056279678792638795
0.7095366188423956	0.05279038269613173
0.7094906438064912	0.052354475991903786
0.7094450599129706	0.0519186245090144
0.7093550643596039	0.05104708538971837
0.7091797539800813	0.049304649809621834
0.7088477926635157	0.045822247396309336
0.7082580348932087	0.03886650146376378
0.7082266576270174	0.038460948899296445
0.7081956141230363	0.03805543179236346
0.7081345276976715	0.037244502464619494
0.7080163523566139	0.035623052945970436
0.7077959547554589	0.03238170716209534
0.7077698975789394	0.031976677302866116
0.7077441715704407	0.03157167695076699
0.707693712475613	0.030761763279108546
0.7075967620074437	0.029142273642206017
0.7074187018063924	0.02590456177853014
0.7073979268632946	0.025499959351540733
0.7073774809796993	0.025095380472785343
0.707337575929728	0.024286291869288875
0.7072617095745114	0.02266838084218152
0.7072435639701506	0.02226395636507124
0.7072257465513702	0.021859552454202045
0.707191095869087	0.0210508048397622
0.7071257284197744	0.01943353999894165
0.7071102055811285	0.019029269610779612
0.7070950101735702	0.018625016805483046
0.707065601309815	0.01781656245143628
0.7070107090983978	0.01619984832420754
0.7069978034060896	0.015795708153778894
0.7069852245093085	0.015391582581677908
0.7069610468197619	0.014583373739890791
0.7069166099823789	0.012967114817215398
0.7069065157590402	0.012571015085091893
0.7068967351264942	0.012174926521235868
0.7068781144230301	0.01138278149158462
0.7068692742509983	0.010986724322392987
0.7068607474675315	0.010590676914676632
0.7068446338828092	0.009798609976771221
0.7068370469940681	0.009402589743110704
0.7068297733189218	0.009006577863983345
0.7068161654531654	0.008214577762294563
0.7068098311886849	0.00781858883619773
0.7068038099900577	0.007422606857563829
0.7067927066613282	0.006630662335538672
0.7067876244709587	0.006234699088559017
0.7067828552259071	0.005838741381866273
0.7067783989002882	0.005442788863652307
0.7067742554699156	0.005046841182104149
0.7067704249123018	0.0046508979854042445
0.7067669072066577	0.0042549589217307756
0.7067637023338922	0.003859023639258011
0.7067608102766125	0.003463091786156541
0.7067582310191238	0.003067163010593893
0.7067559645474284	0.002671236960734676
0.7067540108492268	0.0022753132847407377
0.7067523699139169	0.0018793916307717718
0.7067510417325937	0.001483471646985558
0.7067500262980498	0.0010875529815382958
0.7067493236047746	0.0006916352825849368
0.706748933648955	0.00029571819827942856
0.7067488564284746	-0.00010019862322467947
0.7067490919429145	-0.0004961155337740858
0.7067496401935531	-0.0008920328852155898
0.7067505011833651	-0.0012879510293954805
0.7067516749170227	-0.0016838703181592978
0.706753161400896	-0.0020797911033515015
0.7067549606430509	-0.002475713736815132
0.7067570726532516	-0.002871638570391576
0.7067594974429597	-0.003267565955919953
0.706762235025334	-0.003663496245236968
0.7067652854152311	-0.004059429790176759
0.7067686486292053	-0.00445536694257029
0.7067723246855091	-0.004851308054245106
0.7067763136040927	-0.005247253477024997
0.7067852301163939	-0.006039158663174487
0.7067901577585053	-0.006435119130169879
0.7067953983596841	-0.0068310853155211645
0.7068068185547219	-0.007623036248485841
0.7068129982105692	-0.008019021699681527
0.7068194909494608	-0.00841501427639711
0.7068334158190566	-0.009207022213480267
0.7068408480253532	-0.00960303827737577
0.7068485934658798	-0.009999062873846238
0.7068650242195266	-0.010791139071480748
0.7069016465018855	-0.012375409333806804
0.7069124436631472	-0.012805113428871346
0.7069236099285793	-0.013234830912526222
0.7069470500598052	-0.01409430784156702
0.7069983628710619	-0.01581344211738437
0.7070121149965148	-0.01624326589208437
0.7070262368633421	-0.016673106646855475
0.7070555901847141	-0.01753284089200245
0.7071187378563515	-0.01925253289129445
0.7071354505742359	-0.019682505073276346
0.7071525338224008	-0.020112497825556845
0.7071878123491859	-0.020972546835693443
0.7072628207352566	-0.02269291143961009
0.7074306705274187	-0.026134807449935505
0.7074533261824266	-0.026565162582923473
0.7074763544031042	-0.026995545461732037
0.7075235291341564	-0.02785639624961223
0.7076223560386302	-0.029578450494069753
0.7078379559121677	-0.0330240700076198
0.7078665916763903	-0.03345492283830166
0.7078956026570253	-0.03388581058163632
0.7079547510150651	-0.03474769259652387
0.7080775586874992	-0.03647189526839599
0.7083412628664179	-0.0399221553734188
0.7083735984004348	-0.040324795646126774
0.7084062635316786	-0.040727472527957574
0.7084725833200642	-0.04153293757123617
0.7086091862451545	-0.04314432293950442
0.7088982890296394	-0.04636899606970145
0.708935921143984	-0.0467722656313949
0.708973886011214	-0.04717557760575522
0.7090508148596372	-0.04798233024159816
0.7092086751065211	-0.04959636040255004
0.7095404561655182	-0.052826601359694865
0.7095834390011782	-0.05323059296768601
0.7096267582336806	-0.05363463277814304
0.7097144068678425	-0.054442858451749225
0.7098937517723592	-0.056059904123053325
0.7102686894469388	-0.059296453610346404
0.7110840413556803	-0.06578003094732242
0.711142451211427	-0.06621975121951168
0.7112012665750754	-0.06665954168726998
0.711320115397714	-0.06753933503646649
0.7115626965835582	-0.06929978417094187
0.7120674847702261	-0.07282423431917583
0.7131563361112384	-0.07988815721651651
0.7132279308798469	-0.08033034959699563
0.7132999451265803	-0.0807726267164129
0.7134452339963101	-0.0816574369787489
0.713740867001356	-0.08342809423351
0.714352466684074	-0.08697365658537708
0.7156579425559261	-0.09408257717867774
0.715741655413047	-0.09451957719782998
0.7158257889672188	-0.09495667271311974
0.7159953203769686	-0.09583115191432652
0.7163394560401741	-0.09758127476070969
0.7170481463584149	-0.10108627210341349
0.7185482646634666	-0.10811602067035013
0.721888617011544	-0.1222604441995099
0.721992953384587	-0.12267451990520593
0.7220976918854018	-0.12308870154393411
0.7223083777261833	-0.12391738391383152
0.7227346021020361	-0.1255760340569688
0.7236066025521388	-0.12889854791928465
0.7254299736815967	-0.1355650004815295
0.7294040997913762	-0.14898807709374476
0.7295466414224734	-0.1494451695467235
0.7296897087459338	-0.14990240995094162
0.7299774245305699	-0.15081733611001494
0.7305592093146509	-0.15264898026202872
0.7317484246809486	-0.15631951862501378
0.7342313612300378	-0.16369024508606245
0.7396316203586104	-0.178555273545923
0.7397981509797841	-0.17899146417203038
0.7399652041428896	-0.1794278028186089
0.7403008823743119	-0.18030092516000165
0.7409785566346042	-0.18204895688175968
0.7423594210993767	-0.1855522223002077
0.745225226288118	-0.19258797565216554
0.7513901453302149	-0.2067794085158352
0.7652988077640637	-0.23508547094499366
0.7834944060354767	-0.266539925951388
0.8038924983636465	-0.29655445630549904
0.830447426940231	-0.32969686693737627
0.8308733472261842	-0.3301839396762217
0.8313004465183228	-0.3306710893848834
0.8321581951159197	-0.3316456148475808
0.8338879838744446	-0.33359553527073227
0.837405467969529	-0.3374985669058205
0.8446781182737136	-0.34531493345772485
0.8602247618428978	-0.3609663813279104
0.8607231201256321	-0.3614458275268051
0.8612228307205773	-0.3619252479894071
0.8622263235431046	-0.36288400375412166
0.8642496991308979	-0.3648011180907114
0.8683628454814704	-0.3686332919704773
0.8768615317871911	-0.3762854658719264
0.8950050452460178	-0.3915055622517741
0.895648029600806	-0.39201869659433086
0.8962929046608649	-0.39253160817965205
0.897588348751199	-0.39355674659360995
0.9002021664856017	-0.3956041671722506
0.9055227598116092	-0.39968661755903545
0.916545854886459	-0.407793762728911
0.9172521099740506	-0.408297560039096
0.9179604364019018	-0.4088009857952615
0.9193833266104211	-0.4098067015586929
0.9222542203422129	-0.4118134402389319
0.9280977807405608	-0.41580691307351775
0.940202677617035	-0.42370340444696997
0.9409263666163559	-0.42415989400152754
0.9416520261277004	-0.4246158953070646
0.9431092765687046	-0.42552641147177317
0.9460476425837072	-0.4273413440509502
0.9520209547938403	-0.4309455468840897
0.9643629109272619	-0.4380406731874511
0.9651521426882821	-0.43847866273500685
0.9659435059724358	-0.4389159714500849
0.9675326474123138	-0.43978851954611975
0.9707367319415687	-0.4415251480809593
0.9772492451773395	-0.44496297436774257
0.9907007385502437	-0.4516838013661451
0.9916327475814922	-0.45213093973978213
0.9925674505062432	-0.45257699920198696
0.9944449635652803	-0.45346583945976
0.9982325967967651	-0.4552301077793806
1.0059397105112615	-0.4587025543386812
1.02189252623517	-0.46540254802244463
1.022913856547967	-0.4658096040993324
1.0239380795050421	-0.4662152092191004
1.0259952271374195	-0.467022014783778
1.0301444945655451	-0.4686176398982535
1.038584220856507	-0.47173393614387216
1.0560385016055	-0.47764145900902777
1.0571348437370216	-0.47798881280171707
1.0582341447737904	-0.4783343278127066
1.060441642422255	-0.4790197816530135
1.0648923498788687	-0.48036796077038246
1.0739376181664346	-0.4829699384948157
1.07508184728599	-0.4832860291359986
1.0762291059789608	-0.4836000311920053
1.0785327281803123	-0.4842217038846126
1.0831765017110682	-0.4854392586902781
1.0926110000914186	-0.4877674071929339
1.093804157716611	-0.48804806046274557
1.0950004031405578	-0.4883263514843551
1.0974021699293859	-0.4888757749963422
1.1022428915352545	-0.4899454799005933
1.1120737052986787	-0.4919641743490746
1.1133166092798958	-0.49220482582164865
1.1145626434787852	-0.4924428164347512
1.1170641106154489	-0.4929107369330128
1.1221046920375963	-0.4938137823088348
1.1323367921053364	-0.4954841835979151
1.1335430224587761	-0.4956668133972359
1.1347519964157862	-0.49584684673043045
1.1371781772779086	-0.4961990553053898
1.1420634816887438	-0.4968715548824074
1.1432916722561013	-0.49703292828943013
1.1445226087885663	-0.4971915658211062
1.14699271948896	-0.4975005620744286
1.1519658851692303	-0.4980849366919592
1.1532160377322989	-0.49822392099268464
1.154468933651707	-0.49836002502585763
1.1569829526837783	-0.49862351861555304
1.1620438745515418	-0.4991151278246733
1.1633159495816703	-0.49923055046589837
1.1645907599425003	-0.4993429434759732
1.1671485809345699	-0.499558564451871
1.172296978693774	-0.4999526088637872
1.1735908916997382	-0.5000432576338896
1.1748875261246268	-0.5001307224751591
1.1774889504222128	-0.5002960217705326
1.1787937356379143	-0.5003738167346217
1.1801012329565623	-0.5004483487901974
1.1827243534561442	-0.5005875443650459
1.1840399711512881	-0.5006521677911165
1.1853582899757709	-0.5007134481226848
1.186679306919615	-0.5007713651262785
1.1880030188641664	-0.5008258984940798
1.1893294225810642	-0.5008770278441644
1.190658514731205	-0.5009247327207471
1.1919902918637004	-0.5009689925944388
1.1933247504148297	-0.5010097868625093
1.1946618867069905	-0.5010470948491632
1.1960016969476424	-0.501080895805823
1.1973441772282432	-0.5011111689114202
1.1986893235231844	-0.5011378932726994
1.2000371316887224	-0.5011610479245299
1.2013875974619013	-0.5011806118302271
1.2027407164594721	-0.5011965638818842
1.2040964841768071	-0.5012088829007136
1.2054548959868152	-0.5012175476374001
1.2068159471388433	-0.5012225367724603
1.2081796327575796	-0.501223828916618
1.2095459478419492	-0.5012214026111843
1.2109148872640119	-0.5012152363284532
1.2122864457678444	-0.5012053084721043
1.2136606179684275	-0.5011915973776183
1.2150373983505283	-0.5011740813127029
1.2165331836149107	-0.501150763659659
1.2180320213263633	-0.5011229189579227
1.2195339039256423	-0.5010905192362258
1.2210388236669958	-0.5010535364322398
1.2225467726164518	-0.501011942393302
1.2240577426501023	-0.5009657088771607
1.2255717254523812	-0.5009148075527411
1.2270887125143377	-0.500859210000929
1.2286086951319029	-0.5007988877153754
1.2301316644041487	-0.5007338121033195
1.2316576112315465	-0.5006639544864336
1.2331865263142139	-0.5005892861016871
1.2347184001501639	-0.5005097781022311
1.2362532230335423	-0.500425401558304
1.2393316760892377	-0.5002419267090069
1.2408752858146086	-0.5001427701379954
1.2424218036899612	-0.5000386284931883
1.2455235206691009	-0.49981527258515357
1.247078697624038	-0.49969599943188536
1.2486367384276762	-0.4995716234268771
1.2517613648770065	-0.4993074442621826
1.2533279266146176	-0.4991675816222427
1.2548973043811578	-0.49902249717237557
1.2580444576992003	-0.49871654311335745
1.2643719904406554	-0.49804065251754315
1.2659607169523048	-0.4978581740511717
1.2675521528353826	-0.4976702326208389
1.2707430948702416	-0.49727783912014445
1.2771568413590053	-0.49642615419413444
1.2787668258651501	-0.4961991170736157
1.2803793976191695	-0.49596637208555905
1.2836122370154839	-0.49548363510467475
1.2901082238222905	-0.4944483068807694
1.2917384325534285	-0.49417474091602837
1.2933710900114248	-0.4938952192034216
1.2966436767785219	-0.4933181838973205
1.3032174020528802	-0.49209127167084854
1.316474539114669	-0.4893390688579855
1.3180307880629567	-0.4889914014685112
1.3195888851018702	-0.48863810815134995
1.322710548182411	-0.48791454151471914
1.328975210639704	-0.4863987728931412
1.341585367443849	-0.48308697913166093
1.3431688048436634	-0.48264623442045285
1.3447537621694454	-0.48219945609065373
1.3479281461750567	-0.4812876973524153
1.3542941448127146	-0.47939066485950854
1.3670896802520915	-0.4752969196445679
1.3686945916507127	-0.4747566206281677
1.3703006322117208	-0.474209887884965
1.3735159941845954	-0.47309702304127893
1.3799590804368789	-0.47079301251896544
1.3928883917288084	-0.465866464892443
1.4188654853731355	-0.45469727311001973
1.4204600438421253	-0.4539542993083931
1.4220547428955332	-0.4532044308266022
1.425244429748773	-0.45168393017489894
1.4316240131256484	-0.44855932460891157
1.4443762420842536	-0.4419714281563042
1.445968924713691	-0.4411158295686017
1.4475611863718858	-0.4402530355709541
1.45074429750457	-0.4385057920841302
1.457103812047759	-0.4349242088979835
1.4697873282342575	-0.427409030526782
1.4713686644718584	-0.4264363315786743
1.47294895369881	-0.4254561834350217
1.4761062259962185	-0.42347348370127547
1.4824063766255189	-0.4194180927455994
1.4949395481667744	-0.41094453140777465
1.5196578618620284	-0.3925273756154554
1.5213136281427746	-0.39120690630774535
1.522966470791099	-0.3898772950746017
1.5262631382088678	-0.3871906221948405
1.5328186580945649	-0.3817073286131078
1.5457642819668747	-0.370300187451613
1.5473657276132249	-0.36883296292453166
1.5489632331988952	-0.3673565543971249
1.5521461622276753	-0.36437619269491794
1.5584618470858773	-0.3583053724234406
1.5708776163740534	-0.3457244629064648
1.572408065301104	-0.3441108065049523
1.5739335059223702	-0.3424880599660698
1.5769690899959588	-0.33921534011618765
1.5829771575071456	-0.3325613324887921
1.5947255173655392	-0.3188222729054935
1.6170274512478728	-0.2896542675793973
1.6182744101492659	-0.28788520444613347
1.6195150932783082	-0.28610879551304963
1.621977409410181	-0.28253404221472556
1.6268242860023527	-0.2752975363169463
1.6361946573405834	-0.2604828980726577
1.6373345692513512	-0.2585996330450654
1.63846732591333	-0.2567094896544851
1.6407111582136706	-0.2529087026631005
1.6451106012956784	-0.2452261007915159
1.653544780258158	-0.2295449996347268
1.6545638473918407	-0.22755599897804052
1.65557492044903	-0.22556071884357518
1.6575728824361868	-0.22155148760855217
1.6614706713400496	-0.21345954145762402
1.6688627568382313	-0.19699172983448593
1.6697480086481198	-0.19490754339020047
1.6706244918632005	-0.19281780432538126
1.672350969936569	-0.188621866845013
1.6756967145190225	-0.18016556997466526
1.6819496053070395	-0.16300699317280856
1.6827746901088336	-0.16058784762906939
1.68358798666392	-0.15816284563191613
1.6851789964382602	-0.15329558814221608
1.6882171909580623	-0.14349430552545311
1.6889464734728434	-0.14103055013508792
1.6896635486772744	-0.13856158618661027
1.6910608813069725	-0.13360836799361409
1.6937069467724164	-0.12364314992870945
1.694337237011266	-0.12114010142152241
1.6949549481007276	-0.11863252965205834
1.696152461818452	-0.11360416916191285
1.6983947039816327	-0.10349707817916567
1.6989232040371511	-0.10096033768624012
1.6994388043270388	-0.09841979229940583
1.7004311612941108	-0.09332765482049077
1.7022595391969206	-0.08310179250255896
1.7026838735929668	-0.08053720915204016
1.7030950423467122	-0.07796956752264769
1.7038777669084608	-0.072825489997103
1.7042492669809315	-0.07024924524738155
1.7046074899498695	-0.06767032448997855
1.7052840032156227	-0.06250484080066053
1.705602245152541	-0.05991847154503994
1.7059071132747077	-0.05732981361203231
1.7064766416576216	-0.05214602213380919
1.7067412610712804	-0.0495510844381501
1.706992424983289	-0.04695424974138376
1.7074543150755126	-0.04175528361052166
1.7076650080378715	-0.03915334983401075
1.70786217906881	-0.03654991434827797
1.7080458139680423	-0.03394507645422483
1.7082158995034915	-0.03133893562047382
1.7083724234136648	-0.02873159147156432
1.708515374409856	-0.026123143776109314
1.708644742178173	-0.0235136924349203
1.70876051738139	-0.02090333746909339
1.7088626916606302	-0.018292179008065318
1.7089512576368684	-0.0156803172776464
1.7090262089122579	-0.013067852588029198
1.7090875400712855	-0.010454885321771615
1.709135246681744	-0.0078415159217618
1.7091693252955333	-0.005227844879172077
1.7091897734492807	-0.0026139727214007234
1.709196589664784	-2.968926892176798e-16