1.067237223764295	0.
1.0672370726117537	0.00013828035148763098
1.0672366191551739	0.00027655996838934403
1.0672358633976895	0.00041483811612641117
1.067234805344524	0.0005531140601344847
1.0672334450029892	0.0006913870658707864
1.0672317823824868	0.000829656398821297
1.0672298174945067	0.0009679213245079452
1.0672275503526278	0.0011061811084957945
1.0672249809725172	0.001244435016400231
1.067222109371931	0.0013826823138941493
1.067218935570713	0.0015209222667151385
1.0672154595907943	0.0016591541406726627
1.0672116814561947	0.001797377201655247
1.0672076011930196	0.0019355907156376538
1.0671985343958017	0.002211986166975259
1.0671935479244037	0.002350166636775782
1.0671882594497177	0.002488334624481122
1.0671767766387106	0.0027646302197899455
1.067170582381713	0.0029027563608156406
1.0671640862800746	0.0030408670866049047
1.067150188724437	0.0033170393609268864
1.0671427873664228	0.0034550994440879406
1.0671350843557368	0.0035931411812835418
1.0671187735912042	0.0038691666889581412
1.0670825347098711	0.004420965346543855
1.0670727217362903	0.004558858169878429
1.0670626075937606	0.004696726794856019
1.0670414760831406	0.004972388527744196
1.0669956022446454	0.005523389485314678
1.0669833819899386	0.005661068280250193
1.066970861182671	0.005798717039565423
1.066944918257916	0.0060739215379825235
1.066889429715227	0.006623938077701725
1.0668748075732728	0.006761356209410699
1.0668598856272502	0.006898738486994287
1.0668291427363217	0.007173392576884487
1.0667640639670228	0.00772223859560674
1.0666195602617408	0.008817919913325232
1.0665985088663517	0.008966178649466465
1.0665771073451007	0.0091143815810016
1.0665332546194928	0.00941061636530564
1.066441355453652	0.010002376001051656
1.0662408247443915	0.011182851178837905
1.066214193646286	0.011330107454700162
1.0661872155229257	0.0114772933470127
1.0661322190723481	0.011771450362548619
1.0660180716126042	0.012358880034114181
1.0657732108056568	0.013530000389751924
1.0657410549084594	0.01367602242315248
1.0657085557898796	0.013821959698795657
1.0656425289342193	0.01411357641514091
1.0655063682183195	0.014695753631131498
1.0652176807601093	0.0158556850278954
1.06457537306973	0.01815628467713811
1.0645352361807146	0.018289693355620387
1.0644948084465577	0.018423003797944548
1.0644130815647048	0.01868932719051271
1.0642461501072205	0.019220764576256624
1.0638984416971893	0.020278647130899146
1.0631481903431976	0.022373220198243098
1.0630988946517477	0.022503145022221675
1.0630493180057308	0.022632949840653744
1.0629493232089207	0.02289219681255492
1.0627459772080603	0.023409221623079714
1.0623259379504513	0.02443724791114402
1.061433120642142	0.026468049010260168
1.06137615380842	0.026591345432657655
1.0613189281877453	0.02671450672606004
1.061203702071189	0.026960421579413273
1.060970160820337	0.027450603995608967
1.0604908073523724	0.028424249852408677
1.0594837168194609	0.03034364414929746
1.05941866008542	0.030462331535461035
1.0593533571555953	0.030580865637270593
1.059222014375833	0.03081747180594063
1.058956392881053	0.03128882080607123
1.0584135012158538	0.032223945024846413
1.0572819009249046	0.03406295351276351
1.0572030045226175	0.034186085618379984
1.0571238348985812	0.0343090175606966
1.0569646783188542	0.03455427840089619
1.0566431122576707	0.03504237013498719
1.0559871012510125	0.036008693378280936
1.054624645960228	0.03790080312892306
1.054537303316039	0.038017223147473425
1.0544497068633094	0.038133423570735264
1.0542737550550536	0.03836516334297178
1.0539188335617162	0.03882598269117176
1.05319706203834	0.039736855214940366
1.0517069654246345	0.04151456159115157
1.051618176728986	0.04161640648230582
1.0515291850428212	0.0417180451138609
1.0513505948746067	0.04192070196391516
1.0509910026292313	0.04232352266621435
1.0502622933571248	0.043119102731562504
1.0487677685376018	0.04466932548052694
1.04867275761883	0.044764375589050935
1.0485775614792041	0.04485920718995634
1.0483866158042714	0.04504821345198597
1.0480025267738868	0.04542358839427614
1.047225685703201	0.046163710809345455
1.0456383806322218	0.047600851668603686
1.0455292919368675	0.047696090113723555
1.0454200073812767	0.047791059571861465
1.045200853659628	0.04798019000446334
1.0447602285983295	0.04835520640837156
1.0438698750536852	0.049092179144447606
1.0420540973013892	0.05051325824395095
1.0419391118967922	0.05059971171133276
1.0418239546355879	0.05068588516167676
1.0415931275708967	0.0508573907899912
1.0411294444820989	0.05119702853913697
1.0401941323763164	0.051862744621913606
1.038293086759472	0.05313944723184321
1.0381751703330555	0.05321539184641616
1.0380571116999577	0.05329105824296766
1.0378205707007995	0.053441555505858336
1.0373458139827008	0.053739201896039104
1.0363897633826133	0.05432105578412711
1.0344528069786445	0.055430665282320456
1.0343306979380107	0.055497608418943745
1.0342084697784921	0.05556426734838159
1.0339636589827748	0.05569673197526071
1.033472639634973	0.055958244141578954
1.0324851709579994	0.05646756854519306
1.0304897989761777	0.05743119188530615
1.0303726763047834	0.057485099955441585
1.0302554698976252	0.057538757342639954
1.0300208081866757	0.057645319778000956
1.0295505053376313	0.05785543334263495
1.0286061109667144	0.05826360086557285
1.02670319566792	0.05903160169612591
1.0265836785361904	0.05907745889344181
1.026464096003809	0.05912306378577256
1.0262247370056707	0.05921351654689397
1.0257452591339853	0.05939139329172733
1.0247833904150667	0.059735027350798005
1.0228490075828636	0.06037380125973311
1.0227174394229555	0.06041475301900546
1.0225858155145937	0.06045540786169417
1.0223224032725995	0.06053582687681393
1.0217949407896856	0.06069310288138137
1.0207376208563277	0.06099341350195929
1.0206052449540097	0.06102961791084274
1.020472824501941	0.06106552592395065
1.0202078527227787	0.06113645295337659
1.019677405041622	0.06127475245357779
1.0186146475603657	0.06153714605602784
1.0184816416830809	0.06156861473926556
1.0183486022635004	0.0615997879830458
1.0180824255215914	0.06166124844901104
1.0175496994499333	0.06178062746248928
1.0164829084434457	0.06200523650344341
1.0163494471752847	0.06203198790886733
1.0162159631648735	0.0620584452472409
1.015948929587534	0.06211047812094253
1.0154146188494586	0.062211019529049665
1.0143451714381175	0.06239802925024025
1.014220313154133	0.06241863166710044
1.0140954442309476	0.06243897933202618
1.0138456765932267	0.06247891080780744
1.0133460369968663	0.06255572121735867
1.0132211084486276	0.0625742884851725
1.013096173495395	0.06259260183326325
1.0128462864775785	0.06262846720720884
1.0123464586817787	0.06269715578526323
1.0122214935838088	0.06271369480675403
1.0120965262693962	0.0627299808104068
1.0118465870717477	0.0627617942354369
1.011346704923683	0.06282239011407172
1.010347041176601	0.06293148572271895
1.0102221026402212	0.06294399114988924
1.0100971701236716	0.06295624556484726
1.0098473251829347	0.06298000189528742
1.0093477298584834	0.06302450837426185
1.0092228536735979	0.06303500951267393
1.0090979875544899	0.06304526073903054
1.0088482875220335	0.06306501402435645
1.0083490302959208	0.06310152796121828
1.0082242486583908	0.06311003383208437
1.0080994810833797	0.0631182909535618
1.0078499901045155	0.06313405954785482
1.0077252676905064	0.06314157132278232
1.007600561318703	0.0631488349525381
1.007351198672766	0.06316261839106685
1.0072265433821905	0.06316913850943122
1.0071019061009343	0.0631754111017997
1.006852687524803	0.0631872143378876
1.0067281072071583	0.06319274529856687
1.0066035468532908	0.063198029367163
1.0063544879826023	0.06320785747202914
1.006232439383992	0.06321231480933326
1.006110411828351	0.06321653549295826
1.0059884057711606	0.06322051967771876
1.0058664216671618	0.06322426751925138
1.0057444599703533	0.0632277791740118
1.005622521133993	0.06323105479927157
1.0053787138519246	0.06323689859443578
1.0052568463090088	0.06323946708293457
1.005135003432123	0.06324180017911515
1.0050131856707971	0.06324389804428171
1.004891393473812	0.06324576084053563
1.0047696272891995	0.06324738873077244
1.0046478875642413	0.06324878187867866
1.004526174745468	0.06324994044872874
1.0044044892786583	0.06325086460618204
1.0042828316088377	0.06325155451707958
1.0041612021802777	0.06325201034824106
1.0040396014364963	0.06325223226726183
1.0039180298202552	0.06325222044250965
1.00379648777356	0.0632519750431218
1.0036749757376584	0.06325149623900181
1.0035534941530422	0.0632507842008166
1.0034320434594424	0.06324983909999318
1.0033106240958312	0.06324866110871583
1.0031892365004214	0.06324725039992282
1.0030678811106633	0.06324560714730348
1.0029465583632464	0.06324373152529517
1.0028252686940973	0.06324162370908003
1.002704012538379	0.06323928387458216
1.0025827903304918	0.06323671219846452
1.0024616025040693	0.06323390885812576
1.0023404494919814	0.0632308740316973
1.002219331726331	0.06322760789804031
1.0019772036589218	0.06322038242811545
1.0018561942175328	0.06321642345319108
1.0017352217433195	0.06321223389371906
1.001493389408704	0.06320316375170057
1.001372530402516	0.06319828353621416
1.001251710071934	0.06319317347029431
1.0010101871375314	0.0631822645290232
1.0005276240321088	0.06315769664084518
1.000407086292499	0.06315098284904196
1.0002865906082739	0.06314404070856365
1.0000457270811438	0.06312947214547722
0.9995645230748098	0.06309760327572385
0.9994443334663544	0.06308906807468784
0.9993241892433989	0.06308030607016892
0.9990840386042497	0.0630621024358442
0.9986043000611223	0.06302298219852966
0.9984743023429106	0.0630117484022289
0.9983443619564933	0.06300024949297688
0.9980846552543992	0.06297645736519446
0.9975659525998706	0.06292570312805551
0.9974364280103049	0.06291235567752897
0.9973069648750068	0.06289874519559506
0.9970482250077924	0.06287073619442006
0.9965315051099667	0.06281157348782172
0.996402486385234	0.06279612922510466
0.9962735331676074	0.06278042406630617
0.996015825259383	0.06274823214361845
0.9955012175299225	0.06268072950462239
0.9944753453330292	0.06253331072478252
0.9943474343148458	0.06251372503668969
0.9942195966999815	0.06249388287579072
0.9939641436160385	0.06245343026796786
0.9934541395208965	0.06236945987591478
0.9924378466208734	0.06218932273086498
0.9923111675516483	0.06216566783188883
0.9921845695023497	0.06214176107267989
0.9919316183294803	0.06209319315099619
0.9914267086872087	0.06199304797392979
0.9904209633058125	0.06178078706942465
0.990304019516351	0.061754995934516006
0.9901871526287607	0.061728989666835994
0.989953651018893	0.0616763327227585
0.9894875866322342	0.06156844815261488
0.9885592938758431	0.061342452285836464
0.986718686898103	0.060850007492967984
0.9866043810046004	0.060817456956877305
0.9864901632908197	0.060784699417009716
0.9862619937575774	0.06071856436935515
0.9858067277091234	0.06058382172733152
0.984900562532514	0.06030450516579467
0.9831062878487848	0.05970702296072169
0.982985625435145	0.0596646921349328
0.9828650789392449	0.059622128122009885
0.9826243352956422	0.05953630191952185
0.9821442565051488	0.05936186652452315
0.9811898208314258	0.05900194184622996
0.9793045259977962	0.05823850666875496
0.9791877655031342	0.05818888746816686
0.979071133160268	0.05813904634627966
0.9788382543878633	0.05803869977033355
0.9783740506432332	0.0578353593293687
0.9774519386523303	0.05741816986310144
0.9756335251245862	0.05654240500747435
0.9755230968641669	0.05648689908833639
0.9754128028594423	0.05643119045679339
0.9751926188721259	0.0563191664438649
0.9747538757192148	0.056092701141868616
0.97388295778734	0.055630179387142285
0.9721679357793878	0.0546673974000582
0.9720619548679695	0.05460557764932324
0.9719561178045732	0.05454356637609635
0.9717448763604118	0.054418970671787734
0.9713241321230393	0.05416749650672684
0.9704896608765979	0.053655496259561605
0.9688492765984963	0.052595922543570504
0.9687548537415829	0.052532722448282394
0.9686605635354342	0.05246936561205553
0.9684723819098175	0.052342182871293275
0.968097619610646	0.052085949201284364
0.9673545447356302	0.05156607382994925
0.9658945528518776	0.050497209357460944
0.9658044752636389	0.05042913694952344
0.9657145366980395	0.05036091705920974
0.9655350773904248	0.05022403599104118
0.9651778353258386	0.04994851682279918
0.9644700989526681	0.04939051531921629
0.9630819418007105	0.048247179475453386
0.9629891735102278	0.0481683787745327
0.9628965755542178	0.04808941552830479
0.9627118915148712	0.04793100288040426
0.9623445769683834	0.047612243325371145
0.9616182096919307	0.04696707006347826
0.9601988937395206	0.04564676966680961
0.9574967488002565	0.042891646696331
0.9574207107494338	0.042809085804350125
0.957344831911823	0.04272640385513687
0.9571935524334051	0.04256067797885359
0.9568929101357124	0.04222778666838586
0.9562993227317154	0.041556312592279605
0.9551431744943496	0.04019113196088114
0.9550722979516868	0.04010484496796143
0.9550015848385774	0.0400184464370425
0.9548606493957915	0.03984531594645575
0.9545807450811522	0.03949772954284957
0.954028829843173	0.03879732132272816
0.952956783644036	0.03737609239749317
0.9528857221660932	0.037278880841463385
0.9528148569716877	0.037181549442567054
0.9526737159890792	0.03698652861109309
0.9523937955044043	0.03659506527131431
0.9518434308059909	0.03580653544864718
0.9507808414592294	0.034207730135606455
0.9507161271104203	0.034106868403447316
0.9506516132056	0.034005898729436254
0.9505231872100408	0.03380363703528713
0.9502687458193543	0.033397834611487195
0.9497695317360184	0.03258119630861176
0.9488099815465311	0.030928445680973162
0.948752797206005	0.030826209494122188
0.9486958095410705	0.03072388060299437
0.9485824246304321	0.030518946092696692
0.9483580192070651	0.030107979846840906
0.9479186873301426	0.029281735850254204
0.9470781043439288	0.02761261942570219
0.9470272600614571	0.027507587846209307
0.9469766153712215	0.02740247458336503
0.9468759251022486	0.02719200437741947
0.9466769433297136	0.026770098826629066
0.9462885930425187	0.02592250373014029
0.9455504854127219	0.024212788517114794
0.9455090414974952	0.024112525846522067
0.9454677734372054	0.024012201555326573
0.9453857651102348	0.023811369211653742
0.9452238612154246	0.023408977178272884
0.944908516888285	0.022601345251729386
0.9443117775204517	0.020975181077899845
0.9442759878958434	0.020873082623023707
0.9442403758122743	0.020770931312664255
0.9441696844596603	0.020566471215929593
0.9440304343366291	0.02015692874725133
0.9437604747772896	0.019335415677829544
0.9432547975588217	0.017683163790760226
0.9432221863383476	0.017570778247139526
0.9431897854639519	0.017458340811391932
0.9431256149525782	0.017233311641698335
0.9429998002533503	0.01678264575173357
0.9427582868353405	0.015878960832606002
0.9427290469352081	0.015765786313152702
0.942700018135893	0.015652565404034074
0.9426425940158623	0.015425985789409999
0.9425302809034364	0.014972284978260832
0.9423158045998168	0.014062793789648202
0.9422899474106659	0.01394891817078745
0.9422643019862018	0.013835001643363098
0.9422136465851335	0.013607047230381182
0.9421148786317926	0.013150662540643104
0.9419275222921359	0.01223606619546958
0.9415935887094112	0.010400176633474015
0.9415757834097293	0.01029279177728467
0.9415581636383107	0.010185380748104484
0.9415234807706034	0.009970481277009755
0.9414563423541471	0.009540380425179509
0.9413309795364412	0.008679032978911662
0.9413161452676813	0.008571262520127307
0.9413014968598159	0.008463470308583939
0.9412727577013116	0.00824782173093426
0.9412175105213406	0.007816275681399523
0.9411159445700721	0.006952249768954959
0.9411040861828002	0.006844164359251605
0.9410924139263722	0.00673606160773413
0.9410696278650618	0.006519805180895715
0.9410262899482429	0.006087096341893668
0.9410159210090323	0.005978879907773282
0.9410057383124422	0.005870648334394647
0.9409859316984568	0.005654140870636128
0.9409485539331884	0.005220956379146429
0.9409396752825496	0.005112626535174842
0.9409309829709814	0.005004283752864109
0.9409141574087515	0.004787560473249376
0.9408827428204553	0.004353970753039002
0.9408753551765892	0.004245545101503293
0.940868153953002	0.004137108711144217
0.9408543108027615	0.00392020481334812
0.9408288619294263	0.003486280244219638
0.9408230798772662	0.0033799072045250927
0.9408174770589536	0.003273525951303573
0.9408068091507832	0.0030607398396852266
0.9408017440738367	0.0029543354989591043
0.9407968582565608	0.002847923980048239
0.9407876244244476	0.0026350804428813537
0.9407832764207806	0.0025286489422019637
0.9407791076991231	0.0024222112984919513
0.940771308121786	0.0022093186170195054
0.9407676772755365	0.0021028640967531258
0.9407642257301582	0.0019964044684490584
0.9407578605584855	0.0017834709226247998
0.9407549469398845	0.0016769975225336227
0.9407522126375408	0.0015705200492636584
0.940749657654758	0.0014640387615118264
0.940747281994624	0.0013575539179688108
0.9407450856600085	0.0012510657773194553
0.9407430686535654	0.0011445745982431924
0.9407412309777307	0.0010380806394144626
0.9407395726347246	0.0009315841595031187
0.9407380936265507	0.0008250854171749222
0.9407367939549949	0.0007185846710919173
0.9407356736216276	0.0006120821799128088
0.9407347326278012	0.0005055782022934585
0.9407339709746527	0.0003990729968872872
0.9407333886631021	0.00029256682234569834
0.9407329856938521	0.00018605993731850306
0.9407327620673899	0.00007955260045432077
0.9407327177839854	-0.000026954929598922134
0.9407328528436917	-0.00013346239419361654
0.9407331672463463	-0.00023996953468209548
0.9407336609915691	-0.0003464760924161344
0.9407343340787644	-0.00045298180874655197
0.9407351865071183	-0.0005594864250227836
0.9407362182756017	-0.000665989682592458
0.9407374293829689	-0.0007724913228009972
0.9407388198277568	-0.0008789910869911157
0.9407403896082858	-0.0009854887165024473
0.9407421387226597	-0.001091983952671168
0.9407440671687656	-0.0011984765368294994
0.9407461749442745	-0.0013049662103053075
0.940748462046639	-0.0014114527144216764
0.9407535742206675	-0.0016244151798420236
0.9407563992861543	-0.0017308906237644551
0.940759403666143	-0.0018373618635634814
0.9407659503548865	-0.0020502906959553673
0.9407694926557285	-0.0021567477711114777
0.9407732142552471	-0.0022631996072698633
0.9407811953320983	-0.0024760865276284108
0.940785454799781	-0.00258252109432307
0.9407898935468393	-0.002688949387008127
0.9407993088573903	-0.0029017861152283208
0.9408202905801993	-0.0033273728965974485
0.9408264754783143	-0.0034427759624248316
0.9408328713126161	-0.0035581691816618417
0.9408462957530183	-0.0037889247582435677
0.9408756754467559	-0.00425030320785797
0.9408835475622152	-0.004365618245110427
0.9408916305324713	-0.004480920790985526
0.9409084289909216	-0.004711487085779984
0.9409445556373934	-0.005172455226365088
0.9409541142511697	-0.005287661071581784
0.940963883618933	-0.005402851779098136
0.9409840545602306	-0.0056331864573429275
0.941026924855462	-0.006093659599177917
0.9411227755556898	-0.007013746857134611
0.9411357043853199	-0.007128670771706941
0.9411488437086308	-0.007243574250047816
0.941175753760445	-0.007473318572145667
0.9412320989365573	-0.007932547394535909
0.9413548849314272	-0.008849891449042194
0.9413711792199226	-0.008964448585208121
0.9413876836626341	-0.00907897997666797
0.9414213229148939	-0.009307964196755062
0.9414911221984276	-0.009765609081816933
0.9416407981090966	-0.01067953015794968
0.9416591323412792	-0.010786013777986261
0.9416776492232507	-0.010892470363775919
0.9417152308422857	-0.01110530135003152
0.9417925848271212	-0.011530627000670323
0.9419560501891966	-0.012379872331304954
0.9419773038599584	-0.012485890901753916
0.9419987397749501	-0.012591878102274617
0.9420421582275829	-0.012803757307922789
0.9421311808391951	-0.013227127335537799
0.9423179624031521	-0.014072252995400197
0.9423421285476498	-0.014177737051281506
0.9423664764671008	-0.014283185388728794
0.9424157175046853	-0.014493973819292167
0.9425163794770048	-0.014915110076704603
0.9427264156135312	-0.015755559116792803
0.9431812739858938	-0.01742867400919307
0.9432137598245321	-0.017541611681010837
0.9432464578471469	-0.01765449710070525
0.9433124902406806	-0.01788010978710894
0.9434470989746453	-0.01833069276642029
0.9437264803433536	-0.019229210818625306
0.9443257984618015	-0.021015027320204008
0.944365047104596	-0.021126119276254435
0.9444045061162365	-0.0212371477594912
0.9444840549930048	-0.021459012898069712
0.9446456743666638	-0.02190196599145136
0.9449789849042787	-0.022784684374298158
0.9456857701055468	-0.024536735884269897
0.9457308765359951	-0.024643634283229895
0.945776183581784	-0.02475046059222026
0.9458673992296481	-0.024963895593016077
0.9460522346998286	-0.025389885688808185
0.9464315055916597	-0.026238270668191458
0.947228307673181	-0.027920053567930796
0.9472797958892626	-0.028024477489716867
0.9473314822018262	-0.028128818488980627
0.947435448773203	-0.028337250358278016
0.9476457552741671	-0.028753104041858362
0.9480758419253241	-0.029580694787151578
0.9489737455517905	-0.031218797015628984
0.9490276345128503	-0.03131356540416866
0.9490816932395723	-0.03140825214667873
0.949190319664646	-0.0315973795766683
0.9494096061037636	-0.03197464239298402
0.9498562946542242	-0.0327251371884597
0.9507819800488393	-0.03420950094732798
0.9508412594071458	-0.03430151773584944
0.9509007057494927	-0.03439344389985955
0.9510200990134159	-0.03457702322618461
0.9512608852262425	-0.03494308197009967
0.9517504350085332	-0.035670736535302554
0.9527612676089252	-0.03710768653332806
0.9528313033271335	-0.037204172778501805
0.9529015316788078	-0.0373005417548014
0.9530425657411388	-0.03749292644822268
0.9533269394793994	-0.037876272624243035
0.9539048783412033	-0.03863719064779513
0.955097265077835	-0.04013527605671404
0.9576258906048148	-0.043031195936533095
0.9577024929886281	-0.043113575442867896
0.957779254631163	-0.04319583235345749
0.9579332551216133	-0.043359977185968804
0.9582431608996025	-0.043686782483156834
0.9588705590108639	-0.04433438825538428
0.9601554332892785	-0.045605041028477684
0.9628432319230364	-0.04804378661405087
0.9629280125200245	-0.048116258025138935
0.9630129363519382	-0.04818859307180553
0.9631832130492358	-0.048332852931669675
0.9635254778478188	-0.048619723735696
0.9642168147573543	-0.049186805822744706
0.9656264038735858	-0.05029382106441746
0.9657156820551941	-0.050361787422182946
0.9658050978282369	-0.05042960829445658
0.9659843414049027	-0.05056481244314088
0.9663444714417395	-0.05083346238264052
0.9670712606445383	-0.05136366505705441
0.9685506083254068	-0.05239517184799396
0.96865216465707	-0.052463710185606104
0.968753875626888	-0.052532066480263595
0.9689577604319726	-0.05266823149144193
0.9693673741126552	-0.05293836106096171
0.9701939178989002	-0.053469737340607455
0.9718757805477791	-0.05449631142599031
0.9719821510121468	-0.054558845137169104
0.9720886672955413	-0.05462118526002157
0.9723021361572516	-0.05474528330569965
0.9727308108742037	-0.054991140559817256
0.9735950420234131	-0.05547341955101074
0.975350488671566	-0.056399596370823736
0.9754539447632004	-0.05645200253528077
0.9755575193251043	-0.05650423027524679
0.975765022819112	-0.05660814933478334
0.976181439962966	-0.05681383375318068
0.9770198556613756	-0.05721652377977833
0.9787185291102358	-0.057986679007983606
0.9788256436705348	-0.05803323423529824
0.9789328680172761	-0.05807960195248325
0.9791476449346419	-0.05817177373441873
0.9795785036744018	-0.05835385484696451
0.9804453762117462	-0.05870890473046243
0.9821992147356167	-0.05938205815369917
0.9823189894560195	-0.059425863473527275
0.9824388820513388	-0.059469438000640605
0.9826790192941478	-0.05955589328954666
0.9831606909198057	-0.059726019118685435
0.9841295332704082	-0.06005505463479443
0.9842511462372839	-0.06009512587642071
0.9843728706627788	-0.06013496082543914
0.9846166522473431	-0.06021392048604336
0.9851055347932841	-0.060368989366163146
0.9860884840072583	-0.06066764982925005
0.9862118304601802	-0.06070389985061534
0.9863352816747578	-0.06073990819617164
0.9865824966759023	-0.0608111985313931
0.9870781649129874	-0.06095086450814967
0.9880743569644395	-0.06121846397284515
0.990085369435293	-0.06170615069883238
0.9902034712465142	-0.061732634979706096
0.9903216520046196	-0.06175889952299413
0.9905582488502235	-0.061810768374998895
0.9910323732320071	-0.061911858015394595
0.9919842590180864	-0.06210338845737717
0.9921035781851847	-0.06212632654520619
0.9922229701541729	-0.06214904086616823
0.9924619709313628	-0.06219379721820682
0.9929408288290027	-0.06228061386773137
0.9939018811620973	-0.06244340824619989
0.994022317707464	-0.06246273667321499
0.994142820688572	-0.06248183743965444
0.9943840243361891	-0.06251935503708045
0.994867210971773	-0.06259164784672246
0.9949881676078808	-0.06260914834171329
0.9951091874135728	-0.06262641928394344
0.9953514148841843	-0.06266027157534353
0.9958366096671762	-0.06272521127652447
0.9959580600708776	-0.06274086883585869
0.9960795703226148	-0.0627562949887875
0.9963227686929887	-0.06278645216039445
0.9968098651124631	-0.06284397959684025
0.997786761629742	-0.06294783642521701
0.9979067197747422	-0.06295953280729556
0.9980267289078656	-0.06297100332453279
0.9982668985060539	-0.0629932659416298
0.9987478315586709	-0.0630350717817593
0.9988681861427073	-0.06304495551618733
0.9989885884293498	-0.06305461175660075
0.9992295344526145	-0.06307324095303052
0.9997119806498361	-0.06310776062857755
0.9998327052110467	-0.06311581882663346
0.9999534741386037	-0.06312364794311956
1.000195143409605	-0.06313861815029101
1.0003160429095022	-0.06314575885212675
1.0004369850886512	-0.0631526696946994
1.0006789957889408	-0.06316580103188357
1.000800063460232	-0.06317202114313537
1.0009211721110778	-0.06317801062841064
1.0011635106430865	-0.0631892969619727
1.0012847396681148	-0.06319459343248662
1.0014060079604297	-0.06319965852148439
1.001648660626027	-0.06320909380718018
1.0017700441369077	-0.0632134636317897
1.0018914651902724	-0.0632176013307122
1.0020129233529662	-0.06322150671970424
1.002134418191054	-0.06322517961524828
1.0022559492698218	-0.06322861983455572
1.0023775161537751	-0.06323182719556998
1.0024991184066423	-0.06323480151696965
1.0026207555913733	-0.06323754261817138
1.0027424272701415	-0.06324005031933318
1.0028641330043435	-0.0632423244413574
1.0029858723546003	-0.06324436480589386
1.003107644880759	-0.06324617123534299
1.003229450141891	-0.0632477435528588
1.0033512876962956	-0.06324908158235212
1.0034731571014988	-0.06325018514849369
1.0035950579142547	-0.06325105407671718
1.003716989690547	-0.06325168819322245
1.0038389519855881	-0.06325208732497854
1.0039609443538218	-0.06325225129972682
1.0040829663489228	-0.06325217994598421
1.004205017523798	-0.06325187309304617
1.0043270974305873	-0.06325133057098994
1.0044492056206646	-0.06325055221067759
1.0045713416446385	-0.06324953784375924
1.004693505052353	-0.06324828730267615
1.0048156953928886	-0.06324680042066382
1.0049379122145636	-0.06324507703175526
1.0050601550649343	-0.06324311697078402
1.0051824234907962	-0.06324092007338743
1.005304717038185	-0.06323848617600962
1.005427035252378	-0.06323581511590486
1.0055493776778934	-0.06323290673114054
1.0056821092373447	-0.06322948349388922
1.0058148681630839	-0.06322578063298821
1.0059476538707972	-0.06322179794504633
1.0060804657751279	-0.0632175352278164
1.006213303289677	-0.06321299228020005
1.006346165827005	-0.06320816890225243
1.0066119636150483	-0.06319768006138023
1.0067448976856976	-0.06319201420437649
1.0068778544189974	-0.06318606712889285
1.0071438335020486	-0.06317332854724561
1.0076760374758584	-0.06314446830102224
1.0078091361968453	-0.0631365473277616
1.0079422528107886	-0.06312834361654653
1.0082085373132788	-0.06311108724341895
1.0087412945300038	-0.06307317360515902
1.0088745195151139	-0.0630629856305709
1.0090077575583312	-0.06305251347636562
1.0092742703825284	-0.06303071593190672
1.0098074258701426	-0.0629837030892033
1.009940738215311	-0.06297123685933842
1.0100740587195673	-0.06295848508847199
1.010340721737013	-0.06293212426741114
1.010874118474355	-0.0628759689866649
1.011007478765863	-0.06286121389845781
1.0111408422543449	-0.06284617199061773
1.0114075763226908	-0.06281522710182755
1.0119410552742036	-0.06274988880745055
1.0120744235975878	-0.0627328349285347
1.0122077900939013	-0.06271549303658669
1.0124745150751753	-0.0626799446427359
1.0130079152285234	-0.06260538549649904
1.01407437340304	-0.062442387592555826
1.0141987487954782	-0.06242216394425547
1.0143231137241038	-0.062401687578017645
1.0145718100852148	-0.062359976300601
1.0150690540517666	-0.06227351688999745
1.0160628282258393	-0.0620884301752181
1.0161869726973745	-0.06206415189623446
1.0163110982080974	-0.062039619464519774
1.0165592901996714	-0.06198979182397539
1.0170554229950726	-0.0618870832669139
1.0180465627517872	-0.06166943669198909
1.0181703390875327	-0.06164108302062489
1.0182940877987556	-0.06161247405686039
1.0185415001598421	-0.0615544900088827
1.0190359692880337	-0.06143545579635001
1.020023361876977	-0.06118511085494526
1.021990970228901	-0.06063523523359867
1.0221238452651338	-0.060595618650489236
1.022256666918233	-0.06055570069523293
1.0225221471981962	-0.060474960565273184
1.0230524354755501	-0.06030986280835617
1.0241101608946799	-0.059965193893119606
1.026212902205567	-0.05921796018295609
1.026343708967511	-0.059168695858531566
1.0264744390066	-0.05911913024621931
1.026735665957733	-0.05901909529644772
1.0272571666117616	-0.058815411575947815
1.0282961885611122	-0.05839359915007477
1.0303569774488694	-0.057492303694470726
1.0304826280714214	-0.05743450075680471
1.0306081817094062	-0.057376409422364404
1.0308589951760092	-0.05725936193945641
1.0313594268634243	-0.05702181046062621
1.0323553489240733	-0.056532905040352806
1.0343261414047942	-0.05550009965859697
1.0344483329901328	-0.05543312420519062
1.0345704046094397	-0.05536586433043622
1.0348141850629424	-0.055230491948603265
1.035300274612699	-0.05495634119240974
1.0362664064508145	-0.05439445373254186
1.0381731854064915	-0.05321666708381651
1.0382832589352557	-0.05314579102659363
1.0383932079838731	-0.05307467273674462
1.0386127302930976	-0.05293171018803592
1.039050255329838	-0.05264288640688341
1.0399190957024385	-0.05205368700550829
1.041630888089092	-0.0508294458450437
1.041736687599066	-0.050750916558830836
1.041842343900032	-0.050672151663324706
1.0420532245446301	-0.05051391598201788
1.0424732417049385	-0.050194627713709736
1.043306169317239	-0.04954483818634198
1.0449425598776911	-0.048200866498464626
1.045051990057988	-0.048107666362958
1.045161230049023	-0.04801419901705999
1.0453791365427532	-0.047826464161500264
1.0458126351641686	-0.04744780419635934
1.0466702121317508	-0.046677808396474965
1.048346391035148	-0.045087825510383005
1.0484493759679108	-0.044986267760297745
1.0485521476568227	-0.044884455665123585
1.0487570484699578	-0.04468007020215614
1.0491642600521214	-0.04426826665307374
1.0499681654798108	-0.04343263073052768
1.0515326572003836	-0.04171408771674232
1.0516221161820807	-0.041611897041559986
1.0517113699725906	-0.04150949791375664
1.0518892597744312	-0.04130407597146953
1.0522425528693888	-0.04089074913438932
1.0529390706151656	-0.04005425943898799
1.0542908652078509	-0.038342725097614785
1.0543734888572553	-0.03823407940045035
1.05445589011101	-0.03812523944882547
1.0546200233459688	-0.037906978669429006
1.0549455981850266	-0.03746814690927907
1.0555858659093469	-0.03658135039189464
1.0568219649343702	-0.034772109747059445
1.0568957414425517	-0.03465974487789498
1.0569692887041582	-0.034547208581799695
1.05711569365955	-0.03432162368152949
1.0574057325665973	-0.03386841853866927
1.0579746254840539	-0.03295397921092109
1.0590668807759263	-0.031093902067951918
1.0591331004241573	-0.03097630305541346
1.05919907678483	-0.030858549089957495
1.0593302979723445	-0.030622578452296455
1.0595898025877346	-0.030148801489193324
1.0600969689057052	-0.02919402704361404
1.061063213244622	-0.027256591501348456
1.0611263819810484	-0.027123913226352162
1.061189249350264	-0.026991073629106473
1.06131407808144	-0.026724913427320196
1.0615600982900888	-0.026190689804945964
1.062037485633935	-0.02511479756335186
1.062932843960503	-0.022934597878683106
1.062986142768251	-0.022797132189546064
1.0630391259940666	-0.022659529644342792
1.0631441440693445	-0.022383917147514705
1.0633503754273266	-0.021831084742123856
1.0637475305930981	-0.020719169198082844
1.0644799348674667	-0.01847178506571406
1.064520078075944	-0.018339801195633262
1.0645599361451705	-0.01820772072517107
1.0646387957845853	-0.0179432726908087
1.064793081602128	-0.01741324725315287
1.065087861238747	-0.016348831687477687
1.0651234107683325	-0.016215383916134064
1.0651586710502776	-0.016081850477910133
1.0652283229102122	-0.015814529364024214
1.065364145194021	-0.015278889574255073
1.0656218126693908	-0.01420377551175811
1.0656527064226289	-0.014069040387290692
1.0656833073071803	-0.013934230739837997
1.0657436296328642	-0.013664390688232723
1.0658607507588276	-0.013123847283581846
1.0660808545499671	-0.012039465647239312
1.066107038326226	-0.011903622888674494
1.0661329261130446	-0.011767716935181577
1.0661838130076824	-0.011495718298029704
1.066282027218426	-0.010950994118988902
1.0664641801151353	-0.009858798755152129
1.0664880805116557	-0.009706121046706442
1.066511608794042	-0.009553379005682835
1.0665575482099239	-0.009247705946725101
1.066644952978127	-0.008635632109363543
1.066665870971477	-0.00848246792293318
1.066686415320198	-0.008329247464910606
1.0667263823789555	-0.008022641778097245
1.0668018251870557	-0.007408799666464391
1.0668197492463978	-0.007255213647481587
1.0668372983346697	-0.00710157946174012
1.0668712709956973	-0.006794170654063667
1.0669347102197324	-0.0061788197740395515
1.0669496304520867	-0.006024876896891591
1.066964174592491	-0.005870893995417724
1.066992134098322	-0.005562812200505752
1.067043534697432	-0.004946213235911809
1.067055442858931	-0.004791978753734332
1.0670669740144376	-0.004637712420953835
1.067088904912096	-0.00432908829835793
1.0670993044646844	-0.004174732556859787
1.0671093266321596	-0.004020349061368191
1.06712823846844	-0.003711502908863086
1.0671371279737238	-0.003557042302884025
1.0671456397668548	-0.003402558044955373
1.0671615299254769	-0.003093522678591516
1.0671689081535347	-0.0029389736235073526
1.0671759083945755	-0.0027844050231506517
1.067188774676658	-0.0024752132960428105
1.0671946406063932	-0.0023205922245577793
1.0672001283265022	-0.0021659557183073483
1.0672052377895045	-0.002011304805422412
1.067209968951191	-0.0018566405142104463
1.0672143217706245	-0.0017019638731428492
1.0672182962101393	-0.0015472759108422862
1.0672218922353438	-0.0013925776560702843
1.0672251098151186	-0.0012378701377145037
1.0672279489216197	-0.0010831543847760038
1.067230409530277	-0.0009284314263567675
1.0672324916197957	-0.0007737022916472156
1.067234195172157	-0.0006189680099134695
1.0672355201726165	-0.0004642296104846091
1.0672364666097074	-0.00030948812274018565
1.0672370344752384	-0.00015474457609773195
1.067237223764295	-1.7575657663675054e-17