1.1162552396319096	0.
1.1162549426591801	0.0002500723583900966
1.1162540517438109	0.0005001430650892849
1.116252566894263	0.0007502104684304994
1.1162504881246365	0.0010002729167943578
1.116247815454671	0.0012503287586330032
1.1162445489097463	0.0015003763424939391
1.1162406885208804	0.0017504140170438679
1.116236234324729	0.00200044013109252
1.1162311863635856	0.0022504530336164823
1.1162255446853802	0.0025004510737830186
1.1162193093436774	0.002750432600973889
1.1162124803976767	0.003000395964809154
1.11620505791221	0.0032503395151709837
1.116197041957741	0.003500261602227448
1.116179229951798	0.004000034788668769
1.116169434069395	0.004249882590033296
1.1161590450561265	0.004499702332099315
1.1161364880369975	0.004999251046580942
1.116124320245188	0.005248976724213973
1.1161115597506113	0.0054986677530307684
1.116084261143022	0.005997939279979925
1.116069723288968	0.006247516487326209
1.1160545932500574	0.006497052464331397
1.116022557197228	0.006995994152116832
1.1159513855618481	0.007993310472292604
1.1159321145600078	0.008242511842419985
1.1159122526778278	0.00849165884918487
1.1158707570307704	0.00898978322002001
1.1157806838258233	0.009985307569103036
1.1157566913621662	0.010234028205207392
1.1157321096793993	0.010482681394997874
1.1156811795925772	0.01097977891162204
1.115572259395658	0.011973092881813144
1.115543560002192	0.01222122832955296
1.1155142734052774	0.012469283310049291
1.1154539397135792	0.0129651453798304
1.1153262384330949	0.013955832595379454
1.1150427696279372	0.01593269752646574
1.1150014834399573	0.016200093852306252
1.1149595131191474	0.016467365113336106
1.1148735219440402	0.017001524283815673
1.1146933509302355	0.018068252239638788
1.1143003682083465	0.020194892687587056
1.114248195760154	0.020460044451968605
1.1141953474939488	0.020725038788710157
1.114087625841676	0.021254547174878433
1.113864098800341	0.02231158691765713
1.1133848497229228	0.024417313584869857
1.1133219380105024	0.024679707840081624
1.1132583606456843	0.024941912975783857
1.113129211747405	0.025465748069816167
1.1128629571852307	0.026511062994857244
1.112298786059073	0.02859183812092794
1.1110452073709933	0.03271054665762713
1.1109669489305105	0.032949019380633694
1.110888132419317	0.03318727426008303
1.1107288281475345	0.033663124498269845
1.110403555614679	0.03461214513556095
1.1097265266528902	0.0364991356644113
1.108267972202825	0.04022630669369851
1.108172245621741	0.04045708125367772
1.1080759869449024	0.04068759164706703
1.1078818768509515	0.04114781437538779
1.107487310769895	0.04206502889225175
1.1066729991151443	0.04388622763376947
1.1049453455212823	0.04747330275130149
1.1048352593573698	0.04769060791278055
1.104724690945319	0.04790761823148949
1.1045021112003544	0.04834074956926508
1.104051206981383	0.04920342185921846
1.1031266380575964	0.05091414261411051
1.101188248917984	0.05427504284136055
1.10106322074039	0.05448234004868005
1.1009377424737765	0.05468930613877675
1.1006854398958983	0.05510224070020919
1.1001754802749764	0.05592408970768513
1.0991343831781404	0.05755147359851172
1.09696943280147	0.06073917154266919
1.0968187468486101	0.06095197598779068
1.0966675726437929	0.061164352934773326
1.0963637652807001	0.06158781957651532
1.0957503555267882	0.0624295708797217
1.0945006846575158	0.06409208681098466
1.0919126044415852	0.0673311827045318
1.091747027641684	0.06752974621215667
1.0915810103549881	0.06772784708971732
1.0912476604561165	0.06812265696891155
1.0905757424186453	0.06890668166491998
1.0892113795737342	0.0704521354649264
1.086403341032881	0.07345102007239104
1.0862363899438159	0.0736220978087443
1.0860690986378814	0.07379274747255625
1.085733500537642	0.07413275997581216
1.0850582785711724	0.07480761969645168
1.0836920218000012	0.07613653796406965
1.0808985887469915	0.07871011139974972
1.0807213947195324	0.07886718985954093
1.080543902140033	0.07902382163765818
1.0801880265700667	0.07933574312881289
1.0794727505208785	0.07995420396371992
1.0780283928924415	0.08116948973490172
1.075086810591643	0.08351271940212429
1.074885122319612	0.08366718947842047
1.0746831329203115	0.08382111849893589
1.0742782574278067	0.08412735152943213
1.0734649664655254	0.0847333049815503
1.0718245986991104	0.08591906592325234
1.0684917052629115	0.08818531895870567
1.0682812080136959	0.08832227534877994
1.0680704628871054	0.08845867881435751
1.0676482356069217	0.08872982587527317
1.066800879116691	0.08926547315394187
1.0650949269203054	0.0903101261315228
1.061640997248748	0.0922925060374215
1.0614273518100625	0.0924094916072834
1.0612135177832842	0.09252593836947966
1.0607852900552843	0.09275721508944136
1.059926638444403	0.09321329891094843
1.0582008896138235	0.09409957287769587
1.0547182989933204	0.09576848735751683
1.0544993659650432	0.09586820660767137
1.0542802922489911	0.09596738628281128
1.0538417286181643	0.0961641271154282
1.0529629775015859	0.09655113640513842
1.0511993056498619	0.0972992826547919
1.04764986134933	0.0986922797237287
1.0474421150080964	0.09876925098004352
1.0472342860955839	0.09884575597195966
1.0468183850905866	0.09899736775762406
1.0459856419970945	0.0992950028649879
1.0443166430386683	0.09986795627626308
1.0441077106112873	0.09993748668619357
1.0438987135365116	0.10000655354559355
1.0434805298606509	0.1001432973898842
1.0426434352081935	0.10041123117350868
1.0409665815207496	0.10092493013801812
1.0407567461944265	0.10098706849027848
1.0405468636606938	0.10104874671333232
1.0401269612624753	0.10117072371949039
1.0392866370716043	0.10140916674914452
1.0376041488508687	0.10186406521643523
1.0342336875228906	0.10268639550213017
1.0340050783844337	0.10273792936538649
1.033776453036022	0.10278893254919225
1.033319158842568	0.10288934847951767
1.0324044322364256	0.10308382996891748
1.0305747097916391	0.10344748499786172
1.0303459937195358	0.10349057761356442
1.0301172816257094	0.10353314629977857
1.0296598743150704	0.10361671367245483
1.028745161627698	0.10377758109548231
1.0269164168440073	0.1040743503572989
1.0266879110815723	0.10410911521510005
1.0264594287135855	0.10414336361355457
1.026002538907996	0.10421031299206647
1.0250890920752809	0.10433803593423534
1.024860806546849	0.10436868295800883
1.0246325538268493	0.10439881750681747
1.024176151460483	0.1044575512184912
1.0232637913872396	0.10456889150486498
1.0230358007128548	0.10459545311862263
1.0228078520630097	0.10462150639712788
1.022352085386023	0.10467209006260757
1.0214411061922597	0.10476718075418139
1.021213483405334	0.10478969059643878
1.0209859116601996	0.10481169639046847
1.0205309257447335	0.10485419801937311
1.0196216151842776	0.10493317685953184
1.0194095252824487	0.10495045644760587
1.019197487486485	0.10496730057110074
1.0187735717521598	0.10499968425658768
1.0185616955778665	0.10501522473856752
1.018349875037575	0.10503033159592248
1.0179264043610152	0.10505924629353397
1.0177147559698192	0.10507305506594307
1.0175031667027687	0.10508643207801147
1.017080169005124	0.1051118927017681
1.0162349210707842	0.10515765359387956
1.016023769804507	0.10516802151926001
1.0158126845286632	0.10517796148316899
1.015390715336302	0.10519655945294364
1.0151798331078634	0.1052052184254475
1.0149690202460162	0.10521345136973577
1.0145476059721499	0.10522864112191231
1.0143370062292276	0.10523559890727456
1.014126479191091	0.10524213261934885
1.0139160256863604	0.10524824275017709
1.013705646541286	0.10525392979310505
1.0134953425797482	0.10525919424277223
1.0132851146232589	0.10526403659510188
1.0130749634909622	0.10526845734729104
1.0128648899996338	0.10527245699780045
1.012654894963684	0.10527603604634471
1.0124449791951562	0.10527919499388232
1.0122351435037298	0.1052819343426057
1.01202538869672	0.10528425459593156
1.0118157155790788	0.10528615625849072
1.0116061249533959	0.10528763983611857
1.0113966176199007	0.1052887058358452
1.0111871943764617	0.1052893547658855
1.0109778560185887	0.10528958713562962
1.0107686033394343	0.10528940345563319
1.010559437129793	0.10528880423760746
1.0103503581781057	0.10528778999440999
1.0101413672704571	0.10528636124003475
1.00993246519058	0.10528451848960252
1.0097236527198554	0.10528226225935147
1.0095149306373132	0.10527959306662749
1.0093062997196347	0.10527651142987468
1.0090977607411535	0.10527301786862589
1.0088893144738564	0.1052691129034932
1.0086809616873862	0.10526479705615858
1.0084727031490417	0.10526007084936437
1.0082645396237797	0.10525493480690389
1.0078485006606333	0.1052434353153565
1.0076406267409672	0.1052370729190273
1.0074328508708257	0.10523030279252868
1.0070175962898702	0.10521554146565293
1.0068101190786054	0.10520755132606972
1.006602742915966	0.10519915557788648
1.006188296710056	0.10518114938801756
1.005985300668586	0.10517173294594027
1.005782404571705	0.1051619287404867
1.005376914978447	0.10514115906245844
1.00517432286009	0.10513019460351054
1.0049718334423647	0.1051188444084236
1.004567165441353	0.10509498884625199
1.0043649882190069	0.10508248449941897
1.0041629164191777	0.10506959645693438
1.0037590917855372	0.1050426713343267
1.002952737152694	0.1049842393274638
1.0027514220957545	0.10496867979869774
1.0025502178031216	0.10495274069296268
1.0021481441414775	0.10491972582417876
1.0013453548096278	0.1048491640127077
0.9997453527238638	0.10469002911941505
0.9995458877033591	0.10466845893755858
0.9993465437266249	0.10464651755299809
0.9989482214013504	0.10460152329203004
0.9981530566259158	0.10450710365004884
0.9965687837436105	0.10430065914757612
0.9963713292369386	0.10427321351805367
0.996174005522779	0.10424540521706566
0.9957797528376352	0.10418870275214193
0.9949928428861063	0.10407096945780281
0.9934255345330822	0.10381831049860141
0.9932136481496608	0.1037822897941853
0.9930019266607449	0.10374585238770691
0.9925789812226357	0.10367173025284852
0.99173510034535	0.10351851621477463
0.99005553501855	0.10319236563225814
0.9898463711876957	0.1031497614879399
0.9896373833605313	0.10310675183506998
0.9892199384002389	0.10301951881730666
0.9883871898875626	0.10284021765000753
0.9867304053263304	0.10246243280846555
0.9865241366397947	0.10241342512262167
0.9863180543824178	0.10236402322211997
0.9859064516700323	0.10226403961086819
0.9850855109146397	0.10205937299659935
0.9834528256101505	0.10163140117005286
0.9802253061077805	0.10070217701487426
0.9800386795851023	0.10064501824946573
0.9798522317873729	0.10058753602677775
0.9794798741512264	0.10047160352398413
0.9787373231056313	0.10023588248931997
0.9772609755205675	0.0997491458899586
0.9743440552572421	0.09871553056941629
0.9741633605430847	0.09864830797934171
0.9739828579609312	0.0985807804229952
0.9736224307522615	0.09844481271625001
0.9729038989805678	0.09816924305140634
0.971476211201964	0.09760369557685451
0.9686589980790735	0.09641599639066561
0.9684700061449898	0.09633284699122721
0.9682812537128599	0.09624936087587332
0.9679044690756164	0.0960813813985889
0.9671537926379041	0.09574141374484227
0.965664104766171	0.09504560560843951
0.9627321104631565	0.09359178809759366
0.962550985908676	0.09349822156508297
0.9623701136142399	0.09340434132117292
0.9620091272660802	0.09321564254337107
0.9612901976489533	0.09283451170829154
0.9598645900634833	0.09205747551753633
0.9570629911005131	0.09044556638574854
0.9568932697882248	0.09034420187759279
0.9567238019734218	0.09024255668320388
0.9563856279968644	0.09003842685757532
0.955712334690631	0.08962682777920983
0.9543780296166677	0.08879041797974874
0.9517590284804376	0.08706591218459271
0.9467230080852376	0.08341930255096167
0.9465803338904065	0.08330923206484697
0.94643789373188	0.08319895280746772
0.9461537161695827	0.0829777699712519
0.9455881765321045	0.08253292092959952
0.9444683941679971	0.08163340025396189
0.9422742845676044	0.07979594837705144
0.9380698398206132	0.07597432398914428
0.937931664659139	0.07584150599805595
0.9377937749253221	0.075708478682276
0.9375188522916738	0.07544179843917721
0.9369724381615634	0.07490595200130924
0.9358933640354077	0.07382444662562493
0.9337904562041285	0.07162322594364796
0.9298072008864235	0.06707609973181435
0.9296954962923408	0.0669407135731841
0.9295840464593503	0.06680517661160232
0.929361911346801	0.06653365204150816
0.9289207011962226	0.06598881261522273
0.9280505356327295	0.06489207055511849
0.9263593320594046	0.0626711095318399
0.9262558107912674	0.0625311134258559
0.926152546194042	0.06239098033752065
0.9259467872185031	0.062110304904113275
0.9255383515609344	0.06154732881191815
0.9247338203889927	0.06041496968085941
0.9231742006042409	0.058125368016147566
0.9230709647280119	0.05796914088193384
0.9229680319111491	0.05781276852021345
0.9227630756498234	0.0574995901772461
0.9223568019480667	0.056871513414058925
0.9215588200557281	0.055608594187922196
0.9200211936567745	0.05305660037332354
0.9199276773926375	0.052895978353235173
0.919834465506499	0.052735227266816544
0.9196489550030532	0.05241333986917964
0.9192815879924543	0.051768037956731905
0.9185614769892589	0.05047143536415039
0.9171797982100497	0.04785510397655068
0.9170975592204266	0.047693589775530065
0.9170156144860752	0.04753196607460924
0.9168526078666628	0.047208391963834154
0.9165301265929215	0.046559949410192245
0.9158992962094523	0.0452579865323444
0.9146941948930398	0.04263453875988578
0.9146213810805734	0.04246973993092421
0.9145488620588481	0.04230484565945841
0.9144047084380458	0.04197477251055355
0.9141199392277319	0.04131349981106872
0.9135645554794033	0.03998654455973436
0.9125104243663082	0.037315754062929925
0.9124512921255932	0.037159362861167514
0.9123924167096331	0.037002900347497834
0.912275436373326	0.03668976273222332
0.9120445578259785	0.03606264656536018
0.9115951302789973	0.03480512552727176
0.9107456003188613	0.032277524555979265
0.9106946885847775	0.03211901689399231
0.9106440337941062	0.03196044854231036
0.9105434950515326	0.03164313107665919
0.9103455009767081	0.031007782227220077
0.9099618468459107	0.029734301659153015
0.9092438767371646	0.027176787677040033
0.909197604894381	0.027002998711138967
0.9091516351300462	0.026829150562577196
0.9090606018369701	0.026481278337977688
0.9088821601912032	0.025784841503133798
0.9085397765930928	0.024389288601590075
0.9084983379794155	0.024214601148632154
0.9084572014380559	0.024039860956071
0.9083758345688482	0.02369022395155963
0.9082167256578072	0.022990334643624762
0.9079130068962701	0.021588184007740915
0.9078764013135033	0.021412700542890118
0.9078400977844555	0.021237170701272633
0.907768396881621	0.020885973468351554
0.9076286196541412	0.020183039852766607
0.9073635631481546	0.01877510419128573
0.906891438768007	0.015951661111000787
0.9068662758540449	0.015786615789717618
0.9068413761996917	0.015621540933629762
0.9067923666635351	0.015291303878605639
0.9066975066374956	0.014630489219573644
0.9065204224207764	0.01330756816095423
0.9064994714730685	0.013142088050936529
0.9064787837601241	0.012976583435386014
0.9064381980324862	0.012645501940181757
0.9063601853283966	0.011983058653734651
0.9062167945983932	0.010657120877664236
0.9062000552305842	0.010491286188953031
0.9061835790745119	0.010325431990721704
0.9061514163922381	0.009993666310792583
0.9060902495105995	0.009329914527097596
0.9060756158000189	0.009163932472992282
0.906061245290881	0.008997933396990444
0.9060332938720836	0.008665885421318884
0.9059805493994232	0.008001598864560363
0.9059680212672868	0.00783548932518553
0.9059557563273493	0.007669365245733954
0.9059320160197935	0.007337074705969514
0.9058876936651065	0.006672332774418282
0.9058772710415757	0.006506115586406891
0.9058671116022001	0.00633988633517475
0.9058475822722779	0.0060073928801847865
0.905811681783475	0.0053422748166361686
0.905803525403935	0.00517923568791416
0.9057956219670446	0.005016187335843471
0.9057805739184354	0.004690064125631508
0.9057734293053816	0.004526989849364806
0.905766537632307	0.004363907513501506
0.905753513103657	0.00403771982626826
0.905747380246916	0.0038746150564415906
0.9057415003278241	0.0037115033901079083
0.9057304993004933	0.003385260530605608
0.9057253781912639	0.0032221299186967066
0.9057205100177007	0.0030589935728031715
0.9057115324758352	0.0027327048412468962
0.9057074231067189	0.002569553036608048
0.9057035666716422	0.0024063966600353782
0.9056999631702543	0.0022432360019790367
0.9056966126022272	0.0020800713528671996
0.905693514967256	0.0019169030031075164
0.9056906702650582	0.001753731243088607
0.9056880784953736	0.0015905563631815516
0.9056857396579664	0.0014273786537413505
0.9056836537526225	0.001264198405108524
0.9056818207791507	0.0011010159076105335
0.9056802407373837	0.0009378314515631984
0.9056789136271772	0.0007746453272723026
0.9056778394484089	0.0006114578250350481
0.9056770182009809	0.0004482692351415508
0.9056764498848178	0.0002850798478763305
0.9056761344998674	0.0001218899535197687
0.9056760720461009	-0.000041300157650286076
0.9056762625235126	-0.00020449019535710039
0.90567670593212	-0.000367679869323639
0.9056774022719636	-0.0005308688892709573
0.9056783515431074	-0.000694056964916747
0.9056795537456381	-0.0008572438059738425
0.9056810088796658	-0.0010204291221487275
0.9056827169453244	-0.0011836126231400813
0.9056846779427694	-0.0013467940186371694
0.9056868918721808	-0.0015099730183184298
0.9056893587337606	-0.0016731493318500514
0.9056920785277344	-0.0018363226688843726
0.9056950512543503	-0.0019994927390584224
0.90569827691388	-0.0021626592519924286
0.9057054870328777	-0.0024889804445282987
0.9057094714930016	-0.002652134543273177
0.9057137088873516	-0.002815283923061023
0.9057229424802882	-0.0031415673637953017
0.9057279386797109	-0.003304700843690637
0.9057331878150319	-0.003467828442523802
0.9057444448952833	-0.003794064834579332
0.9057504528412277	-0.003957173046508739
0.9057567137250965	-0.004120274214787029
0.9057699943088738	-0.004446454257416682
0.9057995907576534	-0.0050987170239582295
0.9058083153522664	-0.0052755949115651435
0.9058173376365887	-0.005452461741736322
0.9058362752781294	-0.005806160743119049
0.9058777228807476	-0.0065134096994869375
0.9058888290207818	-0.006690188717500488
0.9059002328587821	-0.006866953702852348
0.9059239336333195	-0.007220440086439787
0.9059749076104455	-0.007927228076233556
0.9059883953679259	-0.008103884404615645
0.906002180833305	-0.00828052371968655
0.9060306448931864	-0.008633749817711837
0.9060911455687011	-0.009339981434017017
0.9062264374747724	-0.010751478641450707
0.9062446887329315	-0.01092781793172055
0.9062632377231418	-0.011104134226532808
0.9063012289064064	-0.011456696329783316
0.9063807841320063	-0.01216152808278677
0.906554186412436	-0.013569937584890161
0.9065772015915445	-0.013745863869274861
0.9066005145309963	-0.013921761140650447
0.9066480336983535	-0.014273467134276824
0.9067466452391757	-0.014976514344363763
0.90695816156661	-0.01638106485484693
0.9069840760712895	-0.016544764108360442
0.9070102499081292	-0.01670843283871608
0.9070633755843767	-0.017035677492761952
0.9071727389895122	-0.01768978690479824
0.9074039143440514	-0.01899641664953566
0.9074339783428487	-0.01915959032909445
0.9074643016973882	-0.01932272851728761
0.9075257264792425	-0.019648897171368713
0.9076516883721145	-0.02030079484241085
0.9079160617652768	-0.02160276149203637
0.9079502756140766	-0.02176532976268006
0.9079847488388749	-0.02192785752681003
0.9080544734208144	-0.02225279027472045
0.9081970351430734	-0.022902155811664167
0.9084946090297451	-0.024198816168774864
0.9091395597999594	-0.026783283935667965
0.9091856491645062	-0.026957900027583838
0.9092320432281393	-0.02713245652949055
0.9093257454520653	-0.027481389119880777
0.9095168062783006	-0.028178521123107342
0.9099135533132732	-0.029569759921093314
0.9107655467018546	-0.03233939159390729
0.9108213859654741	-0.03251189522015103
0.910877529881253	-0.0326843259241959
0.9109907316565221	-0.03302896687218282
0.911220790885653	-0.033717355049158605
0.9116955311802012	-0.03509046113196009
0.9127034902098138	-0.03782122300937547
0.912767876056549	-0.03798807904248671
0.9128325553696637	-0.03815485153020838
0.9129627943647871	-0.038488144211280745
0.9132267936093204	-0.0391537087626632
0.9137688751967168	-0.04048066116318629
0.9149093528742148	-0.043117105038862936
0.9149831250083788	-0.04328107971095701
0.9150571902748661	-0.04344495733834724
0.9152062001489578	-0.0437724197382018
0.9155077368573997	-0.04442616104335628
0.9161248746772404	-0.04572881263466572
0.917415376963209	-0.04831400819801391
0.9174929182062853	-0.048463856477932464
0.9175707139690025	-0.04861360815386513
0.9177270689800766	-0.04891282024093788
0.9180428324186127	-0.049510069161708026
0.9186865685488729	-0.050699784067591284
0.9200228391221088	-0.0530594207692977
0.9201085147092382	-0.05320599543104177
0.9201944441064199	-0.053352461648780554
0.9203670642239526	-0.05364506724161231
0.9207153489861559	-0.05422896045595567
0.9214240902400281	-0.05539138979580023
0.922890204383484	-0.0576941320452672
0.9229919189097899	-0.05784911089581179
0.9230939307347779	-0.058003947685545336
0.9232988460905812	-0.05831319307647451
0.9237122422656451	-0.05892995702262316
0.9245532851566455	-0.060156464333718955
0.9262922753626418	-0.06258048124374413
0.9299969661582274	-0.06730504628453451
0.9301095568040494	-0.06744026402619484
0.9302224028624301	-0.06757532878884254
0.9304488609337284	-0.06784499759382881
0.9309048388807311	-0.06838247980736963
0.9318290253977857	-0.06944992204139248
0.9337261801610046	-0.0715539050699971
0.9377143540869219	-0.07563163817543159
0.9378405848774702	-0.07575369230157801
0.937967055559582	-0.07587557088201888
0.9382207161717332	-0.07611879958444923
0.9387309113603725	-0.0766031303756356
0.9397627727670124	-0.07756318280677986
0.9418721710616039	-0.07944802218501479
0.9420060219068347	-0.07956423037177221
0.9421401088662973	-0.07968024817690314
0.9424089906035452	-0.07991171075155637
0.9429495816348198	-0.08037233049326915
0.9440420434947071	-0.08128424177544902
0.9462718315161581	-0.08306989181793084
0.9464252075357823	-0.0831891120504046
0.9465788561222901	-0.0833080899547626
0.9468869701829018	-0.08354531627662767
0.9475064600907369	-0.0840168334153371
0.9487584398422693	-0.08494798461383225
0.9513140033407717	-0.0867616167757737
0.9514759942605497	-0.08687276877874306
0.9516382505874528	-0.08698365809051664
0.9519635584737229	-0.08720464604912159
0.9526173481713914	-0.08764344112986763
0.9539375659787389	-0.08850816197930364
0.9566280764423045	-0.09018495003923443
0.9567870114005159	-0.09028051968056201
0.9569461698836577	-0.09037584236296445
0.9572651564604037	-0.09056574468086925
0.9579058012351821	-0.09094256191323988
0.959197721640046	-0.09168412466850476
0.9618236234351716	-0.09311798084907286
0.9619895854150472	-0.09320537661889966
0.962155762574006	-0.09329250786079651
0.9624887612962434	-0.09346597453774311
0.963157328349594	-0.09380970908200209
0.9645046756447727	-0.09448425796852196
0.9672396817770079	-0.09578067056899792
0.9674269082007195	-0.09586592259447829
0.9676143759946397	-0.09595084259733126
0.9679900340114943	-0.09611968364897087
0.9687442278716603	-0.09645334971129185
0.9702640299887534	-0.0971044555670135
0.9733484873225599	-0.09834046087771327
0.9735432186537752	-0.09841472860489878
0.9737381768422961	-0.09848864105686897
0.9741287718269988	-0.09863539721013616
0.9749126623473887	-0.09892461402734541
0.9764911325897869	-0.09948570165666622
0.9796898938943186	-0.10053717857712761
0.9798782629201	-0.1005955842045254
0.9800668150699503	-0.10065365963314729
0.9804444668921667	-0.10076881750139402
0.9812019475716217	-0.1009951445337662
0.9827255110107178	-0.10143170981975333
0.9829167535107353	-0.101484760498862
0.9831081715120893	-0.10153747141207206
0.9834915320447519	-0.1016418715511207
0.9842603373004688	-0.10184656835752698
0.9858061714616366	-0.10223941440458624
0.9860001617052481	-0.10228695719892039
0.9861943193221582	-0.10233415068271622
0.9865831345731538	-0.10242748733789495
0.9873627503101142	-0.10260994274393512
0.988929802323005	-0.10295784888218852
0.9920941972754224	-0.10358458144278705
0.9922893688288411	-0.10361994867267346
0.9924846841229158	-0.10365496197607015
0.9928757436979356	-0.10372392459501435
0.9936595630375676	-0.1038575784440543
0.9952338747205902	-0.10410767742296977
0.9954312780055963	-0.10413731578686271
0.995628815857057	-0.10416659143761936
0.9960242928946699	-0.10422405241846078
0.996816835641014	-0.10433459785586799
0.998408140745126	-0.10453806112855793
0.998607625061693	-0.10456183091139083
0.9988072342466645	-0.10458522931562247
0.9992068247245638	-0.10463090984123084
1.0000074765139784	-0.1047177907653564
1.000207942194191	-0.10473857451965252
1.0004085276937023	-0.10475898261710793
1.0008100555860413	-0.10479866971435026
1.0016145208733862	-0.10487351266518175
1.0018159270521543	-0.10489127630730273
1.0020174478659498	-0.1049086600557193
1.002420830766093	-0.1049422857661364
1.0032289431092651	-0.10500495534468755
1.0034312478358371	-0.1050196651356567
1.0036336618767785	-0.10503399084135563
1.0040388152007005	-0.10506148791547677
1.0048504037886596	-0.10511185018840251
1.0050707762809095	-0.10512443936059276
1.0052912708985597	-0.10513657170387965
1.005732622973098	-0.10515946328099408
1.0059534786540008	-0.10517022120638324
1.0061744529083283	-0.1051805196860171
1.006616753552217	-0.1051997357043299
1.0068380781417283	-0.10520865194422509
1.0070595177045591	-0.10521710614082251
1.007281071333143	-0.10522509764784753
1.0075027381168924	-0.10523262582029513
1.007724517142197	-0.10523969001444274
1.0079464074924194	-0.10524628958786274
1.0083905184859288	-0.10525809230936163
1.008612737280792	-0.10526329417917596
1.0088350637037216	-0.1052680288717592
1.0090574968229173	-0.10527229575135172
1.0092800357035399	-0.1052760941835661
1.0095026794077084	-0.10527942353540036
1.0097254269944986	-0.10528228317525093
1.0099482775199413	-0.10528467247292582
1.0101712300370198	-0.10528659079965777
1.0103942835956683	-0.10528803752811729
1.0106174372427708	-0.10528901203242612
1.0108406900221578	-0.10528951368817029
1.0110640409746057	-0.1052895418724135
1.0112874891378347	-0.10528909596371054
1.0115110335465078	-0.10528817534212054
1.0117346732322283	-0.10528677938922049
1.0119584072235397	-0.1052849074881187
1.0121822345459217	-0.10528255902346821
1.0124061542217915	-0.10527973338148049
1.0126301652705012	-0.10527642994993887
1.0128542667083367	-0.10527264811821223
1.0130784575485157	-0.10526838727726869
1.0133027368011882	-0.10526364681968921
1.0135271034734334	-0.10525842613968138
1.01375155656926	-0.10525272463309329
1.0139760950896046	-0.10524654169742714
1.0142007180323311	-0.10523987673185331
1.014425424392229	-0.10523272913722401
1.0146502131610131	-0.10522509831608742
1.014875083327323	-0.10521698367270158
1.0151000338767218	-0.10520838461304831
1.0155501720516518	-0.1051897308775704
1.0157753576329216	-0.10517967502245525
1.016000619508755	-0.10516913239251982
1.0164513680217226	-0.10514658446924635
1.0166768525899608	-0.10513457801097321
1.016902409314971	-0.10512208244803811
1.0173537350636317	-0.10509562169857813
1.0175795019937421	-0.10508165536193032
1.017805336893544	-0.10506719762040355
1.0182572063812527	-0.10503680564336693
1.0191617143897747	-0.10497009986647805
1.0193729021990792	-0.10495339655616873
1.0195841418536198	-0.10493626130723462
1.0200067731879388	-0.10490069319115009
1.0208526192534473	-0.10482435395694588
1.0210641971369234	-0.10480418259778587
1.0212758197839922	-0.10478357573612924
1.0216991957837591	-0.10474105375375335
1.02254644537928	-0.10465076458370176
1.0227583561612972	-0.10462709702424909
1.022970304476052	-0.10460299050217103
1.0233943100441407	-0.10455345887205703
1.0242427311871547	-0.10444910947820024
1.0259410055733624	-0.10421917331838257
1.0261534058610335	-0.10418843234438892
1.0263658287741124	-0.10415724582073531
1.0267907386688346	-0.10409353454167809
1.0276407879502565	-0.10396074808377138
1.0293415882981372	-0.1036736334153766
1.0295542351474403	-0.10363571718698165
1.0297668891259117	-0.10359734930361314
1.0301922145165827	-0.10351925711584306
1.031042907229798	-0.1033576369800442
1.0327442360681378	-0.1030125748388519
1.0329746674431717	-0.10296358840904875
1.0332050882110904	-0.10291406500455302
1.0336658927099547	-0.10281340559608046
1.0345873168797832	-0.10260562482862415
1.0364291299234412	-0.10216412574593033
1.0366592335082698	-0.10210649913971499
1.0368893052725734	-0.10204832922785664
1.0373493479314957	-0.10193035801955092
1.0382689917486843	-0.10168787998173255
1.0401062067466762	-0.10117670366686146
1.0403356374058972	-0.10111034196854685
1.04056501427323	-0.10104343149685883
1.0410236010385243	-0.10090796299126364
1.0419400673773485	-0.1006304272429241
1.0437698544215288	-0.10004889603477425
1.0474142741700632	-0.0987795284188762
1.0476371400628433	-0.09869700733008215
1.047859909708659	-0.09861394952384062
1.0483051546405817	-0.09844622306076346
1.0491944276033591	-0.09810432206517875
1.050967788297794	-0.09739469381267432
1.054491197826231	-0.09587191533652324
1.0547102761578486	-0.09577215225189913
1.0549292122050427	-0.09567184885679564
1.0553666515508264	-0.09546962097066714
1.0562397578718095	-0.09505867991159482
1.0579785484271262	-0.0942108531848922
1.0614237560352107	-0.0924114550475796
1.0616231881909424	-0.09230228227849058
1.0618224548137494	-0.09219264013051205
1.0622204864962572	-0.09197194804539036
1.0630145087966134	-0.09152493535825762
1.0645941097442455	-0.09060842016873825
1.0677172885504838	-0.08868567546692428
1.0679108031081512	-0.08856154385155533
1.068104111933655	-0.08843694748480226
1.068490107305841	-0.08818636133565634
1.0692595733196768	-0.08767962146763193
1.0707881209563328	-0.0866439235656799
1.0738013873516936	-0.08448412658261305
1.0740033792298322	-0.08433351781603239
1.0742050809724242	-0.08418237288581489
1.0746076074928728	-0.08387847627560961
1.0754091067511173	-0.08326426857108159
1.0769975225550752	-0.08201030027541627
1.0801130815894766	-0.07940107215976118
1.0803049751994995	-0.0792335505774265
1.0804965261683552	-0.07906550964974395
1.080878593631405	-0.07872787226308042
1.0816385448280876	-0.07804639323900288
1.0831413461383383	-0.07665876631750741
1.0860756250062369	-0.07378610459590013
1.0862437964968243	-0.0736145246366438
1.0864116240651773	-0.07344251204468329
1.0867462421957679	-0.07309719164053301
1.0874112938140046	-0.07240138896123437
1.088724366445424	-0.07098929217221339
1.091280069329446	-0.06808444494353931
1.0914365912022155	-0.06789937568259019
1.0915927278274944	-0.06771389752195471
1.0919038402654366	-0.06734171778536484
1.0925213864936618	-0.06659248790151702
1.0937374826445045	-0.06507473645708141
1.0960914611379173	-0.06196364975388806
1.096232216707063	-0.06176981637664494
1.0963725639426019	-0.06157561745137149
1.096652028874604	-0.06118612661440785
1.0972060089356184	-0.0604027988370936
1.0982939185393936	-0.058818969172391225
1.1003875566756747	-0.05558435242556182
1.100514693871663	-0.055379295501188835
1.1006413875677823	-0.055173904344939566
1.1008934402345965	-0.0547621235290832
1.1013921772406339	-0.053934597457248955
1.1023679449076027	-0.0522639275293342
1.1042308300786188	-0.048862089872783426
1.1043527943228544	-0.048628581281915814
1.1044741983142616	-0.048394721146663724
1.1047153206405784	-0.04792595224249277
1.1051907886412236	-0.04698426218756705
1.1061143497987598	-0.045084615726185426
1.1078498925798579	-0.0412230662919345
1.10795334465436	-0.040979076865942494
1.1080561996748601	-0.04073478635458491
1.1082601142991122	-0.04024530870795465
1.10866073240299	-0.03926281360213715
1.109432892858933	-0.03728404141460321
1.1108591376808568	-0.03327444641918904
1.1109373961539128	-0.03303857800763463
1.1110151075790622	-0.032802495396576814
1.111168886429078	-0.03232969340707576
1.1114698483938956	-0.03138158334014635
1.1120452354762715	-0.029475669114336838
1.1121146579826078	-0.0292365499704648
1.1121835225635042	-0.02899724028258197
1.112319575397758	-0.02851805528502994
1.1125849581718137	-0.027557465021402786
1.1130886956158326	-0.025627743319941377
1.1131491173905403	-0.025385757144287858
1.1132089716086544	-0.025143604761167306
1.1133269751427501	-0.024658807542113532
1.113556147261243	-0.023687286608845948
1.1139870332800177	-0.021736887169328274
1.1140383098933575	-0.021492427955728047
1.1140890106166448	-0.02124782747093787
1.1141886824915457	-0.02075820899574874
1.1143810949389734	-0.01977734628873473
1.1147380949489474	-0.01780947356732766
1.1147849508871899	-0.01753426482321002
1.1148310804227415	-0.017258911983639706
1.1149211581213028	-0.01670778295658817
1.115092573347809	-0.01560389421957001
1.1151336033255144	-0.01532759540228988
1.1151739027906082	-0.015051170430092605
1.1152523082887447	-0.01449795103572037
1.1154003327740614	-0.01339009767247071
1.1154355058087844	-0.01311285282517721
1.1154699447641816	-0.012835499907960327
1.1155366188162668	-0.01228047894473718
1.115661140622394	-0.011169240174091268
1.11569043009928	-0.01089119442451129
1.1157189824794298	-0.010613058814088623
1.1157738746050507	-0.01005652714762476
1.1158747993925378	-0.00894248607653347
1.1158981831098873	-0.008663785472923298
1.1159208272675682	-0.008385013320967572
1.1159638958380274	-0.007827263554444259
1.1159843197397106	-0.007548290534168041
1.1160040030595486	-0.007269255154046669
1.1160411470277976	-0.006711006515510292
1.1160586072351812	-0.006431797860382816
1.1160753259786762	-0.006152536051902541
1.1161065382885127	-0.005593862192299688
1.1161210314840841	-0.005314454752137764
1.1161347824742376	-0.005035003380461484
1.1161600571935428	-0.004475978073502976
1.1161715806223425	-0.004196408755526841
1.1161823612450277	-0.003916804740565431
1.1161923989334601	-0.00363716833892185
1.1162016935683254	-0.003357501861484399
1.1162102450391336	-0.0030778076196847598
1.116218053244222	-0.0027980879254561543
1.1162251180907605	-0.0025183450911919624
1.1162314394947517	-0.002238581429703733
1.1162370173810339	-0.0019587992541791766
1.1162418516832828	-0.0016790008781406155
1.116245942344015	-0.001399188615403416
1.1162492893145863	-0.0011193647800339453
1.1162518925551965	-0.0008395316863075246
1.1162537520348883	-0.0005596916486668313
1.116254867731549	-0.0002798469816802953
1.1162552396319099	-3.178461047988784e-17