2.531149353900801	0.
2.5311201224045736	0.007468251422611694
2.53103243307247	0.014935830261239007
2.5308863013719516	0.02240206412955953
2.530681753074549	0.029866281036452856
2.530418824244499	0.03732780958329678
2.530097561222859	0.044785979160897875
2.529718020607106	0.052240120145935716
2.529280269226229	0.0596895640967995
2.528784384111345	0.06713364394869735
2.5282304524618646	0.07457169420791887
2.5276185716072206	0.08200305114513282
2.526948848964204	0.08942705298760176
2.5262214019899414	0.09684304011019865
2.5254363581305475	0.10425035522510916
2.5236940391477347	0.1190363530952897
2.522737068339672	0.12641373464816405
2.521723109144945	0.13377984215697308
2.5195249410786524	0.14847566724584618
2.5183411138501035	0.1558041097092708
2.517101061356524	0.16311872824800996
2.5144531472079374	0.17770398574091076
2.513045741895691	0.18497338130272664
2.5115830238094556	0.1922264664888788
2.508492661174413	0.20668126878110343
2.501659802196832	0.23536861961265776
2.499817403295325	0.24249071929411223
2.4979219389683136	0.24959176796458155
2.49397309502405	0.2637284468840563
2.4854531468071563	0.2917246148715622
2.4831955682186835	0.2986627502726518
2.4808876835095606	0.30557546623254156
2.4761225123900035	0.31932258042221995
2.4660055496185254	0.3464895156656103
2.463356458916488	0.35321022617091485
2.460660262426207	0.35990158406605455
2.4551282663435066	0.37319441575678486
2.443518160835829	0.3994081911277746
2.4182159385423945	0.4502560286341847
2.4145837096662186	0.45697640184105964
2.4109048681857717	0.4636547406000516
2.4034098791634158	0.4768836520928028
2.387888605835761	0.5028194190490245
2.3839013741610793	0.5091924440608608
2.3798726821008054	0.5155204097591449
2.3716935455184935	0.5280398702952781
2.3548667636754086	0.55252450058421
2.3505663327655317	0.5585285626296649
2.346229738628623	0.5644852770021117
2.3374507269084432	0.5762557337320965
2.319488075111664	0.5992188773308859
2.2820930657067726	0.6427961446969002
2.2772937689117656	0.6480205528599043
2.2724688898410617	0.6531951483167763
2.262744969946499	0.6633946450738746
2.2430184177952635	0.6831936051425853
2.20259114196555	0.7203890363768732
2.197458375696054	0.7248136670460454
2.192309972674611	0.7291885140840131
2.181968600113155	0.7377891577811104
2.16112372581445	0.7543967640192447
2.118910296100494	0.7852632846576296
2.1139474551902904	0.7886643597707161
2.108978609490775	0.7920237663186904
2.0990245379239982	0.7986181541207721
2.0790620671788926	0.8113135128881918
2.039005608333305	0.8347678990113626
2.033993359618839	0.8375216605504942
2.0289811244389657	0.8402364911479995
2.018958040503353	0.8455501518065677
1.998926583448392	0.8557191549471083
1.9589920154795737	0.8742712017757966
1.9540179473316042	0.8764270338610269
1.9490487499438356	0.878547352871534
1.9391260252605946	0.8826823662010104
1.9193504172104252	0.8905363632330335
1.9144225070399685	0.8924145499829388
1.909501470789321	0.8942590819625912
1.899680940689327	0.8978481287021304
1.8801322622251737	0.9046328209060472
1.8752655851988926	0.9062484310889329
1.870407516372074	0.9078322965200705
1.8607179937980487	0.9109057567361866
1.8414507237568214	0.9166823523560252
1.8034026143836435	0.9268083594597636
1.7987875872116104	0.9279229885628402
1.7941834496747409	0.9290108104014173
1.7850083675181392	0.9311069345851415
1.7667944702682308	0.9349873962682084
1.762270077866569	0.9358938609766172
1.7577575439602897	0.9367753105548178
1.7487684799426793	0.9384640497230943
1.7309372077414633	0.9415510479228827
1.7265105443583892	0.9422635556196662
1.7220965239778625	0.9429528005909236
1.7133067535121664	0.9442623638753769
1.7089311676649317	0.9448831108151542
1.704568553363126	0.9454814522415974
1.6958825404081452	0.9466117659889275
1.6915592861887347	0.9471441596988845
1.6872492924483529	0.9476549906379621
1.6786693492655924	0.9486127963594343
1.674399525509604	0.9490601847220241
1.6701432136702907	0.9494868374433915
1.6616713525392228	0.9502787518073049
1.6574559112240879	0.950644418729037
1.653254197842306	0.9509901605418043
1.6490662611024423	0.9513161771841699
1.6448921476575749	0.9516226674926966
1.640731902136314	0.9519098291907758
1.6365855671736136	0.9521778588779778
1.628334789678742	0.952657302938534
1.6242304227224016	0.9528691048030747
1.6201401175363415	0.9530625496212614
1.6160639072416145	0.9532378282311474
1.6120018231457636	0.9533951302933434
1.6079538947720287	0.9535346442837026
1.6039201498883084	0.9536565574864513
1.5999006145358752	0.9537610559877453
1.5958953130578395	0.9538483246696472
1.5919042681273654	0.9539185472045162
1.5879275007756282	0.9539719060497996
1.5839650304195185	0.9540085824432184
1.5800168748890862	0.954028756398337
1.5760830504547252	0.9540326067005117
1.572163571854094	0.9540203109032012
1.5682584523187748	0.9539920453246421
1.5643677036006653	0.953947985044871
1.560491335998106	0.9538883039030911
1.5566293583817392	0.953813174495372
1.5527817782200994	0.9537227681726754
1.5489486016049345	0.9536172550391996
1.5451298332762566	0.9534968039510335
1.5413254766471258	0.9533615825151165
1.5375355338281553	0.9532117570884855
1.5337600056517533	0.9530474927778183
1.529680771881755	0.9528531698731038
1.5256184971109996	0.9526422570274002
1.5215731774964234	0.9524149599974672
1.5175448075610072	0.952171482810204
1.513533380228057	0.9519120277640322
1.5095388868550461	0.951636795430672
1.5016006597895302	0.951039792569094
1.4976569012812182	0.9507184145721026
1.4937300271658402	0.9503820443565109
1.48592686682412	0.9496650934727077
1.4705223655491417	0.9480596178925275
1.466713160059573	0.9476235821708533
1.4629206744058094	0.947174042476467
1.4553857569991684	0.9462351632853325
1.4405153363617051	0.9442030975414734
1.4368390964664164	0.9436639336477631
1.4331793371228108	0.9431126470563919
1.425909121268056	0.9419743653897314
1.4115648784171044	0.9395594957117913
1.4080194672996451	0.938927889210142
1.4044902362480385	0.9382854378446722
1.3974801485822015	0.9369686096314709
1.38365227005561	0.9342114292554898
1.3802351040332108	0.9334972527412221
1.3768337683124534	0.9327734100331172
1.370078400588171	0.9312972869535409
1.3567555378841958	0.9282351350758514
1.3534636765049382	0.927447484341843
1.350187256819	0.926651251714701
1.3436805387131017	0.9250335560162029
1.3308501367001546	0.9217007725375381
1.3059095409279413	0.9146727484259203
1.30306158513789	0.9138234822876493
1.3002263341327231	0.9129683953767117
1.2945937635172504	0.911241110682575
1.2834790579812356	0.9077205065505655
1.261840954362816	0.9004336784026639
1.2591907096822095	0.8995013465160561
1.2565524223835272	0.8985644964734789
1.2513115297383195	0.8966775378060592
1.2409711380672521	0.8928526124511236
1.2208452285654507	0.8850142855495198
1.2183805766720177	0.8840181238692261
1.2159271179898155	0.8830185376708051
1.211053589164027	0.8810093392810959
1.2014387497080428	0.8769525326545906
1.1827272923090701	0.8686982681772112
1.1472929316709761	0.8517225196689904
1.1449851495974277	0.8505539652735841
1.1426887497061509	0.8493833545884131
1.1381298663454587	0.8470361808072088
1.1291461640381508	0.8423194998523201
1.1117023577228256	0.832808050389496
1.0788104526087103	0.8135543474754068
1.0768392638041135	0.8123436965582246
1.0748777093566084	0.8111324138459355
1.0709832990042856	0.8087080937519874
1.0633078531682616	0.8038533929042221
1.0483992939841655	0.794127022720175
1.0202651964595046	0.7746587993844696
1.0186087252302707	0.7734653814325521
1.0169600694497751	0.7722722350929689
1.013686037929243	0.7698868411898583
1.0072299425481417	0.7651202189809274
0.994676576003834	0.7556079543198431
0.9709355086568859	0.736698219255541
0.9284013121102711	0.6995343394570147
0.9272520866764462	0.6984668439457797
0.9261076913547993	0.6974003294929405
0.923833295506769	0.6952702673476654
0.9193414212485855	0.6910221693324583
0.9105801527095219	0.6825752676053913
0.893907637141714	0.665886896047756
0.8636679337541435	0.6333805102934861
0.8627101670938001	0.6323000234061761
0.8617565505820178	0.6312209371211281
0.859861681775843	0.6290669722762128
0.8561208044916985	0.624775911242451
0.8488298227892611	0.6162615131258533
0.8349752058708014	0.5995048331430612
0.8099132263366132	0.5670792695404584
0.7710411771252992	0.5103159405569465
0.740819662773405	0.45911589413696974
0.7147188008908975	0.40798287840680925
0.6952013257226773	0.36387560795949925
0.6781441248125798	0.31941902258460425
0.6646823576705051	0.2786463487217901
0.654489024313614	0.24277231971094568
0.6543334220386355	0.24218019992264983
0.6541783557308914	0.24158857621241478
0.6538698245523923	0.24040681099094208
0.6532591231073199	0.23804916727053135
0.6520628113365535	0.23335709270203403
0.6497678277627648	0.2240631633201209
0.6455480702587613	0.20581575353078055
0.6454320640556598	0.20528997925741807
0.6453164465860166	0.20476455819873685
0.6450863739355753	0.20371477140506009
0.6446308506451253	0.20161938897816828
0.6437380784365604	0.1974451492994988
0.6420239766010631	0.1891608801413597
0.6388691329228103	0.1728344468994863
0.6387684460758263	0.1722869630062448
0.6386681512357274	0.17173981684348336
0.6384687338168703	0.17064653278563957
0.6380745619612326	0.16846396339530947
0.6373046654016012	0.16411454654592897
0.6358370808789972	0.15547644482291104
0.6357484932966534	0.15493916795383375
0.6356602697628935	0.15440219044327563
0.6354849116247778	0.15332912883530897
0.6351385287734973	0.15118654674183923
0.6344629217154382	0.14691528838375226
0.633178993092272	0.13842635033864614
0.6331030796427879	0.13790769974201078
0.6330274941153636	0.13738930263164598
0.6328773042364182	0.13635326467442402
0.6325808312331078	0.1342841845334994
0.6320033713656699	0.13015777438302203
0.6309093116451008	0.12195011085669658
0.6308435859563908	0.12143905887687022
0.6307781690121445	0.12092822754613503
0.6306482591643577	0.1199072228221909
0.6303921204469403	0.11786781713111047
0.6298944478838772	0.11379919793674566
0.6289566081458744	0.10570096277180101
0.628904259475308	0.1052303235932653
0.628852165477615	0.10475984913002385
0.6287487400104407	0.10381939122288965
0.6285449288687659	0.10194041764868107
0.6281493848703514	0.09819006547637966
0.6274059892997493	0.09071836024415844
0.6273616149162908	0.09025260831276488
0.6273174842408887	0.08978699648727413
0.6272299527716524	0.08885619013014956
0.6270578007649884	0.08699622546528478
0.6267250732675433	0.08328271992754341
0.6261054109988151	0.07588006608314049
0.6260656085386609	0.07537955762304585
0.626026081888558	0.07487918574701907
0.6259478547282511	0.07387884800323516
0.625794696068746	0.07187977038775688
0.6255014921914755	0.06788779803963378
0.6254660652392469	0.06738936303956443
0.6254309092098369	0.06689104974164108
0.6253614087793207	0.06589478455896576
0.6252256465791964	0.06390367403475758
0.6249670159233017	0.05992692646292449
0.6249358907443602	0.05943032828285908
0.6249050321923337	0.05893383711491704
0.6248441139740882	0.05794117216688253
0.6247254662410958	0.05595708631875902
0.6245008727329848	0.0519936873143899
0.6241021001706837	0.04408436004794499
0.6240808925096322	0.04362347936119574
0.6240599112802364	0.043162666820519176
0.6240186275323816	0.04224124326637021
0.6239387708823522	0.04039918190973479
0.6237898703272388	0.036718039634481385
0.6237722689023457	0.03625816213817023
0.6237548917588356	0.035798341183449454
0.6237208098341162	0.03487886600886958
0.6236553321493993	0.0330405623862464
0.6235350964855857	0.029366380580280474
0.6235210699425053	0.028907321202877485
0.6235072659359457	0.028448306839796
0.6234803251509594	0.027530410283824757
0.6234291099106402	0.025695125756244483
0.6234168610659259	0.025236406395301933
0.6234048340352831	0.02477772630905722
0.6233814450844526	0.02386048109498119
0.6233373253888443	0.022026430452004975
0.623326848810095	0.02156800523867702
0.6233165934220511	0.021109613573811033
0.6232967459356842	0.020192928029897108
0.623259702231155	0.01835992807794032
0.6232509932765881	0.017901751243630585
0.6232425049878763	0.017443602242978282
0.6232261901747329	0.016527384888213915
0.623196206058259	0.014695252791694556
0.6231893951384042	0.014246271903070824
0.6231827958935258	0.01379731229567436
0.623170232254764	0.012899454238919777
0.6231642677774353	0.012450554447000125
0.6231585148081908	0.012001673251177708
0.6231476432425462	0.011103963963771439
0.6231425245739575	0.010655134530386771
0.6231376172690752	0.010206321009490957
0.6231284366215131	0.00930873902248292
0.6231241632178861	0.008859969215220769
0.6231201010560704	0.00841121263814064
0.6231126103514198	0.007513736492994537
0.6231091817588659	0.007065015584319751
0.6231059643086843	0.006616305224602625
0.6231029579795214	0.0061676047436803215
0.6231001627514259	0.005718913471440622
0.6230975786058474	0.005270230737818372
0.6230952055256368	0.004821555872792071
0.6230930434950467	0.004372888206380446
0.6230910924997299	0.003924227068638912
0.6230893525267409	0.0034755717896564763
0.6230878235645333	0.003026921699552082
0.6230865056029623	0.0025782761284710016
0.6230853986332826	0.002129634406581703
0.6230845026481492	0.0016809958640723328
0.623083817641617	0.0012323598311472915
0.6230833436091411	0.0007837256380238066
0.6230830805475761	0.0003350926149284053
0.6230830284551769	-0.00011353990790619494
0.6230831873315974	-0.0005621726002447199
0.6230835571778922	-0.0010108061318529708
0.6230841379965149	-0.0014594411725009327
0.6230849297913196	-0.0019080783919663083
0.6230859325675594	-0.002356718460037933
0.6230871463318887	-0.002805362046519208
0.6230885710923605	-0.00325400982123162
0.623090206858429	-0.0037026624540178587
0.6230920536409479	-0.004151320614745447
0.6230941114521721	-0.004599984973310375
0.6230963803057565	-0.005048656199640208
0.6230988602167572	-0.005497334963697625
0.6231015512016309	-0.005946021935483828
0.6231075664658314	-0.006843423182460754
0.6231108907850788	-0.007292138797877384
0.6231144262580416	-0.007740865301481371
0.6231221307603774	-0.008638353654291846
0.6231262998408897	-0.009087116844169556
0.6231306801773964	-0.009535893603584015
0.6231400747361097	-0.010433490513104864
0.6231450890206851	-0.010882312004437483
0.6231503146859934	-0.011331149747766061
0.6231614002990025	-0.01222887667375391
0.6231861097147023	-0.01402455507148777
0.6231933948885664	-0.014511622405012447
0.623200929214848	-0.01499871525158794
0.6232167455622476	-0.01597298091404124
0.6232513708089328	-0.01792185613638877
0.623260650961018	-0.018409151593511183
0.6232701807915377	-0.01889647942840124
0.623289989788104	-0.019871235667334695
0.6233326073348597	-0.021821174484260353
0.6233438871122201	-0.02230875302464248
0.6233554172195503	-0.022796370819985166
0.6233792287872906	-0.023771727618428173
0.6234298599878485	-0.02572295016029365
0.6235431775340863	-0.029627624156837926
0.6235584745345605	-0.030115934200374558
0.6235740235474339	-0.03060429730131464
0.623605878100625	-0.031581186136326066
0.623672616860665	-0.033535638583821734
0.6238182430340926	-0.037447436839821685
0.6238375880044291	-0.03793669981127968
0.6238571871813909	-0.038426029724471664
0.6238971487745373	-0.03940489386038818
0.6239801293673252	-0.041363463783876835
0.6241583574954379	-0.04528416590814711
0.6241802160857122	-0.04574183898490833
0.6242022984066992	-0.04619958248845201
0.6242471348503476	-0.047115283630765004
0.6243394992995726	-0.048947562461621776
0.6245350306207552	-0.05261578667877316
0.6245604880287934	-0.05307467243574991
0.6245861717899692	-0.053533640084581335
0.6246382190833782	-0.05445182393853489
0.6247450378265432	-0.056289206061292944
0.6249696138811914	-0.05996818986304253
0.6249987151496258	-0.060428472549280174
0.6250280458066209	-0.06088884870294622
0.6250873961026356	-0.06180988432307018
0.6252088584302247	-0.06365310921610197
0.6254628778913496	-0.06734433725774729
0.6260157016725724	-0.07474722275071709
0.6260553269910187	-0.07524972463773033
0.6260952304274414	-0.07575236404863382
0.6261758729733442	-0.07675805923911502
0.6263405101280676	-0.07877114172241076
0.6266832697219566	-0.08280428886494809
0.6274233798865351	-0.09090023442331117
0.6274720805492688	-0.09140761229096861
0.6275210711018606	-0.09191515850947303
0.6276199235199841	-0.09293075991870828
0.6278211252598126	-0.09496402612355795
0.6282376118120082	-0.09903903297071767
0.6291277174007603	-0.10722472667665743
0.629184846249596	-0.1077286114605838
0.6292422684410159	-0.10823268923856606
0.6293579947407082	-0.1092414276259703
0.6295929883822735	-0.11126126273761733
0.6300772491204089	-0.11531058340589205
0.6311037760266096	-0.12344957995662376
0.6333967658144758	-0.1399033044215934
0.6334685481336886	-0.14038665952636697
0.6335406169118918	-0.14087023831865117
0.6336856159965676	-0.14183807037400573
0.6339790754793053	-0.143776456292934
0.6345799634421647	-0.1476643077864413
0.6358386403034475	-0.15548588553192733
0.6385923821238613	-0.17132527017328492
0.638691417482463	-0.17186690337365598
0.6387908366400815	-0.17240886691637278
0.6389908300170879	-0.17349378981812222
0.6393954629167866	-0.1756676525296346
0.6402235242202801	-0.18003171651481
0.6419565774919971	-0.1888273954418556
0.6457454293337429	-0.20670702042929998
0.6458626961283628	-0.20723468886784832
0.6459803567083003	-0.20776271580324424
0.6462168632459713	-0.20881984954889501
0.646694646230575	-0.21093846734141403
0.647669522748912	-0.2151933522351006
0.6496984265089416	-0.2237757316213056
0.6540891387379504	-0.2412474843818536
0.6641280935206066	-0.2768248936148032
0.6775469134604193	-0.3177332256546716
0.6929888649780536	-0.3584663987885846
0.7137522128829592	-0.4059334044350144
0.7379724825777098	-0.4538910926715286
0.7676004775470785	-0.5048401696323788
0.8084366414555021	-0.5650761338548533
0.8091132672632009	-0.565995402867972
0.8097924815936998	-0.5669158772821221
0.8111587238308023	-0.5687604464188819
0.8139228023251536	-0.5724640935361556
0.8195801090708733	-0.5799296262861786
0.8314344388590066	-0.5950949599156649
0.8575028513012614	-0.626367246871891
0.8584451673136949	-0.6274482021122477
0.8593915994216129	-0.6285305857774892
0.8612968986004085	-0.6306996331301534
0.8651578507995217	-0.635054807395575
0.8730861933699557	-0.6438330909199584
0.8898106536330618	-0.6616573015725069
0.8908960834396987	-0.6627829587372088
0.891986389496581	-0.6639099649029434
0.8941817351231753	-0.6661680083640437
0.8986321024734318	-0.6707001028621359
0.9077776109006758	-0.6798272953442622
0.9270984771169534	-0.6983238917716289
0.9283307870788883	-0.6994689312841914
0.9295686813357904	-0.700615093252127
0.9320613422435189	-0.7029107541109368
0.9371149997399079	-0.7075152021705051
0.9475025715580141	-0.7167747039784448
0.9694564445187606	-0.7354787001783741
0.9708831194542343	-0.736655108490242
0.972316421393523	-0.73783231467276
0.9752030490571635	-0.7401890673533607
0.9810574098209759	-0.7449115485846908
0.9930988004182988	-0.7543891391427497
1.0185809253744742	-0.7734453068239084
1.0201267604310376	-0.7745592681130837
1.021679438441527	-0.7756734489994954
1.0248054601853747	-0.7779023988795012
1.0311411334853093	-0.7823621425444539
1.0441548684663597	-0.7912847237972057
1.0716169897506775	-0.8091043460470101
1.0733995405195784	-0.8102152931617863
1.0751901068539012	-0.8113257615081364
1.0787954434075013	-0.8135451540810579
1.0861040410633769	-0.8179769885380381
1.1011219355197417	-0.8268063581134455
1.13283453194464	-0.8442707458458293
1.1350678274539125	-0.8454422092230721
1.1373121150203458	-0.8466118706863737
1.1418338901723843	-0.8489455832929901
1.1510118169014487	-0.853589097354107
1.1699179205476375	-0.8627681340703991
1.1723338898356537	-0.8639042616374498
1.1747617647778605	-0.8650376872108896
1.179653464912925	-0.8672961812067633
1.189582305601896	-0.8717779374181855
1.2100349479681571	-0.8805853992567398
1.2126484610862693	-0.8816703228558619
1.215274824210243	-0.8827514427154107
1.2205663389965418	-0.8849019648180603
1.2313061940743772	-0.8891539406987491
1.2534265846007613	-0.8974432142488705
1.2562528608077805	-0.8984575712921051
1.259092941558202	-0.8994667847510835
1.2648147540575327	-0.9014694096324185
1.2764266394017478	-0.9054087902735839
1.3003365978584516	-0.9130018294682667
1.3031875382673415	-0.9138612460247051
1.3060513217163838	-0.9147147754331313
1.3118176025082189	-0.9164038098255539
1.3235063017310724	-0.9197071858524939
1.326461269748642	-0.9205169167795201
1.3294294448026802	-0.9213200092063485
1.335405593471491	-0.9229058839393992
1.3475183114548115	-0.9259935729789821
1.35058016391039	-0.9267473830019093
1.35365557066427	-0.9274937383130517
1.3598472145468234	-0.9289636565991749
1.372394975324632	-0.9318092654525449
1.3981572543890184	-0.9370981710434579
1.4014407862792415	-0.9377192731948668
1.4047384934694824	-0.9383310783075892
1.411376571686471	-0.9395262964234299
1.4248243156742755	-0.9417995899898371
1.4282221860030235	-0.9423427498789732
1.4316344915363317	-0.9428755793172436
1.4385025256553932	-0.9439097068509472
1.4524130672763713	-0.9458479865983996
1.4559272051455365	-0.9463046615671677
1.4594559935601734	-0.9467498934312174
1.4665576144676473	-0.9476054473689399
1.4701304910061932	-0.9480154759823897
1.4737181061414506	-0.9484134745615459
1.4809376302856334	-0.9491727804225246
1.4845695759562823	-0.9495337838417428
1.4882163335046328	-0.9498821494937313
1.495554346623896	-0.950540345321823
1.4992456307931434	-0.9508498611095273
1.5029517839919733	-0.9511461103470723
1.5104087427638861	-0.9516981658053761
1.5140856869972836	-0.9519487580690049
1.5177769592943968	-0.9521859786727176
1.521482566263309	-0.952409671399484
1.525202513389894	-0.9526196787962132
1.5289368050155376	-0.9528158421725927
1.5326854443145852	-0.9529980016001561
1.536448433271515	-0.9531659959116081
1.5402257726578548	-0.9533196627003956
1.5440174620088298	-0.9534588383205413
1.5478234995997298	-0.9535833578867428
1.551643882422022	-0.9536930552747486
1.5554786061591979	-0.9537877631220112
1.5593276651623356	-0.9538673128286347
1.5631910524254111	-0.9539315345586127
1.5670687595603443	-0.9539802572413743
1.5709607767717608	-0.9540133085736394
1.574867092831507	-0.9540305150215952
1.5787876950529003	-0.9540317018233987
1.5827225692646978	-0.9540166929920137
1.586671699784823	-0.9539853113183938
1.5906350693938287	-0.9539373783750148
1.594612659308086	-0.9538727145197675
1.5986044491527307	-0.9537911389002199
1.6026104169343578	-0.9536924694582559
1.6066305390134377	-0.9535765229350972
1.6106647900765076	-0.9534431148767248
1.6147131431081065	-0.9532920596396987
1.618775569362447	-0.9531231703973896
1.622852038334865	-0.9529362591466382
1.6269425177330206	-0.9527311367148348
1.6351653695242996	-0.9522654958159898
1.6392976681318172	-0.9520045932264594
1.6434438295346225	-0.9517247112282283
1.651777572076841	-0.9511072282967863
1.655965063947827	-0.9507692342260311
1.6601662400162445	-0.9504114744927094
1.6686094437947043	-0.9496358597525749
1.6728513657777566	-0.9492176029331166
1.6771067604416545	-0.9487787768512306
1.6856577325725475	-0.9478386018088258
1.702918635587093	-0.9457023983004869
1.7072665816046453	-0.9451138328333852
1.7116274704577066	-0.9445030422705337
1.7203877667080931	-0.9432139400463159
1.7380601232646433	-0.9403596820672724
1.7425093186962193	-0.9395873531890764
1.7469707708631808	-0.9387910857229842
1.7559300522919712	-0.9371258634174765
1.7739912164038394	-0.9334985297967737
1.7789221334697098	-0.9324449808502662
1.7838664545427776	-0.9313611593910752
1.7937946872389348	-0.9291015605957117
1.8138049278187163	-0.9242065366404001
1.818838518471097	-0.922902810091844
1.8238841587918635	-0.9215665198524994
1.8340108273366542	-0.9187950947832809
1.854400129600717	-0.9128487813652036
1.8595245625047145	-0.9112764629447649
1.8646594013311855	-0.9096692708741115
1.8749593836751208	-0.9063491119272805
1.8956738962632929	-0.8992776369948751
1.937503443141738	-0.8833460863148205
1.9427642811617107	-0.8811814534143376
1.9480312760088392	-0.8789774054886099
1.9585824867529575	-0.874449966998449
1.9797447344193835	-0.8649101314400324
1.9850458074916764	-0.8624225805245671
1.990350392912026	-0.8598934665095903
2.0009686709592907	-0.8547095147125421
2.022231325529446	-0.8438316160138449
2.0275502069563873	-0.841004444938945
2.0328695914384918	-0.8381337107480931
2.0435082551149213	-0.8322606091640702
2.064773535688427	-0.8199814589799308
2.1071580564351726	-0.793243278896301
2.112080911593236	-0.7899316592701201
2.11699802912123	-0.7865792264177947
2.12681344520141	-0.7797513752637975
2.1463575275429396	-0.7656001431217696
2.1850035280042293	-0.7352905980901903
2.1897842568190566	-0.7313119165068083
2.1945523616277915	-0.7272907625353813
2.2040488467823325	-0.7191207986991753
2.2228697643857447	-0.7022688946173765
2.2597155278649983	-0.6665113824708565
2.2642370171390747	-0.6618491126448426
2.2687381171922167	-0.6571441157038302
2.2776771166764287	-0.6476061047829728
2.295287972111326	-0.62801956198789
2.29963202263714	-0.6230169744316485
2.3039515700744744	-0.6179721750162311
2.3125150694496224	-0.6077563384193175
2.32932502387045	-0.5868229281119699
2.333458397352967	-0.5814858072807119
2.3375630718535665	-0.5761074713571996
2.345684215502806	-0.5652278025835088
2.361558923416436	-0.5429814698117811
2.3917203605136432	-0.4965876798893351
2.3957490808714694	-0.48991781800806905
2.399731538598674	-0.4832010623443665
2.407554827007656	-0.46962852184602843
2.4226152418412146	-0.4419396244236943
2.426254185814152	-0.43490682030621386
2.429841299699882	-0.4278307674252486
2.43685734917059	-0.41355098532767415
2.450238268061896	-0.384495923228684
2.453444066904433	-0.3771322451404329
2.4565928305138844	-0.36972978909069726
2.4627167891405146	-0.35481101578960816
2.474253670133702	-0.3245360069580563
2.4769863713243154	-0.3168800006694118
2.4796573419911807	-0.30919047044109055
2.484811926680359	-0.29371368309761947
2.4943571146573857	-0.262389718011456
2.496581347143385	-0.2544859579111803
2.4987398055081202	-0.2465546375611751
2.5028576002182614	-0.23061248742027984
2.5048160680897715	-0.22260326621743373
2.5067070253402335	-0.21456970145286663
2.5102848137626834	-0.1984328539814929
2.5119708813408774	-0.19033124805169446
2.513587911511318	-0.18220865157690838
2.51661348415997	-0.16590392446422164
2.5180213743309205	-0.15772353020249189
2.5193589228271938	-0.14952561756700786
2.521821849735059	-0.13308078121262965
2.5229466926806117	-0.12483564417908831
2.5240001233082587	-0.11657656152380379
2.524981911585643	-0.10830443985654195
2.5258918427933597	-0.10002019052292022
2.5267297176417807	-0.09172472928144176
2.5274953523797166	-0.08341897597717239
2.5281885788947975	-0.07510385421231462
2.5288092448054718	-0.06678029101389255
2.5293572135445297	-0.058449216498814405
2.529832364434069	-0.05011156353657845
2.530234592751818	-0.041768267409863724
2.5305638097887577	-0.033420265473250686
2.5308199428979807	-0.025068496810345512
2.531002935534732	-0.016713901889585166
2.531112747287598	-0.008357422218973499
2.531149353900801	-9.492403152105779e-16