-3.4997955125214015	0.
-3.499561613745472	0.030345891729096245
-3.498860082391425	0.06068102532538706
-3.4976914130896515	0.09099465529863561
-3.496056429255743	0.1212760614125552
-3.4939562816412058	0.15151456123394716
-3.4913924463111905	0.1816995225888062
-3.4883667220557424	0.21182037589498567
-3.4848812272431506	0.24186662634154932
-3.4809383961255613	0.27182786588556324
-3.476540974608874	0.301693785037854
-3.4716920155005577	0.33145418441012947
-3.466394873250657	0.3610989859968444
-3.4606531982027735	0.3906182441662871
-3.4544709303732106	0.42000215633653154
-3.4408017843278316	0.4783255092672639
-3.4333241723151793	0.5072461513327304
-3.425424484512745	0.5359938688051845
-3.4083802451173617	0.59293497022348
-3.399246975442974	0.6211110804357982
-3.3897141757033356	0.6490797339385678
-3.369474991823173	0.7043625109337887
-3.358781616563689	0.7316611308012563
-3.347714709025786	0.7587212982454659
-3.324488323686961	0.812097923466105
-3.273870155494243	0.9156920364102528
-3.260392097189182	0.9408970361501409
-3.2466002816602337	0.9658135494498647
-3.2181074475487352	1.014761099041236
-3.203422656999788	1.0387827961581049
-3.1884565447670465	1.0624973284459036
-3.1577134435043908	1.1089891614725949
-3.141953091669379	1.131759257193163
-3.12594467326986	1.1542077746966453
-3.09321711482274	1.1981285440802942
-3.0251531587528677	1.2819985682282145
-3.00764218088714	1.3021277317181805
-2.9899497022668076	1.3219187726403094
-2.954052831030913	1.3604827792451777
-2.880435821638436	1.4335249303139965
-2.8616975629934243	1.4509338927504785
-2.842841067004944	1.4680029113137203
-2.804803308146414	1.5011240130935748
-2.7276322515991693	1.563328619762001
-2.7065108708231986	1.5792697687189252
-2.6853181182413595	1.594823551767478
-2.6427517406099037	1.6247793178503562
-2.557117958564309	1.680165503781238
-2.5356492991225617	1.693088171921688
-2.5141709380444923	1.705648340942314
-2.4712123458116464	1.7296962938884022
-2.3854675676246253	1.7736144134369731
-2.3641025355840393	1.7837479348202248
-2.3427772935054576	1.793551723677002
-2.300267332404976	1.812187968449547
-2.279092729897723	1.8210294901933823
-2.2579781544161475	1.82955939848726
-2.215947338672564	1.8457029603660986
-2.1950397878217345	1.8533259803930666
-2.1742096480456086	1.8606561089965115
-2.1327971125808096	1.874456633888062
-2.05106251291417	1.8987516964933517
-2.030874945593249	1.9041643917632944
-2.0107916882615346	1.9093221124107445
-1.9709487030784896	1.9188914065977063
-1.9511939292561435	1.923312312799508
-1.9315533802207265	1.9274969036443177
-1.892623416242474	1.935175495944968
-1.8733379192059152	1.9386785921410679
-1.8541744895070849	1.941963557747207
-1.8351347892751324	1.9450348461999136
-1.8162203679154916	1.9478968696571903
-1.7974326654094497	1.9505539971668642
-1.7787730155840193	1.9530105529735975
-1.741842697893892	1.9573390132137687
-1.7235741958534732	1.9592193287253823
-1.7054380844194035	1.9609158921957501
-1.6874352144151616	1.9624327829647896
-1.6695663493201323	1.9637740280466909
-1.651832168244783	1.9649436012704442
-1.634233268854557	1.9659454225205364
-1.6167701702409034	1.9667833570733961
-1.5994433157380747	1.9674612150251436
-1.5822530756845077	1.967982750806394
-1.5651997501278072	1.9683516627799071
-1.548283571472508	1.9685715929170189
-1.53150470706997	1.968646126548845
-1.5148632617499056	1.9685787921884395
-1.498359280293185	1.96837306142013
-1.4819927498457117	1.9680323488523797
-1.4657636022732525	1.967560012130697
-1.450733854975394	1.967003061864475
-1.435823641881105	1.9663368751258221
-1.4210327873635882	1.9655640512651071
-1.406361080278596	1.9646871467534042
-1.3918082754347907	1.9637086753649522
-1.3773740950259816	1.962631108387317
-1.3630582300255683	1.9614568748575647
-1.3488603415435776	1.9601883618227787
-1.3347800621466879	1.958827914623342
-1.320816997141694	1.9573778371974597
-1.2932408026837858	1.9542178023724643
-1.2796267585939063	1.9525122488480655
-1.2661281019408466	1.9507258735817348
-1.2394748787018022	1.946919027173197
-1.2263192262887266	1.9449026431036716
-1.213276791709984	1.9428136122793378
-1.187529207499937	1.9384253642684035
-1.174822833702727	1.9361299307781947
-1.1622272312118822	1.9337694188404013
-1.1373657354633018	1.9288603266441853
-1.1250985085875826	1.9263152413019167
-1.1129393873584197	1.9237120683034306
-1.0889426737169414	1.9183380697500674
-1.042215335237782	1.9069638757054828
-1.0307930046388263	1.9039987451689333
-1.0194729863674004	1.9009878991617664
-0.9971368631779737	1.8948346517845942
-0.9536588606310301	1.8820394331773922
-0.9430336598239615	1.878746291608359
-0.9325046251077272	1.875417869846587
-0.9117319317288118	1.8686598820977158
-0.8713061434628246	1.8547707770747706
-0.8614283792752925	1.8512270292965967
-0.8516405237488699	1.8476567450685193
-0.832331417031205	1.8404404877531262
-0.7947578568645978	1.8257314317676685
-0.7236171662952503	1.7953995276351826
-0.7152520179269876	1.791613584175582
-0.7069615642009786	1.7878149191572834
-0.6906019749966474	1.7801819574608093
-0.6587489336950362	1.76479041381022
-0.5983578966145942	1.733628505495199
-0.5911071159430407	1.72970757317733
-0.5839204652865253	1.725782469034324
-0.5697370746227741	1.7179214554528017
-0.5421128545447498	1.7021675889268866
-0.489702171920046	1.6706152953316293
-0.4834057075565381	1.6666736181378974
-0.4771640302778076	1.6627334829848641
-0.4648428756987349	1.654858964503002
-0.44083451487077513	1.6391403996127276
-0.3952388909338366	1.6078790744250078
-0.31287849574516646	1.5464099760478707
-0.30768656429830854	1.5423055794198925
-0.3025414459663874	1.5382100982676798
-0.2923896446154754	1.5300464308324044
-0.27262606960377844	1.5138318403091797
-0.23515390005816472	1.481878362575978
-0.16765730083879168	1.4200201122126366
-0.16374042396000865	1.4162487479852608
-0.15985683526617112	1.4124887702875146
-0.1521881392652975	1.4050030841185432
-0.13723521403649372	1.3901694387872257
-0.10879478883445926	1.3610566443343124
-0.05724413554040846	1.305055977780894
-0.05443869335481222	1.3018806868839676
-0.051654147129613144	1.2987153772065385
-0.046146967292945165	1.2924146430695589
-0.03537494662085187	1.2799322717933004
-0.014759438578363775	1.2554398920537986
0.023059146001288788	1.2083061022289578
0.08711402224440593	1.1210670556566893
0.08904941070711324	1.1182681525531482
0.09097093144665966	1.1154790350857853
0.0947728743035302	1.109930000352592
0.10221582142421362	1.0989476338238897
0.11648451301663781	1.077436930144094
0.14274923305155132	1.0361617723360383
0.18753223050083523	0.9600527638053667
0.18876425174222206	0.9578438740085239
0.1899885986886145	0.9556421118849653
0.19241451486279587	0.9512598426004875
0.1971769195270333	0.9425794345468697
0.20635700633797086	0.925548132719988
0.22343506149558745	0.8927492520858
0.2531369098999383	0.8317993908771754
0.2962599386549775	0.7322178469092587
0.330289785072336	0.640790160466426
0.3539573664981792	0.5673978767657163
0.37183977861052586	0.5041825655409249
0.3869331287185459	0.4433139832223254
0.3980134710031928	0.39229898401612484
0.40755631350919785	0.3420351341660562
0.41499678241795457	0.29678765800353096
0.42057827548901566	0.2575402075949462
0.42543725610348954	0.2175696104780258
0.4255000758957204	0.2170039325187196
0.4255626794910846	0.21643871241308385
0.4256872404407557	0.21530963958304217
0.4259337936728321	0.21305692041077318
0.4264167536286681	0.20857284699491516
0.42734307833124924	0.19968748268589523
0.429044751543757	0.18222723954461456
0.4290989912616822	0.18164284499915684
0.429153015557442	0.18105888033465628
0.4292604201077305	0.1798922339164754
0.4294726684643367	0.17756402582865433
0.42988704326419713	0.17292757688051172
0.43067623782877573	0.16373162640900313
0.4307238468846819	0.16316017250348164
0.4307712570156863	0.16258909653700382
0.43086548239419853	0.161448072177861
0.43105156672020933	0.1591704902477248
0.4314143724668368	0.15463284837838667
0.4321033236228999	0.1456249362151309
0.4321440368587191	0.14507501387774493
0.43218457182834685	0.14452540929751465
0.4322651084832059	0.14342714789384353
0.43242405914415316	0.14123437766574853
0.43273355214538983	0.13686354222805125
0.4333195374914075	0.12817828444751836
0.43335472466059993	0.1276378594589489
0.43338974474739855	0.1270977093977749
0.4334592849491451	0.12601822887107877
0.43359637429454106	0.12386251002541625
0.4338626579337266	0.11956375369510351
0.43436417568892266	0.11101469655585393
0.43439215877894266	0.11051814233086923
0.4344200045993077	0.11002179228276758
0.4344752852941989	0.10902970072951564
0.4345842088758732	0.10704792396382602
0.4347955516186535	0.1030937743694783
0.4351925783591504	0.09522133840606631
0.4352162702003347	0.09473083027712048
0.43523983111141284	0.09424049511034516
0.4352865608603856	0.09326033985021152
0.435378457024692	0.09130206300095042
0.4355560347864216	0.08739343202027476
0.4358866279319134	0.07960618083447225
0.4359078573050766	0.07907986908560898
0.4359289389186579	0.07855372537394142
0.4359706596095449	0.0775019373867375
0.4360523359659009	0.07540032650615035
0.4362086683794581	0.07120470504923856
0.4362275551432912	0.07068094235191966
0.4362462969581593	0.0701573291459242
0.43628334639621247	0.06911054661658544
0.4363557130173623	0.0670187250176792
0.4364935522213739	0.06284180009136876
0.43651013875486777	0.06232029215012931
0.43652658280679135	0.06179891547220402
0.43655904403700657	0.06075655138886912
0.43662226292827555	0.058673348749863775
0.43674191676108665	0.05451279395135318
0.4369543142286753	0.046213086316991954
0.43696560817878394	0.04572957347401415
0.4369767813613273	0.0452461440323919
0.43699876575829955	0.044279531772460086
0.4370412889700005	0.04234726871313285
0.4371205706117494	0.03848638864586574
0.4371299418291197	0.03800410310176151
0.4371391935103937	0.03752188670056817
0.43715733854050637	0.03655765778057821
0.43719219715116414	0.03462999067262303
0.437256202856565	0.030777621389012775
0.4372636692926091	0.030296335986726864
0.43727101719121253	0.029815105594674398
0.4372853575943352	0.028852806322804913
0.4373126183019867	0.026928829219873322
0.4373191379225029	0.026447959288547897
0.4373255394188978	0.025967137340142415
0.43733798822910047	0.025005633885141498
0.4373614703980143	0.02308316421204013
0.43736704631062934	0.022602653611315207
0.4373725044556781	0.022122183987924492
0.4373830676045821	0.021161364176110534
0.437402782418876	0.019240177828628278
0.437407417278392	0.018759970580782572
0.43741193467049044	0.018279797323221682
0.43742061718583136	0.017319549290243434
0.43743657402583475	0.015399422744636944
0.4374401985849603	0.014928887954263483
0.4374437104789475	0.014458379148183442
0.4374503963709506	0.013517436208040651
0.4374535704166749	0.013047000433967665
0.43745663189267747	0.01257658736415635
0.4374624172220797	0.011635826059030442
0.43746514111674945	0.011165476184937151
0.43746775252423814	0.010695145737537076
0.4374726379513727	0.009754539846746325
0.43747491200586003	0.009284262765630411
0.43747707364285077	0.008814001835746052
0.4374810597251969	0.007873525155464368
0.43748288419897435	0.007403307768217499
0.43748459631209946	0.006933103258492106
0.43748619607677874	0.0064629108080925465
0.4374876835044176	0.005992729598905009
0.43748905860561954	0.005522558812891833
0.4374903213901876	0.005052397632085989
0.43749147186712334	0.0045822452385855155
0.4374925100446279	0.00411210081454788
0.4374934359301014	0.0036419635421847613
0.4374942495301439	0.003171832603756284
0.4374949508505542	0.002701707181565263
0.4374955398963312	0.002231586457951993
0.43749601667167365	0.0017614696152885992
0.4374963811799794	0.0012913558359734932
0.4374966334238467	0.0008212443024258426
0.4374967734050734	0.0003511341970799151
0.4374968011246571	-0.00011897529762012694
0.43749671658279543	-0.0005890849992259848
0.4374965197788857	-0.00105919572529098
0.4374962107115254	-0.001529308293375264
0.4374957893785115	-0.001999423521051467
0.43749525577684106	-0.002469542225910234
0.43749460990271094	-0.0029396652255657676
0.4374938517515173	-0.003409793337661471
0.4374929813178563	-0.003879927379875161
0.4374919985955236	-0.004350068169924833
0.43749090357751436	-0.0048202165255744065
0.437489696256023	-0.005290373264638954
0.43748837662244316	-0.005760539204990338
0.4374869446673676	-0.006230715164562762
0.4374837437510955	-0.007171100413452613
0.4374819747670788	-0.007641311339000037
0.4374800934159257	-0.008111535556239476
0.4374759935577529	-0.009052027139206623
0.4374737750214993	-0.00952229614188487
0.437471444059641	-0.00999258171016741
0.43746644479181557	-0.010933205818642638
0.43746377645019385	-0.011403545996684035
0.43746099561165736	-0.011873906016038133
0.43745509636369284	-0.012814688855822763
0.43744194697812183	-0.014696528687818716
0.4374380700449969	-0.015206976493993945
0.4374340604979288	-0.0157174554518303
0.4374256434261227	-0.016738511013342405
0.43740721635832774	-0.018781042070585622
0.43740227750796873	-0.019291768439227718
0.43739720574289254	-0.019802534348397106
0.43738666329690734	-0.02082418898840808
0.4373639814768968	-0.022868018974379227
0.4373579780519431	-0.023379091084349685
0.43735184133966415	-0.02389021114393089
0.43733916784541244	-0.024912599323405622
0.4373122190607848	-0.026957997426381476
0.4372519012157148	-0.031051516989778687
0.43724375836141205	-0.03156348286105867
0.43723548125728956	-0.03207551357808386
0.4372185240190462	-0.03309977379014896
0.4371829953944653	-0.0351491190418654
0.43710546435980285	-0.03925134705406242
0.43709516448173696	-0.03976447797636235
0.437084729097861	-0.04027769077364502
0.4370634514580369	-0.04130436627203922
0.43701926614199016	-0.04335874687414886
0.4369243539907837	-0.047471867011011214
0.4369127126894401	-0.04795205835196882
0.4369009520340162	-0.04843233590809065
0.4368770723116287	-0.04939315318112034
0.4368278767246542	-0.051315861012025295
0.4367237202453916	-0.05516576748360526
0.4367101583157079	-0.055647444062104395
0.43669647552855867	-0.056129220991537214
0.43666874697369756	-0.05709307946085073
0.43661183503225565	-0.05902203978519241
0.4364921677576493	-0.06288513415155997
0.43647665936632674	-0.06336852346512747
0.43646102837577555	-0.06385202744679153
0.4364293981283044	-0.06481938302105034
0.43636466123322626	-0.06675550990607367
0.43622925435189525	-0.07063362967684376
0.4359344751188968	-0.07841496962216969
0.43591334105040197	-0.07894334666678325
0.4358920579892724	-0.07947189290024456
0.43584904412993897	-0.08052949767721099
0.4357612200690797	-0.08264678975687026
0.4355783422218766	-0.0868899715480799
0.4351832931611901	-0.0954128867073264
0.4351572901893704	-0.09594727332493437
0.4351311314396954	-0.096481867834237
0.43507834565796943	-0.09755168547732392
0.4349708942362352	-0.09969387000814246
0.43474841681014814	-0.10398871556742001
0.43427270091486053	-0.11262257453914107
0.43424215719265435	-0.11315434579999875
0.4342114552648434	-0.11368635646991733
0.4341495756974979	-0.11475110095952062
0.43402390596197454	-0.11688351710978608
0.4337648606980211	-0.12116033641062231
0.43321541768890104	-0.12976417837361476
0.43198651627066637	-0.14719121270564103
0.4319480098375666	-0.14770388733920617
0.43190934756644667	-0.1482168426507764
0.43183155425124503	-0.14924359980317362
0.4316740836311644	-0.1513005318128136
0.43135153395150266	-0.15542832119842623
0.4306753997277696	-0.16374166819059818
0.42919382614047474	-0.18061648406859104
0.4291404834600167	-0.18119451258672276
0.4290869298980089	-0.18177296149392858
0.428979187959724	-0.1829311270270133
0.4287611494865559	-0.18525257505243625
0.42831472912150875	-0.1899163110350976
0.42737947633186296	-0.1993301758367615
0.42533036888302356	-0.2185286987728852
0.4207963249001407	-0.2558823262008783
0.4153014332759748	-0.29478302351144864
0.40788808623148515	-0.3401492372722189
0.3992586033870461	-0.38612538933797486
0.3874859782227879	-0.44091513943008026
0.3735018054619345	-0.497867109769092
0.3560157366274553	-0.5605137098618729
0.33120290847629086	-0.6381314509335589
0.3002422807514217	-0.7221996804052889
0.2540290944362645	-0.8298828865837088
0.25318523187740305	-0.8316957279242011
0.2523366206491994	-0.8335139329579784
0.250625013639798	-0.8371665312391197
0.24714327413527515	-0.8445371672840619
0.23993752417083208	-0.8595457917843109
0.22448695975383764	-0.890678860212138
0.1887849122263483	-0.9578067749046809
0.18763526592725027	-0.9598682870551474
0.1864788835405872	-0.9619360351892592
0.18414570645398523	-0.9660903445196579
0.17939624825487058	-0.9744749564752976
0.16955286756235757	-0.9915541597723846
0.148384849809297	-1.027001731458876
0.14699189867482457	-1.029276267216704
0.1455903244584725	-1.031557923176048
0.14276103170100315	-1.0361427116117072
0.13699590607317177	-1.0453990096982149
0.12502321288194856	-1.0642650642052855
0.0991678792371436	-1.1034642799769636
0.09731705210201282	-1.106193862924542
0.09545306646761424	-1.108932939317457
0.09168513986813594	-1.1144397263582093
0.08398603282173184	-1.1255689141089031
0.06790619325115384	-1.1482983301277612
0.03277125358349706	-1.1957090078014745
0.030432949607261027	-1.1987611969120857
0.02807692675764082	-1.2018240734632017
0.023311041311081127	-1.2079820270059325
0.013559020101456033	-1.2204276861571708
-0.006866863053364337	-1.2458453298654595
-0.05176228311328822	-1.298838555263272
-0.054562587686970775	-1.3020212055469085
-0.0573840210106891	-1.305213944693719
-0.06309107495303969	-1.3116297448078018
-0.07476766286945911	-1.324582978857999
-0.0992185288078212	-1.3509780938269058
-0.15292624829866755	-1.405727131784847
-0.15651351480135664	-1.4092352563411858
-0.1601295182279724	-1.41275344913516
-0.16744887277394002	-1.4198199518340382
-0.1824451082971103	-1.434072716337014
-0.2139355223488925	-1.463050040094317
-0.2834978598064811	-1.5228044677948163
-0.2880700270753243	-1.5265390545514264
-0.29268018516771327	-1.5302816132820838
-0.3020159909807844	-1.5377902568323727
-0.3211604064111766	-1.5528987232928595
-0.36143068462005107	-1.5834537986906072
-0.36665839504853864	-1.5873022726005848
-0.37193064646308244	-1.5911567132680764
-0.38261056127381304	-1.5988828411370806
-0.40452481638000565	-1.6143992224068053
-0.4506771399628269	-1.6456450081228382
-0.4566736200421943	-1.6495664870506586
-0.46272233610187147	-1.6534906729367806
-0.47497856700649455	-1.6613461309319935
-0.5001411344913946	-1.67707774100126
-0.5531901221717929	-1.7085559513599928
-0.5600877138355234	-1.7124856171791267
-0.5670464769994963	-1.7164129283486158
-0.581149924485593	-1.7242589080420672
-0.6101176231739556	-1.7399046665969815
-0.6712371952175686	-1.7709090256702593
-0.6798669657825693	-1.7750735177821122
-0.6885807870673699	-1.7792262104735026
-0.7062640338657988	-1.7874931906562317
-0.7426774174715625	-1.8038513528878068
-0.7520040251223697	-1.8078994038647154
-0.76142172623081	-1.8119291037601808
-0.7805340227580925	-1.8199297575744966
-0.8198917162254864	-1.8356688891791382
-0.8299725613210598	-1.8395430963691037
-0.8401518249160755	-1.8433909278253071
-0.860809327218909	-1.8510029569073523
-0.9033463642982906	-1.865859347351186
-0.914240669692513	-1.8694896023246668
-0.925240865308869	-1.8730837144409442
-0.9475626659220912	-1.8801580453423812
-0.9935179754168582	-1.8938110250817262
-1.0052854744272068	-1.8971122471052224
-1.017166277903498	-1.900365516273117
-1.041271429128011	-1.9067216148855992
-1.0534975764987056	-1.9098210589990523
-1.0658406261141886	-1.9128657782754255
-1.0908809455641446	-1.9187838404761364
-1.1035799485625286	-1.921653481112117
-1.1163993184135867	-1.9244609910089108
-1.142402502297741	-1.9298817536886432
-1.1958892864251955	-1.9398887558331526
-1.2095739377515038	-1.9422041472461258
-1.2233852559857945	-1.9444405256747266
-1.2513907035927645	-1.9486669277815212
-1.2655861827727943	-1.9506521729903772
-1.27991102581278	-1.952548847110151
-1.308951230058925	-1.9560663822101738
-1.3236677351998052	-1.9576820670764845
-1.3385158890326465	-1.9591988275988046
-1.3534961872461757	-1.960613947269893
-1.3686090921108038	-1.9619246573578923
-1.3838550307847648	-1.9631281364774524
-1.3992343935684832	-1.9642215101897667
-1.4147475321064586	-1.9652018506338222
-1.430394757535954	-1.9660661761911784
-1.4451167853778668	-1.9667653889076333
-1.459955984191342	-1.9673584325081828
-1.47491250245782	-1.9678427565208112
-1.4899864521352035	-1.968215769007525
-1.5051779071613123	-1.9684748364675382
-1.5204869019205964	-1.968617283772905
-1.5359134296739612	-1.9686403941384707
-1.551457440951721	-1.968541409128083
-1.567118841909659	-1.9683175286990733
-1.5828974926482353	-1.967965911287038
-1.5987932054951228	-1.9674836739330601
-1.6148057432513059	-1.9668678924555354
-1.6309348174010145	-1.966115601668857
-1.6471800862858392	-1.965223795651232
-1.663541153243515	-1.9641894280640158
-1.680017564711967	-1.963009412524944
-1.6966088082992412	-1.96168062303776
-1.7133143108200466	-1.960199894480727
-1.7301334362998089	-1.958564023156626
-1.747065483947246	-1.956769767406837
-1.764109686096543	-1.954813848292183
-1.7812652061203118	-1.9526929503432313
-1.8159064957586422	-1.9479427784235854
-1.8333902281472825	-1.9453066986432666
-1.8509811996040877	-1.9424920304407103
-1.8864799230797198	-1.9363129613930252
-1.904384999507676	-1.932941502141249
-1.9223919593183165	-1.9293773403763612
-1.95870521714315	-1.9216564941889933
-1.9770081292437804	-1.9174925424369464
-1.9954061483289323	-1.9131213570181484
-2.032479674518474	-1.9037425265726002
-2.0511510123832486	-1.8987274614928682
-2.0699091142217174	-1.8934903270179628
-2.107676110377309	-1.8823348790580074
-2.1266799797907843	-1.876409062938764
-2.145760559012558	-1.8702461774864603
-2.1841405395956155	-1.8571941765083482
-2.2616899309217784	-1.8280804586170445
-2.2812224178588076	-1.8201533167775439
-2.3008058281380452	-1.811959328880298
-2.3401101140769227	-1.7947563027739784
-2.4191539347515083	-1.7569904843907962
-2.438980104407116	-1.7468288485958725
-2.4588230790468093	-1.7363724132585654
-2.4985397672138823	-1.714562184956145
-2.5779505075733504	-1.6672657384236826
-2.600069563834911	-1.6531718853906454
-2.6221551125334073	-1.6386806072209863
-2.6661919359609856	-1.6084918510088253
-2.7534804613058674	-1.5432026314523803
-2.7750849681937564	-1.5258413696532345
-2.796583102124102	-1.5080600540791371
-2.839220105726521	-1.4712303035452143
-2.922766387109008	-1.3924689334905949
-2.9432306060005597	-1.3717121546884474
-2.96350391327284	-1.350528827570067
-3.003432857311398	-1.3068852219826603
-3.0230657640767102	-1.284427157490636
-3.0424623226925678	-1.2615469900932978
-3.0805000419707405	-1.2145287741461104
-3.09911788922085	-1.190395887970865
-3.1174527895432425	-1.165851237474419
-3.153226830097656	-1.1155412852362274
-3.220864221504468	-1.0101640282898483
-3.2368910908855586	-0.9828595141523868
-3.2525420372277423	-0.9551831906184937
-3.282671175040505	-0.8987430155072705
-3.2971272294548384	-0.8699941614202342
-3.311163123557576	-0.8409034889236273
-3.3379321211925035	-0.7817312387703238
-3.350644610852578	-0.7516679504818824
-3.3628957494564586	-0.721299410938693
-3.3859755240434404	-0.659687483893419
-3.396785659063043	-0.6284654920615973
-3.407097476449864	-0.5969810209347455
-3.426192718627269	-0.5332713602452608
-3.434960318587846	-0.5010703629122616
-3.443197983059494	-0.4686552438456314
-3.450898765165921	-0.4360388695963569
-3.4580561307019746	-0.4032343876325026
-3.464663971735316	-0.3702552099186487
-3.4707166194285572	-0.3371149957282013
-3.476208856032467	-0.30382763373163435
-3.4811359260035157	-0.27040722340711537
-3.4854935462021497	-0.23686805582356651
-3.489277915131248	-0.20322459384933558
-3.4924857211779603	-0.1694914518424971
-3.4951141498257257	-0.13568337488144427
-3.4971608898072755	-0.10181521759693042
-3.4986241381736582	-0.06790192266879545
-3.49950260425851	-0.033958499052248084
-3.4997955125214015	-3.857236747658105e-15