-0.5771161877998804	0.
-0.5771125472403261	0.0017539424157173773
-0.5771016257228373	0.0035078427496480994
-0.5770834237309208	0.005261658923094409
-0.5770579420703603	0.007015348863535841
-0.5770251818691295	0.008768870507716693
-0.5769851445772674	0.010522181804732059
-0.5769378319667179	0.012275240719111952
-0.5768832461311352	0.01402800523390303
-0.576821389485653	0.01578043335374751
-0.5767522647666188	0.01753248310795872
-0.5766758750312923	0.01928411255359284
-0.5765922236575093	0.0210352797785164
-0.5765013143433095	0.022785942904469
-0.5764031511065307	0.024536060090120843
-0.5761850805328893	0.028034489478160934
-0.57606518282654	0.029782718209977865
-0.5759380504575806	0.03153023406642249
-0.5756621044864707	0.035022960764217785
-0.5755133030525542	0.03676808855193813
-0.5753572912911624	0.03851233736303252
-0.5750236645876635	0.04199803263263147
-0.5748460643301828	0.04373939655054146
-0.5746612831128751	0.04547971641656492
-0.5742702105989166	0.04895705972701806
-0.5734022721890532	0.05589741538344394
-0.5731674690012407	0.057629281096232395
-0.5729255584725806	0.05935977644028011
-0.5724204580096808	0.06281649462956548
-0.5713254546376682	0.06971171713100953
-0.5710341057663244	0.07143149533726526
-0.5707357425776295	0.07314958319666663
-0.5701180253871069	0.07658053007809505
-0.5687990089945685	0.08342041100624098
-0.5684519247611665	0.08512556812146568
-0.5680979379973123	0.08682872266830288
-0.5673693181818539	0.09022887054367833
-0.5658299381007911	0.09700345508038051
-0.5624264027736243	0.11044137893648222
-0.5619322423752753	0.11225020575196268
-0.5614302965351158	0.11405597504943182
-0.5604031485285904	0.11765815895789673
-0.55825654638364	0.12482384740811157
-0.5536001502032379	0.13899064471878014
-0.5529846001596903	0.14074522660138994
-0.5523617029888358	0.1424960534077812
-0.5510939877932869	0.14598627728308006
-0.5484717339011079	0.15291987134333151
-0.5428870451156411	0.16659082537473008
-0.5421577057575238	0.16828055295475558
-0.5414215333850925	0.16996590327608935
-0.5399288270984869	0.17332332780980925
-0.5368629437989256	0.1799840807703455
-0.5304172815686128	0.19308155295124232
-0.5163368924990138	0.21832382020156274
-0.5154687453310928	0.21975578121583514
-0.5145956808038096	0.22118306744393101
-0.5128349297212572	0.22402353440540734
-0.5092558544211668	0.22964749377821222
-0.5018747933008114	0.2406633245746367
-0.500931910225144	0.24201820052906234
-0.4999846383905609	0.24336810901380143
-0.49807706263622786	0.24605295999856042
-0.4942107244038721	0.25136236826436037
-0.4862808613565333	0.2617367997435935
-0.4852718021886571	0.2630104328434311
-0.48425889463303623	0.2642788755962207
-0.4822216700797875	0.26680014372594757
-0.47810253334613495	0.27177990091239823
-0.4696931057347587	0.28148604193437426
-0.4522501455708798	0.29987021189210505
-0.45115661343770047	0.30095167238269377
-0.4500604167187459	0.3020279078736405
-0.4478601538004828	0.30416469031605825
-0.44342901669157486	0.30837541819302594
-0.43445117709422754	0.31654503892364316
-0.4160872980752612	0.3318757537685389
-0.41492357963239296	0.33278932765865543
-0.41375815569659213	0.33369766667498824
-0.4114223054717114	0.33549865143984464
-0.40673138888474714	0.3390379369697448
-0.39727895072973846	0.3458666247671865
-0.3781402719106267	0.3585334134974922
-0.37683347467950745	0.35934485069460065
-0.37552568536318504	0.36015032659596924
-0.37290725771027844	0.3617434336719856
-0.3676598873822687	0.36485855276533724
-0.35712998950895086	0.37080682167593276
-0.35581104439196454	0.3715241422622896
-0.35449159599032637	0.37223567740053837
-0.35185130535316717	0.37364144069723615
-0.34656595082641095	0.37638409277604445
-0.33598241376420523	0.3815968384676073
-0.3346588011372016	0.38222314453763295
-0.3333351283518622	0.382843877990752
-0.33068770672688236	0.38406868452114157
-0.3253932799837709	0.38645206448682917
-0.31481170502459555	0.39095724551530875
-0.2937201245270589	0.39894934725427056
-0.2924942880199344	0.3993746795855688
-0.2912690483063465	0.39979559683368765
-0.2888204254239704	0.4006242413332716
-0.2839310615276404	0.40222915939908643
-0.2741873956788025	0.4052326555897319
-0.2729730226056677	0.40558902440778993
-0.2717594956753991	0.40594120341253237
-0.269335038027592	0.40663304939109846
-0.2644969049318453	0.40796709645425433
-0.25486684035331336	0.4104398548177107
-0.25366767205679996	0.4107309206216799
-0.25246956643786495	0.41101802866727644
-0.25007659304289587	0.4115804300585461
-0.24530393955434776	0.41265838463696525
-0.24411361546106464	0.4129181988812493
-0.2429244505503043	0.4131741727574583
-0.24054964427718753	0.413674658235189
-0.23581444141013364	0.4146301921134198
-0.23463370708833234	0.41485969539201084
-0.23345422093876986	0.4150854760388802
-0.231099035476452	0.4155259283244612
-0.22640410185133059	0.41636280896106886
-0.21707821052407536	0.4178637677915136
-0.2158216410942169	0.418049690813164
-0.21456672225245507	0.41823151923587754
-0.2120618812684647	0.4185829667029168
-0.2070724926536041	0.41923754410406155
-0.20582943549993932	0.4193912304156341
-0.2045881151193924	0.4195409704996049
-0.2021107251195591	0.41982868578810234
-0.19717722364109402	0.42035757215943303
-0.1959483371183484	0.42048020411040093
-0.1947212647412309	0.42059903680913635
-0.19227259858721	0.4208253774387021
-0.19105102256751014	0.4209329217919752
-0.18983129620953332	0.42103673973654643
-0.18739742658375758	0.42123326891335333
-0.18618330005244163	0.42132601632389116
-0.18497105665750155	0.4214151096810591
-0.18255225137743838	0.4215824062325017
-0.18134570523506766	0.4216606453405844
-0.18014107371626123	0.4217353022217231
-0.17773758469961143	0.4218739407449173
-0.1765387419777165	0.42193795801723283
-0.17534184343295886	0.42199846432201205
-0.17414689615789583	0.42205547738128507
-0.17295390712842296	0.42210901487887464
-0.17176288320460856	0.4221590944598742
-0.17057383113152674	0.42220573373013387
-0.1682016689478721	0.42228876156260386
-0.16701857175995277	0.4223251851358101
-0.16583747226972834	0.4223582384193054
-0.16465837665974573	0.42238793881534875
-0.16348129100252445	0.42241430368406896
-0.16230622126137884	0.42243735034301466
-0.16113317329123802	0.42245709606671356
-0.15996215283946466	0.42247355808624004
-0.1587931655466707	0.42248675358879045
-0.15762621694753254	0.4224966997172686
-0.15646131247160316	0.4225034135698788
-0.15529845744412188	0.42250691219972636
-0.15413765708682325	0.4225072126144285
-0.15297891651874201	0.4225043317757307
-0.15182224075701795	0.4224982865991346
-0.1506676347176955	0.42248909395353007
-0.14951510321652398	0.42247677066083833
-0.14836465096975351	0.4224613334956615
-0.14721628259492936	0.4224427991849404
-0.14607000261168276	0.42242118440761933
-0.1449258154425206	0.42239650579432003
-0.14378372541361112	0.4223687799270214
-0.14264373675556824	0.4223380233387482
-0.14150585360423204	0.4223042525132663
-0.14037008000144716	0.4222674838847857
-0.13925707579971808	0.4222284853633504
-0.13814611235942115	0.4221866286347876
-0.13593032193716514	0.4220944021507043
-0.13482550183171413	0.4220440630744898
-0.1337227362421028	0.4219909271492884
-0.13152338145215695	0.4218763255867265
-0.1304267984691078	0.42181489024658875
-0.12933228243783887	0.4217507186514864
-0.12714946278416336	0.42161422675754634
-0.12280874960155207	0.42130906583903244
-0.12172877928429107	0.4212261584826225
-0.12065089700988024	0.4211406337142408
-0.11850140569593204	0.42096179041932585
-0.1142275756629666	0.4205733353229011
-0.11316436986863457	0.4204698955460829
-0.11210326845078991	0.42036395400017235
-0.10998738557103181	0.4201446224565752
-0.1057809436174076	0.41967656067647374
-0.10473461730559522	0.4195535022182841
-0.10369040727610053	0.41942805436453207
-0.10160834077173836	0.419170045674979
-0.09746965140653806	0.4186259598867157
-0.09644028523189603	0.41848417014586997
-0.09541304313444798	0.4183401000641612
-0.09336493391455447	0.4180451724126453
-0.08929423131284484	0.417428538961372
-0.08828187411403104	0.41726887866422935
-0.08727164498001987	0.4171070437305041
-0.08525757183344844	0.4167769018067807
-0.0812549695005752	0.4160910897611596
-0.07335192470044602	0.4146201888785218
-0.0724393007002784	0.41444029045627095
-0.07152852635984046	0.4142586743325178
-0.0697125248178345	0.4138903283546382
-0.06610269547359567	0.4131334548761646
-0.05897158514336346	0.41154113580226487
-0.05808848263377123	0.4113349144102057
-0.05720721856945086	0.4111271282294708
-0.05545020187307742	0.4107068983545726
-0.051958185248913755	0.40984806433628235
-0.04506196369198503	0.40805891291505325
-0.04420814411973257	0.407828739895773
-0.04335614412727255	0.4075971450022325
-0.04165759724074815	0.4071297239761177
-0.03828227500658427	0.4061781955283072
-0.03161837008690687	0.40421026985270075
-0.01863445160190559	0.40002945760537245
-0.017770946434337336	0.3997349026002451
-0.01690951491783113	0.39943897852329413
-0.015192862279288365	0.3988430609718788
-0.011784323406401707	0.397635210283972
-0.005065691826624548	0.39515750219899914
0.007983005242698687	0.3899698704967917
0.008781562041665874	0.3896359644063343
0.009578139265611641	0.38930096876427345
0.01116536785727494	0.38862774071713513
0.014316212440331978	0.38726855837585544
0.02052418828623402	0.3845010190280867
0.03257133168480318	0.37878252022517944
0.03325929118242199	0.3784417785623238
0.03394561968704541	0.37810029143390145
0.035313395217733204	0.37741510246504356
0.038029501141150966	0.3760360158459281
0.04338458240468895	0.3732441851387729
0.053791472436422974	0.3675349364123382
0.07343467259110398	0.3556807291344843
0.07401259409116431	0.35530953369405616
0.07458913003604863	0.3549379037776193
0.07573805648464987	0.3541933547927535
0.07801940612501217	0.3526991990146412
0.08251671934353877	0.3496914298817579
0.09125479511191378	0.34360399034768163
0.10774420854125982	0.33118501079621393
0.10828104162076976	0.330759041801112
0.10881645027024645	0.3303327870106699
0.10988300777093861	0.3294794325336342
0.11199917772827352	0.3277694302740805
0.11616448614825514	0.3243369258150736
0.12423289138756242	0.3174270412130453
0.13936689160388124	0.3034648426766389
0.13978890257808332	0.3030554582667275
0.1402098509505113	0.30264596675623623
0.14104856958266462	0.3018266689677592
0.14271336195962006	0.30018685945156803
0.1459929033813608	0.2969027367291566
0.15235603353849136	0.2903191540978156
0.16433113343798006	0.2771099803640121
0.18714400551462107	0.24843036503132465
0.2058454223543647	0.2204209227882842
0.22043685625690365	0.1945594713436047
0.22066255976789934	0.19412377171300227
0.22088757571222817	0.19368816193161223
0.22133555078613207	0.19281721249870296
0.22222331459268868	0.19107639804688092
0.22396642003023615	0.1875991352931563
0.22732546225359915	0.18066226138205735
0.23355401577353577	0.16686000991987515
0.23372621179505876	0.16645886309816624
0.23389788250158647	0.1660577976832884
0.234239651793128	0.1652559109915435
0.2349169284730795	0.16365311349152456
0.23624664418285682	0.16045141533506016
0.2388083620884856	0.15406353219520014
0.24355337752102135	0.14134891792801144
0.24370546152983502	0.14091978319678616
0.24385699337748273	0.1404907390856412
0.24415840446670922	0.13963292217551054
0.24475464314645892	0.13791836968257984
0.245920998693826	0.1344935573916867
0.2481508691988346	0.12766082358436867
0.2482857464420147	0.1272345137227134
0.2484201006975478	0.12680828940169817
0.24868724364518152	0.12595609665793137
0.24921529088244568	0.12425272962970713
0.25024661650020863	0.12085002734048782
0.2522116313257174	0.11406039793555839
0.2523280234530166	0.1136444431530891
0.252443936012864	0.11322856471011068
0.25267432522745953	0.11239703602452457
0.2531293794432592	0.11073488567741362
0.25401674368811095	0.10741416611606781
0.2557016758691043	0.10078666441265265
0.25580305389001323	0.10037304685842675
0.25590397323563496	0.09995949868377459
0.2561044383129532	0.0991326095503099
0.25649989073268104	0.0974796536460671
0.25726901597257334	0.09417697868912074
0.2587211604146484	0.08758414629842759
0.2588023234100507	0.08720024033354033
0.25888310276617565	0.08681638805154272
0.2590435122262206	0.08604884371943194
0.2593597456807482	0.08451439024093665
0.2599739613408344	0.08144797773555575
0.2611300851243956	0.0753247547346205
0.26119916827638306	0.07494246333187293
0.26126788011700175	0.07456021887880476
0.2614041912705193	0.0737958699547466
0.2616723732009619	0.07226772594689079
0.2621910517813234	0.06921360430465852
0.26315825148521177	0.0631136302885894
0.2632204318086754	0.06270065942152749
0.263282187791418	0.062287735383707486
0.26340442821074306	0.06146202664019522
0.2636438330508566	0.059811158371686546
0.26410241804659584	0.05651155352526863
0.2641578518221924	0.05609929706533189
0.26421286686039014	0.055687082770560864
0.2643216420353382	0.05486277949851019
0.2645341818118279	0.05321466596033524
0.26493928919581944	0.049920344533410266
0.264988061147488	0.04950872720944451
0.2650364193102151	0.049097147302654666
0.265131895417658	0.04827409854330008
0.2653178946620285	0.04662843684497291
0.2656701423858917	0.043338789334212875
0.2662960904096157	0.03676565534097103
0.2663293984983074	0.03638232035211419
0.26636235282039106	0.03599900954243181
0.2664272008438523	0.035232459461650864
0.26655265905854575	0.033699638453693725
0.2667866598190594	0.030635056928659483
0.26681432704034785	0.03025207876345151
0.2668416429982777	0.02986912076553122
0.26689522168578933	0.029103264264033975
0.2669981699774648	0.02757178217914373
0.267187259340117	0.024509685112553366
0.2672093222351443	0.02412699933770653
0.2672310359028376	0.023744329687058065
0.26727341600180154	0.022979037743962042
0.2673539902720019	0.021448636184637344
0.2673732623789757	0.021066072298121064
0.2673921861028654	0.020683522504658
0.26742898878928356	0.01991846417967734
0.26749841773121164	0.0183885054525232
0.26751490540065376	0.018006047186050318
0.26753104541606393	0.017623600976171445
0.2675622828152051	0.0168587437065617
0.26762058929932697	0.015329162626715376
0.26763429796162874	0.014946793672280825
0.2676476595841558	0.014564434733463307
0.2676733419830111	0.013799745881019891
0.2677205452077255	0.012270477122190291
0.26773126799239727	0.011895688397233237
0.26774165771277625	0.011520907338027539
0.2677614381643959	0.010771367252689634
0.2677708289933883	0.010396607744365264
0.2677798869535919	0.010021854937410543
0.2677970044450244	0.009272368462806125
0.2678050640608346	0.008897634312666073
0.2678127909770192	0.008522905898917759
0.2678272468615782	0.007773465315255488
0.26783397590137464	0.0073987526625963205
0.2678403723843902	0.007024044780841079
0.2678521678048401	0.00627464236425138
0.2678575668005469	0.005899947346460024
0.26786263335601807	0.005525256133661583
0.26786736749628237	0.005150568484322128
0.26787176924472633	0.0047758841568880895
0.2678758386230939	0.004401202909787494
0.26787957565148707	0.004026524501431319
0.2678829803483656	0.003651848690214822
0.26788605273054766	0.003277175234518803
0.2678887928132096	0.002902503892711201
0.26789120060988636	0.002527834423148256
0.2678932761324711	0.0021531665841756776
0.267895019391216	0.0017785001341302416
0.2678964303947317	0.001403834831341041
0.26789750914998783	0.0010291704341308249
0.26789825566231285	0.0006545067008173328
0.26789866993539385	0.0002798433897145452
0.2678987519712773	-0.0000948197408657171
0.2678985017703684	-0.000469482932612632
0.2678979193314312	-0.0008441464272152133
0.2678970046515887	-0.0012188104663607125
0.2678957577263233	-0.0015934752917333703
0.2678941785494756	-0.0019681411450130797
0.26789226711324554	-0.0023428082678740476
0.2678900234081915	-0.0027174769019835464
0.2678874474232308	-0.0030921472890003136
0.2678845391456391	-0.003466819670573391
0.26788129856105086	-0.003841494288340958
0.2678777256534587	-0.004216171383928734
0.2678738204052134	-0.004590851198948724
0.2678695827970242	-0.0049655339749978804
0.2678601104154392	-0.0057149093764882935
0.2678548755952505	-0.006089602485036127
0.26784930832153125	-0.0064642995208235125
0.26783717630184567	-0.007213706340100398
0.26783061149594345	-0.007588416606522387
0.2678237141166385	-0.007963131766046306
0.26780892149986874	-0.008712577729975865
0.2678010261893171	-0.009087309017096853
0.267792798159189	-0.009462046162747685
0.26777534377593654	-0.01021153899472135
0.2677364404754181	-0.011710605574958403
0.2677249709543865	-0.012117192109305565
0.2677131094120065	-0.012523787833136926
0.26768820998493803	-0.013337008079809962
0.2676337036858025	-0.014963572379499664
0.26761909593419453	-0.015370241040428806
0.2676040955452978	-0.015776921350222503
0.26757291650421117	-0.01659031814472029
0.2675058427806012	-0.01821726502703979
0.2674880913584342	-0.01862403547309141
0.2674699465365404	-0.019030820022473537
0.267432476268762	-0.01984443265677229
0.26735281013485906	-0.02147184064083358
0.2671745487209	-0.024727455969623953
0.26715048893916793	-0.025134488780708054
0.26712603379134015	-0.025541540585011496
0.2670759368249779	-0.026355702391640503
0.2669709920726622	-0.02798426731813649
0.26674206424413416	-0.03124243047626391
0.26671166020162596	-0.03164980365686415
0.2666808582337434	-0.03205720068781933
0.26661805980039427	-0.032872067509734135
0.26648767976186677	-0.03450210064673439
0.26620774357153604	-0.037763432371054
0.266173420297826	-0.03814398043164081
0.26613874775072893	-0.03852455343835322
0.2660683541283711	-0.039285775263134974
0.2659233677141073	-0.04080852896024947
0.26561655623489394	-0.043855330825887
0.2655766223901705	-0.04423630712892611
0.26553633623039036	-0.04461731225113086
0.26545470614167904	-0.04537940991526815
0.26528720901743014	-0.04690396164773446
0.2649352184797158	-0.04995454437163825
0.2648896219036157	-0.050336010548028935
0.2648436695037078	-0.050717509370269316
0.26475069629071496	-0.051480605901906
0.2645604695156979	-0.05300720114901339
0.2641628394326771	-0.056062053274326534
0.2632984068012662	-0.06217882407151789
0.2632364949534471	-0.06259352309781752
0.26317415518062776	-0.06300826928407136
0.26304819035157045	-0.06383790430520588
0.2627911088516115	-0.06549775310144706
0.2622562505700162	-0.0688198306480791
0.2611030132502685	-0.07547401936923437
0.2610272077477897	-0.07589037044185099
0.2609509609346063	-0.07630677781800335
0.26079714151891903	-0.07713976259286992
0.26048418637302	-0.07880641998799111
0.2598369032006144	-0.08214254776175205
0.2584559461158062	-0.08882654067969394
0.2583674249380289	-0.08923719198460253
0.25827846276722594	-0.08964790586733405
0.2580992133416411	-0.09046952234908542
0.2577353992661313	-0.09211351702356227
0.25698638878496644	-0.09540460746216366
0.2554018293968275	-0.10199961794320792
0.2518778670893615	-0.11524420654201036
0.25176789369453256	-0.11563139913358497
0.25165750241527013	-0.11601865861238443
0.25143546388926225	-0.11679337887142864
0.25098634663549835	-0.11834362903340337
0.2500678186655247	-0.12144740282087446
0.24814849521037155	-0.127668313084354
0.2439714966387879	-0.14016555715342036
0.2438218376936293	-0.14059040935170064
0.24367163788091656	-0.1410153503337833
0.24336961187519468	-0.14186549917747662
0.24275902768929633	-0.1435668679965174
0.24151151422202377	-0.14697391779293914
0.23890932422270866	-0.15380546578099677
0.23326118141470825	-0.16753958316130513
0.23308725628706406	-0.16794166343574068
0.2329128003974512	-0.16834382546742613
0.2325622924201225	-0.169148394850632
0.2318548641017664	-0.17075851513674817
0.23041413463091123	-0.1739826822388235
0.227427351730809	-0.18044670171384553
0.22101707871978418	-0.19343689282061427
0.20662912321318758	-0.21913418853650246
0.18796034090269315	-0.24730347791854224
0.16723634942570983	-0.27373038314694464
0.16685499229289494	-0.27417814107735794
0.1664725737539201	-0.27462588035618485
0.16570454195416268	-0.27552129784285123
0.16415562554574006	-0.27731185213506465
0.1610057841330848	-0.2808915378931127
0.15449319198680134	-0.28804266904188947
0.14057583093494339	-0.3022890204189939
0.14015111921079446	-0.3027031683988049
0.13972532319901554	-0.30311720831728134
0.13887046827862934	-0.30394495718566794
0.13714763631653012	-0.305599082908744
0.13364891521112987	-0.3089014513019167
0.126434624750552	-0.31547933234764114
0.1111006093753393	-0.32849828435302897
0.11061103611383502	-0.32889367810835585
0.1101202566889717	-0.3292888389038805
0.10913506872007911	-0.3300784519208158
0.107150101686043	-0.33165477495582457
0.10312120311014403	-0.3347952466141519
0.0948226987517586	-0.341022781699941
0.09429319250498752	-0.34140944369246407
0.09376239331251247	-0.3417957875034149
0.09269690502591753	-0.34256750881824083
0.0905502912384273	-0.34410700289909546
0.08619389171850708	-0.3471695153100627
0.0772233883559191	-0.3532229374962271
0.0766025900017637	-0.35362960870985855
0.07598016461497337	-0.3540357839425599
0.07473041827980395	-0.3548466283542331
0.07221124202771557	-0.3564621645977647
0.06709334342095227	-0.35966757563487456
0.056532858447722545	-0.36596694329183205
0.05585819686789217	-0.36635535566699995
0.05518179221264134	-0.3667431126787652
0.05382373920284634	-0.367516638592447
0.051086557184171086	-0.36905558198626887
0.04552708154006636	-0.3720997588156559
0.034061267034636834	-0.3780425973237431
0.033377937873399634	-0.37838285617929396
0.032692991124057796	-0.37872237640343615
0.03131823352378882	-0.379399179376639
0.028549182852785366	-0.38074368273138937
0.02293231192876767	-0.38339503285223586
0.011378558940632152	-0.3885367322311479
0.010642091102794746	-0.3888505348870365
0.009903918197397383	-0.38916341158241596
0.008422446799097575	-0.3897863615768454
0.005438929529989237	-0.3910208675440822
-0.0006109708260332198	-0.39344283210492814
-0.013046617729093036	-0.3980863472939625
-0.013905245904917027	-0.3983906387781532
-0.014765967335643377	-0.398693583097343
-0.016493701040484286	-0.39929539214466925
-0.01997440808217423	-0.40048242240204845
-0.02703737043326247	-0.40278793336408375
-0.02792981036244841	-0.4030695006246581
-0.028824385026766305	-0.40334956246767123
-0.030619948007371754	-0.403905128539718
-0.034236793079700414	-0.40499773776757125
-0.041573850275546144	-0.40710648054908377
-0.04250071348634265	-0.4073626923768199
-0.04342974567722187	-0.40761722721167315
-0.04529432441416338	-0.40812122113568705
-0.049049589214098445	-0.4091085895892264
-0.05666491615074997	-0.4109982717028245
-0.057626685981115526	-0.41122627970313874
-0.05859065010625736	-0.4114524252942581
-0.06052516617054549	-0.4118990809613617
-0.0644205816381215	-0.4127695090957146
-0.07231716484821313	-0.4144160563661128
-0.07329597673505785	-0.41460922034076014
-0.07427691759543113	-0.4148003969582813
-0.07624518807261846	-0.41517673902692126
-0.08020729420945524	-0.4159050318844587
-0.08120314836718237	-0.4160819507560836
-0.08220113390371858	-0.41625678271069283
-0.08420349936376348	-0.4166001350869354
-0.08823380665583083	-0.4172612352785127
-0.08924671102295427	-0.41742110075447625
-0.0902617458934467	-0.4175787763774527
-0.09229820567291228	-0.417887505594139
-0.09639667190733746	-0.41847810566808885
-0.10469563405642375	-0.41954886627825166
-0.105742551519589	-0.41967209212230816
-0.10679158676252841	-0.41979291213845354
-0.10889600523402689	-0.4200272788644677
-0.11313019293644427	-0.4204665254351279
-0.11419401190510395	-0.42057011136396655
-0.115259936206302	-0.4206711784770429
-0.11739809327929297	-0.42086569878607444
-0.12169958462901054	-0.42122387859790456
-0.12278019006445981	-0.42130690922184716
-0.12386288390672769	-0.4213873047717657
-0.12603452694783004	-0.4215401315641727
-0.1271234710245217	-0.4216125331395523
-0.12821449326240955	-0.4216822403070344
-0.13040276112616792	-0.4218135115403753
-0.13150000100732354	-0.4218750455446377
-0.1325993075588886	-0.4219338250181983
-0.1348041083027232	-0.4220430597147108
-0.135909596105994	-0.42209348448780615
-0.13701713780029712	-0.42214109383092313
-0.1392383691726386	-0.4222278048016283
-0.14027718654071097	-0.42226434133783697
-0.14131777909992402	-0.4222983751938317
-0.14236014382024903	-0.42232989376492136
-0.143404277606002	-0.4223588844112263
-0.14445017729534518	-0.42238533445786525
-0.1454978396597808	-0.4224092311951458
-0.14654726140364918	-0.42243056187875905
-0.14759843916362386	-0.42244931372997957
-0.14865136950820182	-0.4224654739358688
-0.1497060489371958	-0.4224790296494836
-0.1507624738812256	-0.4224899679900887
-0.15182064070120324	-0.42249827604337437
-0.15288054568782075	-0.4225039408616776
-0.15394218506103713	-0.4225069494642097
-0.15500555496955912	-0.42250728883728655
-0.1560706514903247	-0.42250494593456484
-0.15713747062798544	-0.42249990767728285
-0.1582060083143848	-0.42249216095450576
-0.1592762604080354	-0.42248169262337565
-0.1603482226935972	-0.4224684895093671
-0.16142189088135434	-0.42245253840654723
-0.16249726060668696	-0.4224338260778402
-0.16357432742954597	-0.4224123392552979
-0.16465308683392615	-0.4223880646403748
-0.16573353422733464	-0.42236098890420803
-0.16681566494026187	-0.4223310986879027
-0.16789947422565205	-0.4222983806028225
-0.16898495725836787	-0.4222628212308856
-0.17007210913465837	-0.4222244071248652
-0.17116092487162662	-0.4221831248086959
-0.17334352759705124	-0.42209190149933185
-0.1744373042191513	-0.4220419334126457
-0.175532723968142	-0.4219890429294779
-0.17772847121769061	-0.42187444028491
-0.17882878769722807	-0.4218127008122428
-0.1799307252605327	-0.42174798432125493
-0.18213944067625326	-0.421609565375109
-0.18324620683569184	-0.4215358354020276
-0.18435457069185573	-0.4214590733755193
-0.18657606716439168	-0.42129639785583467
-0.19103795995429523	-0.4209340524848245
-0.19215733309087962	-0.4208356777927898
-0.19327825297930973	-0.4207341598336474
-0.19552470584165846	-0.4205216380890474
-0.20003586858750824	-0.42005825798677415
-0.20116742104790697	-0.41993434400111507
-0.20230046352169073	-0.4198071741859526
-0.2045709883596872	-0.4195430104349957
-0.20912958117483613	-0.4189749891028585
-0.21036928120196444	-0.4188118021176895
-0.21161065838470414	-0.4186446521581576
-0.21409840173042727	-0.418298390495355
-0.2190935391623497	-0.4175575095085791
-0.22034635220879653	-0.41736210817757935
-0.2216007538040718	-0.41716259781896475
-0.224114275641543	-0.41675117673499784
-0.2291598567757944	-0.4158782195616294
-0.23042504208443867	-0.4156494325596556
-0.2316917181439645	-0.4154163897343864
-0.23422949080079467	-0.4149374630981324
-0.23932234778250772	-0.4139277311533043
-0.24957421534223692	-0.41169663575545107
-0.250861620001643	-0.41139755033320113
-0.2521502906565993	-0.4110939152476498
-0.2547313682275625	-0.41047292289926907
-0.2599080272044867	-0.40917553806056417
-0.2703156920736242	-0.4063550928735859
-0.2716214136250622	-0.40598102714537676
-0.27292813506400115	-0.4056021213837107
-0.275544505163328	-0.40482971812878504
-0.28078843746835913	-0.4032260453334312
-0.29131678942921924	-0.39977927451611556
-0.29254860506305796	-0.39935592229268563
-0.2937810231431624	-0.3989281070331161
-0.2962475985689292	-0.39805903153226013
-0.3011872222821966	-0.3962667120793912
-0.3110883715291415	-0.3924623331533534
-0.3123277110136026	-0.39196592216945386
-0.3135673646151443	-0.39146483054324904
-0.31604753720716283	-0.3904485529646081
-0.32101079733496546	-0.3883592573874099
-0.33094448603426607	-0.3839508583267801
-0.33218646784782135	-0.38337802159704315
-0.3334284395720594	-0.38280030283183203
-0.33591226675433494	-0.3816301715712249
-0.34087884614967146	-0.379230805644542
-0.35080270728198965	-0.3741931093072575
-0.37057137217443925	-0.36314280424045775
-0.37177750812046634	-0.36242279295632746
-0.3729829079907984	-0.3616977707831265
-0.37539140178013064	-0.3602326619844799
-0.3801984746194824	-0.3572419710420014
-0.3897673322504856	-0.3510170796499112
-0.4086772852473248	-0.33758217813535896
-0.4098471735569581	-0.3366985219004866
-0.4110154867880687	-0.33580966744884627
-0.41334727578484004	-0.33401635068160146
-0.41799071273506194	-0.33036720267970343
-0.4271906121805123	-0.3228183306792453
-0.4451900309682157	-0.30671658581929245
-0.4463889141337511	-0.3055763089543492
-0.44758483206908717	-0.30442989344356775
-0.44996761542343033	-0.30211866066851895
-0.45469586974887444	-0.2974227037659603
-0.46399424871005884	-0.2877380000050996
-0.4651409435891991	-0.28650008746578276
-0.4662840376176704	-0.2852561276750199
-0.46855926218078925	-0.28275009994500905
-0.4730647284969368	-0.2776658649167948
-0.4818866731966895	-0.26721097116045744
-0.4829709086633636	-0.26587748080135737
-0.4840508961405583	-0.26453811503231045
-0.48619796487586064	-0.26184181174123156
-0.49043934214082097	-0.2563793183214343
-0.4987019882212328	-0.24517827039300452
-0.5142748219276058	-0.2217044347811369
-0.5151412343504711	-0.22029268567230526
-0.5160028361078234	-0.21887634430077973
-0.5177114816952998	-0.21602996476361272
-0.5210696646207792	-0.21028299323632624
-0.5275426667323792	-0.19857701895113863
-0.528328381011151	-0.19709433285354222
-0.529108792358628	-0.1956074049239856
-0.5306535871376414	-0.1926209202923372
-0.5336782384884695	-0.1865981273833009
-0.5394612927028237	-0.1743589922785707
-0.5401586589817726	-0.17281147370820968
-0.5408502621441382	-0.17126012964472034
-0.5422160694779425	-0.16814607784383
-0.5448773303274894	-0.16187332274718097
-0.5499125252364122	-0.14915583232042362
-0.5505144868541342	-0.14755061678051304
-0.5511102678657935	-0.1459420545006665
-0.5522831905229171	-0.14271501746064014
-0.5545538073864371	-0.13622219993928267
-0.5587889434800345	-0.12308902292952283
-0.559346961055351	-0.12124156398393678
-0.559896819407164	-0.11939060717089553
-0.5609719432456834	-0.11567839633726475
-0.5630230346912303	-0.10821417703192189
-0.5635149910838386	-0.10634012420731456
-0.5639985679952259	-0.1044629738203943
-0.5649404808285503	-0.10069958581019614
-0.5667226478559392	-0.0931379136966112
-0.5671468708927445	-0.09124053130226539
-0.5675625201961727	-0.08934046894721138
-0.5683680085585145	-0.08553251783847995
-0.5698751455137339	-0.07788681720908841
-0.570230176886516	-0.0759695006182545
-0.570576467905183	-0.07404993684141888
-0.5712427540896801	-0.070204288129849
-0.572469645224439	-0.062488459623067594
-0.5727542527774746	-0.060554717648705236
-0.5730299824030043	-0.05861917413496028
-0.5735547479756478	-0.05474290860781804
-0.5738037551636186	-0.05280230004365962
-0.5740438269097006	-0.05086011682861543
-0.5744971118301069	-0.04697125495220697
-0.5747103000888253	-0.04502469088370646
-0.5749145030778389	-0.043076781339849365
-0.5752959087642258	-0.03917715639604467
-0.5754730904438495	-0.03722555656945151
-0.5756412448211443	-0.03527284240382607
-0.5759504350470181	-0.031364303358603796
-0.5760914538216945	-0.029408594866724605
-0.5762234111485794	-0.027452004800707776
-0.5763462997328371	-0.025494591566817836
-0.5764601127783502	-0.02353641364673775
-0.5765648439886547	-0.021577529592241955
-0.5766604875678061	-0.0196179980198561
-0.5767470382211767	-0.017657877605507372
-0.5768244911561857	-0.015697227079159475
-0.5768928420829592	-0.013736105219437118
-0.5769520872149205	-0.011774570848244351
-0.5770022232693134	-0.009812682825374574
-0.5770432474676543	-0.007850500043109998
-0.5770751575361155	-0.005888081420814806
-0.5770979517058386	-0.003925485899526325
-0.5771116287131789	-0.0019627724365420458
-0.5771161877998805	-2.2292962887533986e-16