1.0515250377197989	0.
1.0515249267555211	0.00010440653963721675
1.0515245938633675	0.0002088125655275104
1.0515240390453777	0.00031321756392824494
1.051523262304952	0.00041762102110535826
1.0515222636468498	0.0005220224233376494
1.0515210430771904	0.0006264212569210648
1.0515196006034533	0.0007308170081729846
1.0515179362344773	0.0008352091634365092
1.0515160499804606	0.0009395972090847439
1.051513941852961	0.0010439806315250845
1.0515116118648962	0.0011483589172035027
1.0515090600305415	0.0012527315526088267
1.0515062863655327	0.001357098024277029
1.0515032908868631	0.0014614578187955038
1.0514966345633114	0.0016701553230156613
1.0514929737592087	0.0017744920061877828
1.0514890912230046	0.0018788199591596116
1.0514806610507874	0.002087447622214358
1.0514761134664146	0.002191746306350273
1.0514713442532204	0.0022960342084004416
1.0514611410585715	0.0025045756153087148
1.0514557071396078	0.002608828094939142
1.0514500517168044	0.0027130677420370056
1.0514380764995672	0.0029215064893266997
1.051411469633616	0.0033382074575922364
1.051404264729492	0.0034423429375532886
1.0513968386364962	0.0035464614894961484
1.0513813230670643	0.0037546457640898847
1.0513476397522674	0.004170788687821247
1.051338666685534	0.004274774434390911
1.0513294728313622	0.004378739166482511
1.0513104229870256	0.004586603547151906
1.0512696764139564	0.0050020577041477565
1.0512589386978617	0.005105861063410047
1.0512479806819213	0.00520963933292953
1.0512254040198008	0.005417118568899549
1.0511776101346633	0.005831753603834482
1.0510714769236749	0.006659616321414666
1.0510560142615364	0.0067716483317118385
1.051040294136814	0.006883641274273977
1.0510080819524292	0.007107507384952021
1.0509405731159709	0.007554742531855404
1.0507932452800894	0.008447081061367592
1.0507736777677825	0.008558411067015478
1.0507538548154634	0.008669691768307036
1.05071344315986	0.008892102714397122
1.0506295609290541	0.009336305004131327
1.0504495949690473	0.010222089390620994
1.0504259584396602	0.01033255449181901
1.0504020689543414	0.010442960174583548
1.0503535317992203	0.01066359077539806
1.0502534296330222	0.011104111385101631
1.0500411544080293	0.01198205048045784
1.0495686680307748	0.013724410736872628
1.0495391343210496	0.013825494827144536
1.0495093855640996	0.013926509917416795
1.0494492436439722	0.014128331124736167
1.0493263873983203	0.014531123866524057
1.0490704281063257	0.015333200918942212
1.0485178817319296	0.016922451695042296
1.0484815638001883	0.01702108604205156
1.048445037316593	0.017119635904603532
1.048371359588048	0.017316480284812894
1.0482215114120557	0.017709134464269756
1.047911895795509	0.01849019948682481
1.0472534161500295	0.02003452595038276
1.047211384118102	0.02012834944832454
1.0471691590569725	0.020222077551699677
1.0470841308291583	0.020409245882927935
1.0469117688830194	0.020782419242347
1.0465578793350219	0.02152401897610388
1.0458139014795247	0.02298749070449537
1.0457658191532433	0.023078055487037435
1.045717552141445	0.023168511717082976
1.0456204651691388	0.023349096928567584
1.0454240872368288	0.023708947265863582
1.0450225786544027	0.02442327957290873
1.0441850686448146	0.025829777997774007
1.0441266458786829	0.02592403559096374
1.0440680167725076	0.026018150925527832
1.0439501410999044	0.026205952930019618
1.043711930897516	0.02657982912928815
1.0432257638920497	0.027320566140001022
1.0422151690196668	0.028773162629154917
1.0421503422332836	0.028862639890197925
1.0420853221280015	0.028951960406939398
1.0419547036593313	0.02913012948452257
1.0416911656356342	0.029484567830202223
1.0411549816370065	0.03018575052905007
1.040046965780246	0.031556600228063364
1.0399808983740555	0.03163523712991518
1.0399146748045416	0.031713726105654996
1.0397817606521447	0.03187025902056767
1.0395140746656792	0.03218153595625653
1.0389713554648996	0.03279686516755794
1.0378572042306335	0.033998086765221626
1.0377863256586701	0.034071839205924645
1.0377153030302664	0.034145434180316236
1.0375728271552809	0.034292150610533575
1.0372861638196926	0.034583681620816036
1.036706078329631	0.03515907495864547
1.0355195787894977	0.03627871150190165
1.0354379754421474	0.03635302566554054
1.0353562177995426	0.03642714498182811
1.035192241679105	0.03657479782866728
1.0348624604822187	0.03686775175988084
1.0341956977963704	0.03744418491130233
1.032834302312253	0.03855863183014737
1.0327480183066773	0.038626564122344983
1.032661596657703	0.038694292370917274
1.0324883425412454	0.038829135691200264
1.0321402058377684	0.03909636238897988
1.0314375372874989	0.03962091942854768
1.0300075740746868	0.04063001614600327
1.02991879922592	0.04069018110990206
1.0298299081417743	0.04075014206875416
1.029651779303285	0.04086945116793418
1.0292941492087728	0.041105612548163084
1.0285735136189649	0.041568064876691
1.027111657232574	0.04245316154962105
1.027019416178669	0.04250670558682329
1.0269270752588635	0.04256003988243705
1.0267420958758522	0.04266607862598343
1.0263709613201804	0.042875632439924455
1.0256241041682668	0.04328461228229273
1.0241129590422633	0.04406181463994488
1.0240241768833327	0.04410544031107701
1.0239353221136422	0.04414887974307457
1.0237573964101276	0.044235199526243156
1.0234006920210226	0.044405600282491124
1.0226839646641934	0.04473742751495998
1.021237981472966	0.04536504611796341
1.0211470823132887	0.04540267197374117
1.0210561238535243	0.04544010917599687
1.0208740306909405	0.04551441738495048
1.020509150986689	0.04566076743064341
1.0197767106907814	0.04594439013401429
1.0183018455174675	0.046475243810200954
1.018201440461423	0.04650946237434348
1.018100981219984	0.046543457455647363
1.0178999022666262	0.04661077702758498
1.017497117061871	0.046742732886063426
1.0166891538815532	0.04699590515888656
1.0165879442741335	0.04702654441483839
1.0164866887894166	0.047056959768190236
1.016284042254027	0.0471171187066238
1.015878221361984	0.04723474915735142
1.0150645835402525	0.047459258576647234
1.0149627016904657	0.04748631423841418
1.014860782186424	0.04751314590008547
1.0146568322584832	0.047566137241865716
1.0142485030018054	0.0476694321982427
1.0134302407807418	0.04786527380778458
1.011788207097171	0.04821400064962278
1.0116922053292798	0.04823258135472691
1.0115961847835417	0.04825096747293032
1.0114040889761433	0.048287156085873265
1.0110196898007981	0.04835719982664102
1.010250151325476	0.04848796215343905
1.010153897447251	0.048503434037723024
1.0100576312190566	0.04851871198277049
1.0098650633065538	0.048548686246491106
1.0094797967919367	0.04860630965410284
1.0087088297528206	0.04871226776485971
1.0086124258812679	0.048724642797264246
1.0085160159892164	0.04873682475084619
1.0083231797118986	0.04876060966496055
1.0079374521392408	0.048805865269460146
1.0078410110613971	0.04881669741414329
1.0077445670888343	0.048827336987460175
1.0075516720144864	0.048848038688689345
1.0071658642096672	0.04888713423403059
1.0070694108377778	0.04889642772678752
1.006972957669956	0.04890552920576861
1.0067800534877342	0.048923156415858544
1.0063942645011232	0.04895610994147554
1.0062978235289355	0.04896386941556682
1.0062013858318855	0.04897143748257517
1.0060085217903547	0.04898599971304231
1.0056228497826676	0.049012830825504665
1.0055283421135615	0.04901894057499981
1.0054338405089789	0.04902486700183042
1.005244856918668	0.04903617020907103
1.00515037564453	0.04904154715195782
1.005055901858093	0.049046741097129996
1.0048669781668491	0.04905658032668165
1.0047725289702423	0.049061225778908556
1.004678088677735	0.04906568856911205
1.0044892362167168	0.04907406650646015
1.004394824752982	0.04907798182676384
1.0043004236028956	0.04908171483135864
1.0041116536484733	0.049088634246975064
1.004017285545455	0.04909182083640844
1.003922929158719	0.04909482546695271
1.0038285848378354	0.04909764822944045
1.0037342529319373	0.04910028921535157
1.0036399337897188	0.049102748516811484
1.0035456277594355	0.04910502622658931
1.0034513351889023	0.04910712243809594
1.0033570564254926	0.04910903724538224
1.003262791816138	0.049110770743137244
1.0031685417073273	0.049112323026686236
1.0030743064451044	0.04911369419198895
1.0029800863750684	0.04911488433563771
1.0028858818423727	0.049115893554855586
1.0027916931917233	0.049116721947494564
1.0026975207673792	0.0491173696120337
1.0026033649131494	0.04911783664757722
1.0025092259723942	0.04911812315385278
1.0024151042880234	0.04911822923120954
1.0023210002024945	0.049118154980616335
1.0022269140578135	0.04911790050365988
1.0021328461955328	0.049117465902542866
1.0020387969567508	0.049116851280082155
1.001944766682111	0.04911605673970692
1.0018507557118013	0.04911508238545683
1.0017567643855523	0.04911392832198019
1.0016627930426378	0.049112594654532084
1.001568842021873	0.04911108148897258
1.0014749116616137	0.04910938893176486
1.0013810022997565	0.04910751708997337
1.001287114273736	0.04910546607126206
1.0010994035766385	0.04910082693672176
1.001005581578121	0.049098239039201304
1.0009117822605575	0.04909547240137439
1.0007242530083054	0.04908940334792407
1.0006305237424575	0.049086101155331324
1.0005368184952455	0.049082620668489854
1.000349481389269	0.04907512526454723
1.0002558501956038	0.0490711105751403
1.0001622443507703	0.049066918046869426
0.9999751100326227	0.04905799993546898
0.9996011601311369	0.049038034757396064
0.9994998011159703	0.04903213052530797
0.9993984750804439	0.04902601805126263
0.9991959236210378	0.049013168990675024
0.9987912348208074	0.04898497875636053
0.9986901513193744	0.04897741292000249
0.9985891041257869	0.048969640088423624
0.9983871203135998	0.04895347407743811
0.9979836065118318	0.0489186651710043
0.9978828250004876	0.04890944787442028
0.9977820830824533	0.04890002487770599
0.9975807196562566	0.048880562445485824
0.9971784858150732	0.04883917649786772
0.9963760805808899	0.048746598250503835
0.9962759811012315	0.04873410998242838
0.9961759276558328	0.04872141874392824
0.9959759604541308	0.04869542806271592
0.9955765958727648	0.048641018871274894
0.9947802339435895	0.04852252964385342
0.9946809182359297	0.04850681542084684
0.9945816548276715	0.04849090113403106
0.9943832864513635	0.048458473118779606
0.9939871942145335	0.048391224606497786
0.9931976732564386	0.048247200466169614
0.9931058250830616	0.04822957839713721
0.9930140277217074	0.04821178480692701
0.9928305866516117	0.04817568370443956
0.9924643276077875	0.048101430327063696
0.9917343693438126	0.04794475538886851
0.9916433703758712	0.0479244084649838
0.9915524270240967	0.047903892638027246
0.9913707083513238	0.04786235494485475
0.9910079513747466	0.04777726011517989
0.9902852244126642	0.04759903074767845
0.9901951504867957	0.047576001698352285
0.9901051368438221	0.04755280647474822
0.9899252915543931	0.047505918201355975
0.9895663369662624	0.04741015524884819
0.9888514353370385	0.04721072324546212
0.987434163686643	0.04678055622006059
0.9873387723945065	0.04674991787184867
0.9872434624401797	0.04671909106036759
0.9870530879185024	0.046656872996518016
0.9866733299962056	0.04653018577460648
0.9859178545960603	0.04626786070566081
0.9844236632691891	0.0457078442377261
0.9843310415116129	0.045671294980174484
0.984238511717679	0.04563456507457766
0.9840537292993431	0.04556056432523566
0.9836852820497319	0.04541040613863918
0.9829529285517106	0.045101519866904666
0.9815069409185867	0.044449927744440454
0.981419053102831	0.04440849766565357
0.9813312634258988	0.044366901418583474
0.9811559796097087	0.04428321141676568
0.9808066019387918	0.044113848380266364
0.9801126683651612	0.043767246418302846
0.9787445746895969	0.04304299288435329
0.9786599631075886	0.042996370537175456
0.978575458307965	0.04294959014479784
0.9784067700919158	0.04285555625857922
0.9780706864081912	0.04266560333375081
0.977403747209421	0.042278215115467956
0.9760912301473309	0.04147397840916678
0.9760156206791178	0.04142590680516344
0.9759401110046411	0.041377705023646266
0.975789391810357	0.041280911791277936
0.9754891594277282	0.04108577270052205
0.9748935613815783	0.04068933255566926
0.9737221673249855	0.03987219473711116
0.973649844854002	0.03982006522419574
0.9735776281318655	0.03976781251214174
0.9734335126469514	0.039662938372191515
0.9731465584782645	0.039451721407040626
0.9725777966659644	0.0390234622647477
0.9714611675246245	0.038144040954474996
0.9713864950361698	0.03808333898735191
0.971311953407759	0.03802250047956536
0.9711632635655829	0.037900414985443456
0.970867463346728	0.03765461809475458
0.9702822267085801	0.03715658490925794
0.969137567917464	0.03613527625581485
0.9690671834623906	0.03607034739886159
0.9689969362451377	0.036005291210276055
0.9688568542809693	0.03587479799697049
0.9685783454989736	0.035612296342798715
0.9680279901456019	0.035081297141899254
0.9669542534411202	0.03399583653815909
0.9668927378385602	0.033931568594363554
0.966831346813197	0.033867197818508575
0.9667089390494827	0.03373814872181526
0.9664656245340784	0.03347882700985486
0.9659850301053583	0.03295534284579783
0.9650482184146507	0.03188943887373185
0.964990756104182	0.031821998492267425
0.9649334226081976	0.031754462911757785
0.9648191425614931	0.03161910711054473
0.9645921337389528	0.0313472636479233
0.9641443487546272	0.030799102914981724
0.9632739246385555	0.029685315697499895
0.9632161978867252	0.029609062923612445
0.9631586268738922	0.029532707403517922
0.96304395263835	0.0293796893468266
0.9628164793096929	0.02907243372385872
0.9623690646298789	0.02845311291322635
0.9615046073535826	0.027195781130009176
0.9614519327547375	0.02711639213941433
0.9613994182224461	0.027036910190840025
0.9612948698637374	0.026877668644438468
0.961087699484865	0.02655808352804285
0.960681091777316	0.0259145737963126
0.9598990234105175	0.024610745193235542
0.9598523945213303	0.024530031047236858
0.9598059235893058	0.024449236739382242
0.9597134560158215	0.02428740879768666
0.9595304209395884	0.02396280372732564
0.9591719739638104	0.023309861772300076
0.9584857499428464	0.021989570014255416
0.958444225505924	0.021906434459784744
0.9584028621635113	0.021823228018013497
0.9583206191253248	0.02165660363141446
0.9581580701534338	0.021322516957351174
0.9578407404153179	0.02065105688779197
0.9572373064263433	0.019295508762110156
0.9572034122454777	0.01921597104170537
0.9571696606120286	0.01913637967403636
0.9571025852390997	0.01897703693649538
0.9569701478139635	0.01865771802909424
0.9567121399483041	0.01801659908721117
0.9562236976909384	0.016724857351027446
0.9561943947675078	0.016643719370170278
0.9561652362571215	0.016562535252918807
0.9561073526886259	0.01640002954724802
0.9559933208362544	0.016074474816606205
0.9557722098274197	0.01542124459000234
0.9553578871360274	0.014106720991572822
0.9553311608236267	0.014017274147828844
0.9553046061112551	0.013927781907144145
0.9552520117107881	0.013748662428260375
0.9551488845543016	0.013389891832557814
0.9549508888696193	0.012670290890971518
0.9549269146760029	0.01258015348567296
0.954903112933865	0.012489975454538643
0.9548560270033009	0.012309498706903801
0.9547639267303889	0.011948070814157634
0.9545880232019008	0.011223384175821654
0.9545668140066181	0.011132632511997252
0.954545778015419	0.01104184498885678
0.9545042258200696	0.010860163555652613
0.9544232017799357	0.010496383477784815
0.9542694844036026	0.009767221152192113
0.9539954418324856	0.008303021014738366
0.9539808275676367	0.008217356712892409
0.9539663653470546	0.00813166943347896
0.9539378971421478	0.007960226909726252
0.9538827863858873	0.007617076776377983
0.9537798729209617	0.006929770348776614
0.9537676943199083	0.006843767433807393
0.9537556681445438	0.006757745411222332
0.9537320731564944	0.006585645010361135
0.9536867132148608	0.006241225555476113
0.9536033179069598	0.00555156618272795
0.9535935805385114	0.005465286556054632
0.9535839959061018	0.005378991689412965
0.9535652849173294	0.005206357202860241
0.9535296965040985	0.004860915982725711
0.9535211814860103	0.004774521202406359
0.9535128193326794	0.004688113115206809
0.9534965536794326	0.004515257986582868
0.9534658573852719	0.004169398676992743
0.9534585656858292	0.00408290420623544
0.9534514269623129	0.0039963983612688846
0.9534376084934448	0.003823353514931952
0.9534118078057795	0.0034771379599077136
0.9534057402530706	0.003390559258781611
0.9533998257699623	0.0033039711157571475
0.9533884560542019	0.0031307674700742955
0.9533675539008268	0.002784257502350923
0.9533628048078654	0.0026993116408787687
0.9533582029048292	0.0026143585570149353
0.9533494406996074	0.0024444316322459153
0.9533452804123307	0.0023594582463992643
0.9533412673447983	0.0022744785482782044
0.953333682896022	0.0021045011252955686
0.9533301115276793	0.0020195038554681084
0.9533266874048824	0.001934501183434703
0.9533202809189686	0.0017644805427886635
0.9533172985667454	0.0016794630291891946
0.9533144634818569	0.0015944410234103139
0.953309235133112	0.0014243844453158642
0.9533068418781446	0.001339350327996009
0.9533045959082888	0.0012543126284884105
0.9533024972273618	0.0011692715742863287
0.9533005458389311	0.0010842273928814133
0.9532987417463137	0.0009991803117637913
0.9532970849525755	0.0009141305584221785
0.9532955754605329	0.0008290783603439893
0.9532942132727507	0.0007440239450154263
0.9532929983915445	0.0006589675399216535
0.9532919308189781	0.0005739093725468631
0.9532910105568666	0.0004888496703743504
0.9532902376067731	0.0004037886608866819
0.9532896119700114	0.0003187265715657866
0.9532891336476448	0.00023366362989306718
0.9532888026404858	0.00014860006334951054
0.953288618949097	0.00006353609941577918
0.9532885825737908	-0.00002152803442761875
0.9532886935146285	-0.00010659211070025788
0.9532889517714217	-0.0001916559019217243
0.953289357343732	-0.0002767191806114454
0.9532899102308697	-0.0003617817192885985
0.9532906104318957	-0.00044684329047200023
0.9532914579456195	-0.000531903666679995
0.9532924527706015	-0.0006169626204303652
0.9532935949051511	-0.0007020199242401596
0.9532948843473273	-0.0007870753506256231
0.9532963210949388	-0.0008721286721021248
0.9532979051455436	-0.0009571796611839887
0.9532996364964497	-0.0010422280903844023
0.9533015151447144	-0.0011272737322153066
0.9533057143202974	-0.0012973557438094765
0.9533080348404783	-0.001382391658589397
0.9533105026437422	-0.0014674238760328767
0.9533158800824887	-0.0016374763089248773
0.9533187897088289	-0.001722496069375669
0.9533218465999683	-0.0018075112224943644
0.953328402155601	-0.0019775267967161825
0.9533319008089463	-0.0020625267628036808
0.9533355467047949	-0.0021475212115275957
0.953343280198945	-0.002317492646824834
0.9533605138076174	-0.002657359298235796
0.9533655937904223	-0.0027495165563802214
0.9533708469960456	-0.0028416651561963702
0.9533818730333081	-0.003025935218776543
0.9534060032953106	-0.0033943586609650124
0.9534124687465154	-0.0034864385177528177
0.9534191073265998	-0.0035785073919370044
0.9534329038198143	-0.003762611030245864
0.9534625737437121	-0.004130673730520043
0.9534704238336853	-0.00422265759041592
0.9534784469362678	-0.004314628143036922
0.9534950121144832	-0.004498528163983843
0.9535302178900544	-0.004866155730970051
0.9536089270386674	-0.005600655856586813
0.9536195432012243	-0.00569239192167233
0.9536303320765811	-0.005784110028636381
0.953652427878435	-0.005967491205169689
0.9536986910560988	-0.006334025266880049
0.9537994983654386	-0.007066115081807445
0.9538128751276157	-0.007157528920512939
0.9538264242125115	-0.007248920147743874
0.95385403924052	-0.007431633604046931
0.9539113359398566	-0.007796776377186055
0.9540341892953513	-0.008525860180331767
0.9540492368012302	-0.008610797867180218
0.9540644339580601	-0.008695711824587369
0.9540952771167347	-0.00886546760466144
0.9541587580439548	-0.009204684000335998
0.9542928919460887	-0.009881883120505667
0.9543103304867998	-0.009966412738041393
0.9543279182152875	-0.010050914839197468
0.9543635411101592	-0.01021983554523849
0.9544365757579257	-0.01055733634164918
0.9545897931037565	-0.011230922416999307
0.9546096147387185	-0.01131498335215429
0.9546295850274759	-0.01139901298100353
0.9546699714231083	-0.01156697737187092
0.9547525264682168	-0.011902520050172966
0.9549247571880263	-0.012572007893384238
0.955297630247939	-0.013904168552945009
0.9553242548000396	-0.013994060017935347
0.9553510524555754	-0.014083905770228937
0.9554051668478614	-0.014263458927762967
0.9555154703311899	-0.014622003390822882
0.9557443627460002	-0.015336777182706474
0.9562351771418126	-0.01675652216665487
0.9562673106419758	-0.01684480082285239
0.9562996152149282	-0.0169330240854725
0.9563647372978202	-0.0171093032186242
0.9564970312184984	-0.017461183436065564
0.9567698017823951	-0.018162163816402135
0.9573479377330811	-0.01955246125231466
0.9573848212337911	-0.01963724110871954
0.9574218672509227	-0.019721958232512462
0.9574964465165652	-0.019891203134011933
0.9576475517254063	-0.02022892751414326
0.9579575305265344	-0.020901250263622786
0.9586084095073053	-0.022232876999946704
0.9586504521307538	-0.022315506968153112
0.9586926545264053	-0.022398065011757326
0.9587775382632223	-0.02256296417546671
0.9589492188973484	-0.02289188676060124
0.9593002114747122	-0.02354616456946379
0.9600325453807728	-0.02483993552915029
0.9600764784021647	-0.024914729092156498
0.9601205476601702	-0.0249894520958421
0.9602090945396905	-0.02513868549193233
0.9603878193093977	-0.02543629530580084
0.9607517730577098	-0.02602803475614458
0.9615055340870831	-0.027197174877021786
0.9615537820752128	-0.027269594822053277
0.9616021633611265	-0.027341936742759136
0.9616993254354893	-0.02748638557847564
0.9618952448386497	-0.027774336698639383
0.9622934423159464	-0.02834640051495001
0.963115088316504	-0.02947475687128951
0.9631719882532905	-0.029550455964792145
0.9632290410578884	-0.029626054507633844
0.9633436047122387	-0.029776948754198125
0.9635745602645754	-0.030077517582535993
0.964043752410336	-0.03067371013976744
0.9650109983252617	-0.03184578380688079
0.9650727182724488	-0.0319181182354602
0.9651345863644705	-0.03199034263341664
0.9652587663567793	-0.03213446015529555
0.9655088971602086	-0.03242136183061177
0.966016206267393	-0.032989765573829745
0.9670587208352244	-0.03410444634393987
0.9671206814459623	-0.034168549858333494
0.9671827665584365	-0.034232549293116685
0.9673073097212088	-0.03436023496873878
0.9675578838019544	-0.034614346861704635
0.9680649506477079	-0.03511747940560741
0.9691024944470865	-0.03610295312765393
0.9691683666305588	-0.036163607965337685
0.969234358561207	-0.03622415111418256
0.9693667010396779	-0.03634490139905132
0.9696328160693313	-0.036585051297925886
0.9701707308670362	-0.03705989552592974
0.9712690087927016	-0.03798733980387852
0.9713372609581499	-0.038043182982430444
0.9714056231874492	-0.03809891159875152
0.9715426771934219	-0.038210024264422125
0.9718180988610459	-0.03843086517148577
0.9723741601783115	-0.03886696012295055
0.9735068556488266	-0.03971641068878266
0.9735785478402911	-0.039768479227069435
0.9736503447256135	-0.03982042621303963
0.9737942518764746	-0.039923954662036354
0.9740833147640197	-0.040129543413387966
0.9746663950179331	-0.04053479999941599
0.975852048337367	-0.041321244683155046
0.9759333846862627	-0.041373401853395365
0.9760148374162869	-0.04142540780179177
0.9761780910475575	-0.041528964949727826
0.9765059841532389	-0.0417342526791487
0.9771672584524426	-0.04213746149193007
0.978511308256522	-0.042913932630170744
0.9785962450719733	-0.042961117476060164
0.9786812901693507	-0.04300814254734592
0.9788517041528279	-0.04310171231380402
0.9791938198375342	-0.04328692299132718
0.9798831420131378	-0.04364957034963524
0.981281659940465	-0.044343304343102276
0.9813640117766641	-0.044382443011516434
0.9814464502409236	-0.04442143540166046
0.9816115861244267	-0.04449898052324344
0.981942887177692	-0.04465230637828352
0.9826095537193564	-0.04495185472243121
0.9839587157917302	-0.04552217496277963
0.9840437219651821	-0.0455565318116794
0.9841288070763985	-0.04559073591894969
0.9842992131153954	-0.04565868511923387
0.9846409614527524	-0.045792741953687384
0.9853281466623911	-0.046053445536692765
0.9867168120279092	-0.046544865932695585
0.9868115683580926	-0.0465767003851509
0.9869064077513564	-0.04660834807572843
0.987096334369773	-0.04667108221751415
0.9874771693911842	-0.04679429889403695
0.9882426896055958	-0.047031673027427966
0.9883387338315084	-0.047060490932401854
0.9884348556050664	-0.04708911831667477
0.9886273303902906	-0.04714580060079535
0.9890131950378086	-0.04725686880382349
0.9897885050147979	-0.04746976876673767
0.9898857474648345	-0.04749551094606077
0.9899830617571161	-0.04752105897603511
0.9901779044160989	-0.047571571699539
0.9905684358240214	-0.047670257612961266
0.9913528007156527	-0.04785822227463077
0.9929340705888667	-0.048196138451118226
0.9930268463512353	-0.0482142804062032
0.9931196743322723	-0.048232247136316055
0.9933054856912436	-0.048267654259703016
0.9936777211518261	-0.04833635855276272
0.9944245718166771	-0.048465290884725516
0.994518145009599	-0.048480609641500944
0.994611765320262	-0.04849575058259297
0.9947991460001789	-0.04852549838760034
0.9951744585010605	-0.048582853306845995
0.9959272148580379	-0.048688965763349974
0.9960215028039529	-0.048701420840704085
0.9961158326252586	-0.048713695642441456
0.9963046165642813	-0.04873770382272627
0.9966826722891226	-0.048783550346741276
0.9967772859031451	-0.048794559071585766
0.9968719387188851	-0.048805386342393335
0.9970613606083718	-0.048826495943209855
0.997440659959063	-0.04886653136230935
0.9975355777303201	-0.04887608443162728
0.9976305319949637	-0.04888545490420685
0.9978205486400163	-0.04890364749862621
0.9982010048124276	-0.04893783539321037
0.998296204953782	-0.04894592379332103
0.9983914388458237	-0.048953828490736664
0.9985820065004877	-0.04896908623563714
0.998963531592032	-0.04899739136607617
0.9990571204529046	-0.0490038784832307
0.9991507390918531	-0.04901018800502704
0.9993380643862779	-0.04902227376995562
0.9994317703816904	-0.04902804976820038
0.9995255048350522	-0.04903364768131566
0.9997130577901696	-0.04904430876861469
0.9998068756279911	-0.04904937170245264
0.9999007205958945	-0.04905425607047322
1.0000884905887837	-0.049063488634684134
1.0001824149459868	-0.049067836595129664
1.0002763650977082	-0.049072005518271934
1.000464341443877	-0.049079805787552236
1.0005583669667164	-0.04908343690260587
1.00065241694086	-0.04908688851819124
1.0007464910293142	-0.0490901605202374
1.0008405888946112	-0.0490932527952653
1.0009347101988098	-0.049096165230389587
1.0010288546034949	-0.049098897713320516
1.001217211358308	-0.049103822376432474
1.0013114230292495	-0.04910601433502872
1.0014056564423066	-0.04910802589826586
1.0014999112567122	-0.04910985695686005
1.0015941871312313	-0.04911150740213431
1.001688483724161	-0.049112977126020314
1.001782800693333	-0.049114266021060254
1.001877137696112	-0.04911537398040875
1.0019714943893991	-0.049116300897834676
1.002065870429631	-0.04911704666772309
1.0021602654727815	-0.049117611185077084
1.0022546791743623	-0.04911799434551964
1.0023491111894234	-0.04911819604529551
1.0024435611725546	-0.0491182161812731
1.0025380287778862	-0.04911805465094634
1.0026325136590901	-0.04911771135243659
1.0027270154693797	-0.049117186184494434
1.0028215338615125	-0.04911647904650168
1.0029160684877894	-0.049115589838473105
1.0030106190000567	-0.04911451846105845
1.0031051850497064	-0.049113264815544205
1.0031997662876775	-0.04911182880385552
1.0032943623644568	-0.04911021032855814
1.0033889729300798	-0.049108409292860165
1.003483597634132	-0.04910642560061404
1.0035782361257495	-0.049104259156318365
1.0036728880536199	-0.049101909865119815
1.0037675530659835	-0.049099377632814974
1.0038622308106349	-0.049096662365852264
1.0039569209349224	-0.0490937639713338
1.0040516230857504	-0.04909068235701723
1.0042410620524305	-0.04908396910330971
1.004335798159879	-0.04908033728272887
1.004430544877063	-0.04907652187997396
1.0046200687189912	-0.04906833997286363
1.0049992280570943	-0.049049769304141504
1.0051020698357542	-0.04904422569615134
1.005204920703121	-0.049038465267127906
1.0054106478715807	-0.04902629352085793
1.0055135232549917	-0.04901988199341344
1.0056164058917496	-0.04901325322454544
1.0058221910834504	-0.048999343552604144
1.0059250927159982	-0.048992062446955344
1.006027999757107	-0.04898456369473765
1.0062338282137997	-0.048968912856029494
1.0066455296342391	-0.04893499513386146
1.006748461548512	-0.04892597014127205
1.0068513951539422	-0.04891672673827737
1.0070572655687118	-0.048897584337782726
1.007469006095366	-0.04885667467130349
1.0082923805204247	-0.04876433681751331
1.0083952831099265	-0.04875180688917283
1.008498179847778	-0.04873905721359271
1.0087039538637173	-0.048712898322123575
1.0091154106930766	-0.04865794034587158
1.009937852192797	-0.04853744824167453
1.0100406037323475	-0.048521393952774154
1.0101433417402408	-0.04850511884374729
1.0103487752231306	-0.048471905934257556
1.0107594584640114	-0.04840282779264701
1.0115799808886596	-0.0482540506787286
1.0116756237260098	-0.04823577057275289
1.0117712480035101	-0.04821729742623575
1.0119624392786457	-0.048179771880477916
1.0123445814877599	-0.04810240290808983
1.0131078144802539	-0.04793838720078147
1.0132031121684093	-0.04791701496718311
1.0132983848558843	-0.04789544926831793
1.0134888536069901	-0.047851737399027094
1.013869473243377	-0.04776199129326252
1.0146293498269996	-0.04757320651106391
1.014724198683938	-0.04754873703008415
1.0148190160169157	-0.04752407388389016
1.015008554469657	-0.047474166577315804
1.0153872350169078	-0.047372027828607326
1.0161429184003934	-0.047158453928042215
1.0176468325144925	-0.0466941340852877
1.017748299745507	-0.04666089514954316
1.0178497143431178	-0.04662742914603797
1.018052383507737	-0.046559816065324285
1.0184570667851838	-0.04642186659067158
1.0192636934577946	-0.046135083365635314
1.0208650263326753	-0.0455180698162321
1.0209645438010158	-0.04547758728989011
1.021063991463968	-0.04543687939240024
1.021262675212172	-0.045354787788284875
1.0216591812570524	-0.04518790355223797
1.0224486262761496	-0.044843349822756985
1.0240122760314745	-0.0441112712763761
1.024107523564397	-0.04406449190028003
1.0242026870888388	-0.044017498306253906
1.0243927600525242	-0.04392286892564996
1.0247718752184554	-0.04373104469903355
1.0255258671146539	-0.043337161968548664
1.0270159739867866	-0.042508698529098825
1.0271082777600369	-0.04245512799247996
1.0272004810442665	-0.042401347597673854
1.0273845840882014	-0.042293157871390256
1.0277515616807658	-0.04207426721586865
1.0284804877942733	-0.0416264786231975
1.0299173047708967	-0.040691191520903405
1.0300001754246946	-0.040635041209564376
1.030082944397067	-0.04057871331169881
1.0302481756434116	-0.04046552542073814
1.0305773997734495	-0.040237025968950846
1.0312308021861576	-0.03977157098445513
1.0325166872104063	-0.03880716007136447
1.032596099894872	-0.03874541461543943
1.0326753977649035	-0.03868349741745735
1.0328336474361193	-0.03855914859879489
1.033148751140053	-0.03830839895604373
1.033773285333797	-0.03779873804778594
1.0349989397822066	-0.03674715558663206
1.0350808404547893	-0.03667435208596738
1.035162590989212	-0.03660135487261504
1.0353256396255524	-0.0364547805107482
1.0356499130722945	-0.036159320550767086
1.03629105236246	-0.03555922498106356
1.0375428100520911	-0.034322905712268384
1.0376196588432927	-0.034244059808866835
1.0376963416390965	-0.034165030545980496
1.0378492073054955	-0.034006423335565285
1.0381529254039825	-0.03368702401548291
1.038752201004523	-0.03303956572916209
1.03991725872252	-0.03171066984981622
1.039983829817609	-0.03163175504175119
1.040050243058578	-0.03155269073573373
1.040182594481794	-0.031394114915060285
1.0404453866560102	-0.0310751834964359
1.0409632453851076	-0.030430274915866834
1.0419674063200663	-0.029112876110398183
1.0420287438629054	-0.02902934193726805
1.042089911921509	-0.028945669070929835
1.0422117381816598	-0.028777908679933253
1.042453341487067	-0.0284407392717583
1.0429282736114236	-0.027759886872169973
1.043844429861518	-0.026372788789331685
1.0438990795308265	-0.026286724734242477
1.0439535559050104	-0.02620053878331638
1.0440619875453914	-0.026027802654349595
1.0442767578822039	-0.025680883760945624
1.0446978593868428	-0.024981342363817608
1.0455057780771353	-0.023560120365786308
1.045554734792722	-0.02347034100368538
1.045603508849518	-0.023380451856967018
1.0457005078757404	-0.023200345780760984
1.0458923018534692	-0.02283883354105649
1.046267012492001	-0.022110697749214443
1.0469804491378716	-0.02063470398253583
1.0470270696475679	-0.020533697748273655
1.047073465206769	-0.020432577582580113
1.0471655802134923	-0.020229997592605048
1.0473470970375487	-0.019823493985689975
1.047699209177876	-0.019005233173315688
1.048359216808464	-0.017348677668618022
1.0483984895561256	-0.017244295282008257
1.0484375279749318	-0.017139816530698238
1.048514900752932	-0.016930572192657468
1.0486668226445817	-0.01651095203501026
1.0489593136539836	-0.015667313401827202
1.049498440576003	-0.013963474961244608
1.0495279803482318	-0.013863463065997778
1.049557309283462	-0.013763383318059706
1.0496153339341783	-0.013563022183090538
1.0497288454644689	-0.01316150682027875
1.0499456793448034	-0.012355411880592913
1.049971825118972	-0.012254372196799071
1.0499977573651278	-0.01215327239802561
1.0500489806444562	-0.011950894407904112
1.0501488580193732	-0.01154543855114837
1.0503383024468205	-0.010731837280016287
1.0503610135769195	-0.010629894580249691
1.0503835088106963	-0.010527899629655182
1.0504278510420226	-0.010323754957792301
1.050513938801304	-0.00991486042776519
1.0506756985280146	-0.00909476213882266
1.0506949395858856	-0.00899204309949927
1.0507139627089404	-0.008889279783957633
1.0507513546866791	-0.008683622331412705
1.050823518394883	-0.008271798210940814
1.0509573405404078	-0.007446225962898558
1.0509748978655777	-0.007330834730742402
1.050992181480116	-0.0072153984526576054
1.0510259270513462	-0.0069843935806681206
1.0510901279969058	-0.006521874352538356
1.0511054920570269	-0.006406142528758879
1.0511205814085924	-0.006290371314542632
1.0511499355266323	-0.006058713550622805
1.051205342323325	-0.005594956553703282
1.0512185056013927	-0.005478929476382386
1.0512313933064	-0.005362868690316306
1.0512563416047742	-0.005130648839761809
1.0513029271253773	-0.0046658359784791615
1.0513138831747038	-0.004549559182205191
1.0513245629207073	-0.004433254381330939
1.0513450931776245	-0.004200563623702497
1.05138283459346	-0.0037348775058846416
1.0513915780438132	-0.003618396691672696
1.0514000445955187	-0.003501893595682121
1.0514161467455145	-0.0032688234244975215
1.0514237822203645	-0.003152257782924655
1.0514311405496894	-0.003035672726800565
1.0514450255482095	-0.002802447240422279
1.051451552110934	-0.0026858082454101753
1.051457801315193	-0.002569152706316088
1.0514694674587335	-0.0023357948683186535
1.0514748843085386	-0.0022190940060391718
1.0514800236209263	-0.002102379472910507
1.0514894694778874	-0.001868912268976222
1.0514937759500003	-0.0017521610359366078
1.0514978047397745	-0.0016353990075648676
1.051501555816302	-0.0015186269030408816
1.051505029150803	-0.0014018454416498383
1.0515082247166294	-0.0012850553427746774
1.0515111424892623	-0.0011682573258885295
1.051513782446314	-0.0010514521105473478
1.0515161445675285	-0.0009346404163822973
1.05151822883478	-0.0008178229630921398
1.051520035232076	-0.000701000470435816
1.0515215637455542	-0.0005841736582250182
1.051522814363486	-0.0004673432463165769
1.0515237870762744	-0.0003505099546048414
1.0515244818764553	-0.00023367450301425472
1.0515248987586965	-0.00011683761149192626
1.0515250377197989	-1.3270240196736779e-17