-0.05883016405818067	0.
-0.05883003479161422	0.00012003727203490013
-0.05882964699275368	0.0002400739317159102
-0.05882900066411558	0.00036010936669465967
-0.0588280958098941	0.00048014296463381616
-0.05882693243596098	0.0006001741132126053
-0.05882551054986552	0.000720202200132329
-0.058823830160834374	0.0008402266131218834
-0.05882189127977155	0.0009602467399432774
-0.05881969391925816	0.0010802619683971495
-0.05881723809355234	0.0012002716863282836
-0.05881452381858902	0.001320275281631127
-0.058811551111979714	0.001440272142255301
-0.058808319993012316	0.0015602616562111198
-0.058804830482650824	0.0016802432115750987
-0.058797076379980516	0.001920179999197681
-0.058792811837977695	0.0020401340079899246
-0.058788289005192146	0.002160077611268627
-0.058778468586307225	0.002399931155345347
-0.05877317106390995	0.002519839873426958
-0.058767615378133374	0.0026397357405732185
-0.05875572966225122	0.0028794864778616262
-0.05874939970923061	0.0029993401262133476
-0.0587428117469996	0.00311917848005985
-0.05872886196745955	0.0033588068621328284
-0.05869786828944309	0.0038378532373944917
-0.05868947555241447	0.003957567442374561
-0.05868082519467575	0.004077261472670862
-0.05866275184299621	0.004316586572347658
-0.05862351626952723	0.004794967880763478
-0.05861306422984988	0.004914503639766291
-0.058602355064567214	0.005034014355523521
-0.05858016563630093	0.005272958227074559
-0.05853270443559258	0.005750518731951356
-0.05852019742607756	0.005869837145079849
-0.0585074338922545	0.005989125660807564
-0.058481137583754325	0.006227610577862029
-0.05842547042019417	0.006704195014614101
-0.05830185862408408	0.007655687029679135
-0.05828385008235244	0.00778444286173442
-0.058265541842567936	0.007913152149445492
-0.05822802682701342	0.008170428031546812
-0.058149406685160894	0.008684387628765116
-0.05797784010786563	0.009709767451632817
-0.05795505433195173	0.009837687043710776
-0.05793197135063876	0.009965547912447567
-0.057884914472969375	0.010221090455369787
-0.0577872420893454	0.010731437626645765
-0.057577704913829006	0.011749011770696073
-0.057550186054355364	0.011875901397794767
-0.05752237304932192	0.012002720280038973
-0.057465865443999294	0.012256142829124902
-0.05734932986346918	0.012762106241968392
-0.05710222712079513	0.013770340388966159
-0.05655232314792954	0.015770721521153764
-0.05651795497748625	0.015886749963398977
-0.056483337114877234	0.016002696326025752
-0.05641335321745349	0.016234340475106714
-0.056270399150955	0.016696618149167945
-0.055972598567719994	0.0176170010858734
-0.055329869219199884	0.019440048637967475
-0.05528763046142617	0.019553164465886917
-0.05524514999138692	0.019666179901473037
-0.05515946501207676	0.019891907362885826
-0.05498520666085135	0.020342133067548448
-0.05462519971360976	0.02123754373592408
-0.05385975052174468	0.02300722375715445
-0.05381089969636226	0.023114705245976325
-0.05376182564803231	0.023222073523138497
-0.05366300908536336	0.023436468454120243
-0.0534627105848371	0.0238638779574281
-0.053051521019316386	0.02471306541542208
-0.05218733922351593	0.026388046441553764
-0.05213150026146926	0.026491663306420533
-0.05207544828416238	0.026595151532082275
-0.051962706637374984	0.026801740205514926
-0.05173468211264504	0.027213353478006578
-0.05126854536266409	0.02803022091778421
-0.05029655330265642	0.02963771147095802
-0.05022876583573942	0.0297453941247991
-0.05016074111120973	0.029852908475598783
-0.0500239817899494	0.030067430073726305
-0.04974763703922055	0.030494429584341568
-0.04918375127488805	0.031340133028923224
-0.048012077530698576	0.0329974126659505
-0.04793693987783713	0.03309944529073009
-0.04786158080767127	0.03320129284595313
-0.047710200478112766	0.033404430762464035
-0.04740480556557977	0.03380846401732695
-0.046783595707546026	0.034607451218890924
-0.04550044640423901	0.0361682594172388
-0.04542396066415148	0.036257740038654125
-0.045347296879411136	0.036347046386901435
-0.04519343696240961	0.03652513482871497
-0.04488360028358029	0.03687920472211261
-0.04425556049899378	0.03757883790034328
-0.042966831895908844	0.03894346672781883
-0.04288487357044564	0.03902719913663657
-0.042802751821146304	0.03911074644729197
-0.042638019920507385	0.0392772845118434
-0.04230661562915398	0.03960812565452121
-0.04163615049543193	0.040260799068638484
-0.04026544434474391	0.04152957744763739
-0.0401712042115946	0.041613729807643905
-0.04007679005820078	0.04169765367791516
-0.039887442151814036	0.04186481456753421
-0.03950668520095235	0.04219637937762515
-0.03873706529656687	0.04284840619651959
-0.03716651678667751	0.044107474813345454
-0.03706701577066403	0.04418415337299071
-0.03696736067530018	0.04426059331779939
-0.03676759076891515	0.044412756224619626
-0.03636622977065441	0.04471420624520372
-0.03555636473750342	0.04530554180945504
-0.03390920024114039	0.04644148996654312
-0.033806983032999234	0.04650914630863086
-0.033704636896213856	0.046576564774572685
-0.03349956025619521	0.046710687228613997
-0.033087886455140186	0.046976068376367926
-0.03225859243786038	0.04749533028839228
-0.030577305405748073	0.048487512913168614
-0.03047126304860574	0.048547460214243845
-0.030365111167074507	0.048607163681677897
-0.030152481259145065	0.0487258384848253
-0.029725933860618947	0.04896025524266416
-0.02886782467399994	0.049417324196855954
-0.0271326353157012	0.05028416082876643
-0.02703073415123444	0.05033274320820616
-0.026928754527642013	0.050381109748386256
-0.02672456186389006	0.05047719496962325
-0.026315256588137048	0.050666771654467944
-0.025493075864160844	0.05103553244405854
-0.02383530844232583	0.05173135947193829
-0.023731138964141467	0.05177299851005631
-0.02362690663214127	0.05181441956526051
-0.023418255343949913	0.05189660753827557
-0.02300021981830176	0.05205836567916342
-0.02216132514252822	0.05237140166543503
-0.02047310311406317	0.052955495202392955
-0.020358221971848077	0.052993053611097685
-0.02024328504278992	0.05303035458764028
-0.020013246248304837	0.05310418418905153
-0.0195525258576092	0.05324875368355054
-0.01862864902827289	0.05352553268769315
-0.01851294777624273	0.053558971323424055
-0.01839720037973823	0.05359215248020007
-0.018165569546812282	0.05365774239705528
-0.017701780447077247	0.05378583300685202
-0.016772225877345164	0.05402966145009656
-0.0166558578421207	0.0540589823964001
-0.016539453175294254	0.0540880461921341
-0.016306536305947	0.0541454024639482
-0.01584028890637957	0.05425703073194576
-0.01490627083198042	0.05446795935885004
-0.014789387158543374	0.05449317059704156
-0.014672476222468086	0.05451812537413185
-0.0144385748836822	0.054567265765364324
-0.013970470553792169	0.054662471513938424
-0.013033184469468285	0.0548405969402225
-0.012923725281687086	0.054860317026980764
-0.012814250329186098	0.05487981450046367
-0.01259525498556836	0.05491814185524732
-0.012157095504347595	0.05499212798442855
-0.011280204619683423	0.05512944104351913
-0.011170548592112067	0.05514560726280518
-0.011060884162467158	0.05516155197182127
-0.010841531919306865	0.055192777168228555
-0.010402746623962723	0.05525257289132838
-0.009524954154283555	0.05536156417321557
-0.009415218077945731	0.055374195997112026
-0.00930548082604212	0.05538660765503696
-0.00908600458287311	0.055410770841005874
-0.008647057618947077	0.055456459319777336
-0.008537324621845527	0.05546733243593815
-0.008427594009182287	0.05547798614538615
-0.008208141706375547	0.0554986357405852
-0.007769285143099163	0.055537306460219565
-0.007659583577753066	0.055546427140529445
-0.0075498879202719835	0.05555532922964899
-0.007330516079594797	0.05557247805848683
-0.007220840770280439	0.0555807250124254
-0.0071111731165918336	0.055588753803608865
-0.0068918625173873685	0.05560415733548933
-0.00678222044104224	0.055611532297184574
-0.006672587758661657	0.055618689538115884
-0.006453352307607667	0.055632351308904524
-0.006015013149595657	0.05565706721126395
-0.005907613394910927	0.05566259481591252
-0.005800225973861988	0.055667914067415204
-0.005585489746251707	0.05567792796082849
-0.005478141745080611	0.05568262282953628
-0.0053708076883235865	0.05568710979868778
-0.0051561830126490744	0.05569546050011182
-0.005048893194619446	0.055699324465129714
-0.0049416189227774535	0.05570298099607723
-0.004834360596151458	0.05570643021116666
-0.004727118613201674	0.0557096722293418
-0.004619893371819162	0.05571270717027558
-0.004512685269324796	0.05571553515436768
-0.004405494702468252	0.0557181563027421
-0.0042983220674269905	0.05572057073724479
-0.004191167759805271	0.055722778580441244
-0.004084032174633156	0.055724779955614104
-0.003976915706365535	0.05572657498676079
-0.003869818748881171	0.055728163798591114
-0.003762741695481696	0.05572954651652486
-0.0036556849388906837	0.055730723266689396
-0.003548648871252742	0.055731694175917335
-0.003441633884132534	0.05573245937174404
-0.003334640368513875	0.05573301898240546
-0.0032276687147988086	0.05573337313683544
-0.003120719312806711	0.055733521964663614
-0.00301379255177339	0.05573346559621287
-0.002906888820350196	0.055733204162497
-0.0028000085066031506	0.05573273779521837
-0.0026931519980120757	0.05573206662676548
-0.00258631968146974	0.05573119079021061
-0.0024795119432809844	0.05573011041930749
-0.00237272916916189	0.05572882564848885
-0.0022659717442389815	0.05572733661286411
-0.0021592400530483628	0.055725643448217
-0.0020525344795349117	0.05572374629100315
-0.0019458554070514798	0.055721645278347796
-0.0018392032183580905	0.05571934054804334
-0.0017325782956211543	0.055716832238547065
-0.0016259810204126875	0.055714120488978676
-0.0015194117737095435	0.05571120543911806
-0.0013063588867462692	0.055704766000926005
-0.0011998760054572144	0.05570124189543364
-0.0010934226706141464	0.055697515055322576
-0.0008806061516255449	0.055689453744070735
-0.0007742437216600688	0.05568511956095589
-0.0006679123464992945	0.055680583219269456
-0.0004553442623380941	0.05567090464327872
-0.0003491083027041453	0.05566576270211211
-0.00024290489660651175	0.05566041918864461
-0.00003059723710954145	0.05564912803802444
0.00007550627175835816	0.055643180699046446
0.00018157573802835063	0.055637032384112224
0.0003936110603835715	0.05562413342956401
0.0008172569216743826	0.05559593047854847
0.0009320714035863598	0.055587728502158894
0.0010468423010408542	0.05557929138391234
0.0012762514744947956	0.055561712517666784
0.001734526306566983	0.055523741883196656
0.0018489790778749128	0.05551366438312186
0.001963384550666457	0.055503353354220575
0.002192051759864804	0.05548203153191155
0.0026487983947728927	0.055436594627838134
0.0027628599340271324	0.05542465469005525
0.00287687051535334	0.0554124828880706
0.0031047369908163776	0.05538744453874562
0.0035598385473378106	0.055334594832653655
0.004467415641969758	0.05521785182198314
0.004580607909028506	0.05520222787928542
0.004693742064606383	0.05518637554944406
0.004919834283220477	0.055153986623537384
0.0053713020922257024	0.05508647801351301
0.006271273863461804	0.05494058880876863
0.0063834840646480795	0.054921337904535295
0.006495629222865938	0.05490186227587139
0.006719722708031617	0.05486223778502558
0.0071671104856434594	0.054780302484990585
0.008058595063112151	0.05460574008846906
0.008162280652778521	0.05458445590369092
0.008265903796633426	0.054562979387873946
0.008472961409067904	0.05451945015987366
0.008886312605115956	0.054430092521819365
0.009709884817739121	0.05424222573129416
0.011343924931360706	0.053830253805989374
0.011445449572312034	0.05380291601629329
0.01154690138854481	0.05377539248781322
0.011749585293905886	0.053719789066967276
0.012154065462611465	0.053606362759330985
0.01295940591832035	0.05337068052657273
0.014555061658602614	0.052864388664579424
0.014662415978161654	0.052828421249893336
0.014769673302050012	0.052792243849373185
0.014983895474796024	0.05271926023699093
0.01541115955452789	0.05257078581586439
0.01626088448182262	0.052263872960852414
0.017940476102308502	0.05161071523894819
0.018044546389065688	0.051568172549430136
0.018148508213448922	0.05152542925643743
0.018356105101365094	0.05143934206012402
0.018769982267048624	0.05126477364786359
0.019592394362055794	0.05090612842643291
0.021215254985460945	0.05015135056964532
0.021313852922881557	0.0501034333915219
0.021412336153354375	0.05005533229220931
0.021608957298887826	0.049958579506398634
0.022000810010755135	0.04976287983614424
0.022778891241424425	0.04936277032786768
0.024312040472636375	0.04852824389725297
0.024406823470712068	0.04847458838099616
0.024501482588504882	0.04842075847991581
0.024690428088532692	0.04831257673110363
0.025066820526171565	0.04809413391347302
0.02581355082932579	0.04764899890398703
0.027282320707987206	0.04672627725142448
0.02736690010732881	0.04667117915940828
0.02745136447861333	0.04661593786357106
0.027619947326523443	0.04650502665934263
0.02795572380126735	0.0462814967996502
0.028621675189464214	0.045827663363361915
0.029930821641380622	0.044893351773647824
0.030011622293265833	0.044833795560583145
0.030092301699658115	0.04477410418764725
0.030253296034812346	0.044654316974115045
0.03057382163611358	0.04441313176477377
0.031208979736284333	0.043924374991610726
0.03245540391237035	0.04292177122741487
0.03253872982107854	0.04285261590473578
0.03262190640771644	0.042783311176216
0.03278781075384016	0.04264425480423002
0.03311781814979321	0.04236436352268325
0.033770580435254646	0.04179753984629991
0.035046725590911605	0.04063631318364217
0.03512516975774303	0.04056253871605835
0.03520345804845858	0.04048862529420039
0.03535956622718741	0.04034038289752054
0.0356699035900389	0.040042245063409296
0.036283019813889705	0.03943943062966024
0.03747868671486808	0.03820823425476484
0.03754716720232095	0.038135380415196
0.03761550677893785	0.03806241464208982
0.03775176263605214	0.037916148362755565
0.038022577246698094	0.037622284344342484
0.038557387091148136	0.0370292902535759
0.03959948774600918	0.03582271613893799
0.03966339143257045	0.03574641280404882
0.039727149923661706	0.035670006075728095
0.03985423081403236	0.035516883505946936
0.04010664471435759	0.03520940938326871
0.04060445325540404	0.03458960495014056
0.04157177720457715	0.03333104908006797
0.04163591459365759	0.0332449227441481
0.041699876993686595	0.03315868505189945
0.04182727625356731	0.032985876953197324
0.04207996863338034	0.03263893938054475
0.042576897474892135	0.031939854556971556
0.04353668812945941	0.030521452261154738
0.04359515753360533	0.030431930336477262
0.04365344763737683	0.03034230787503626
0.04376948944150652	0.030162762691429947
0.043999415949910706	0.02980248072560986
0.0444506131220957	0.029077225912848136
0.04531817154449953	0.027608556187337263
0.04536988621333713	0.027517670482296974
0.04542142442588462	0.027426698245443203
0.045523971069253225	0.027244495447173053
0.04572694236500298	0.026879065445596612
0.04612437446601053	0.026144178923601595
0.046885022594132755	0.02465886789188075
0.04693104167600668	0.02456537049981727
0.04697688122037532	0.024471796716768565
0.04706802134122407	0.024284421241637995
0.04724814324804691	0.02390876749956732
0.04759973437765473	0.023153919555625947
0.04826815686704578	0.021630626731367387
0.048305695042809925	0.021541270212426786
0.04834307467650483	0.021451855967498625
0.048417358072802036	0.021272855320051597
0.04856401968413324	0.020914172535024
0.04884970886469679	0.02019413809075514
0.04939044860703165	0.018743849831924172
0.049422884548627095	0.01865277240390793
0.04945516013751117	0.018561645392411633
0.04951923005083202	0.018379243634028094
0.04964544339189067	0.018013856278786336
0.049890152954047584	0.017280803005550793
0.05034861805531423	0.01580603600918993
0.05037818836885118	0.015705703232544027
0.050407568407937565	0.01560532171823233
0.050465757446718454	0.015404413763957181
0.050579849876009636	0.015002027161407108
0.05079888053796692	0.014195043207566937
0.05082540018255188	0.014093969222305375
0.05085172873296357	0.01399285164303421
0.05090381235963792	0.013790486986692982
0.05100568439605729	0.013385248669822944
0.051200237353172195	0.012572807877069735
0.05122369394085848	0.012471074890266028
0.051246958711271336	0.01236930344109954
0.05129291263250646	0.012165646437049026
0.05138251684284282	0.01175788497331272
0.051552501812861216	0.01094064392655369
0.051855511465210655	0.009299862452682028
0.051871669266042884	0.00920387792332154
0.05188765884098221	0.009107868766058532
0.05191913321419427	0.008915777606819447
0.051980062176151115	0.00853131118107792
0.05209383576583469	0.0077613000532901185
0.05210729912547276	0.007664952634636149
0.0521205938944669	0.007568584741319338
0.05214667757870662	0.007375788568226
0.05219682097438374	0.006989961937747075
0.05228900763518196	0.006217429615332933
0.05229977123087003	0.006120785717326668
0.052310365939445075	0.006024125492491098
0.05233104863039626	0.0058307570986492726
0.05237038666823007	0.005443835787576848
0.05237979872589424	0.00534706852835124
0.05238904177356707	0.005250287014508158
0.05240702078249088	0.005056682258779939
0.052440950074193596	0.004669313085017321
0.05244900966963182	0.004572439038820862
0.05245690014899325	0.004475552809259341
0.05247217371141266	0.00428174483541178
0.05250069092914489	0.0038939940757217895
0.05250739727224598	0.003797029809600177
0.05251393440990773	0.003700055430541942
0.05252650102918322	0.0035060773686148043
0.05254960338000151	0.0031180112739422217
0.05255485233524436	0.0030228790091028075
0.05255993859561938	0.002927739008980974
0.05256962300213378	0.0027374367778207082
0.0525742211340563	0.002642275034228718
0.05257865654267718	0.0025471065302476626
0.052587039164215636	0.0023567502159332994
0.05259098636483259	0.002261562892991024
0.052594770817546564	0.0021663697844422672
0.05260185145729689	0.001975967185240301
0.05260514763394691	0.0018807581819306495
0.05260828104192119	0.0017855443677021144
0.052614059533700026	0.0015951032811194158
0.05261670460903089	0.0014998764960692987
0.05261918689873849	0.0014046458747089127
0.05262150639918335	0.0013094116606799057
0.05262366310696483	0.0012141740976202564
0.05262565701892112	0.0011189334291645003
0.05262748813212922	0.0010236898989439806
0.05262915644390492	0.0009284437505870997
0.05263066195180274	0.0008331952277195441
0.052632004653615956	0.0007379445739646044
0.052633184547376526	0.0006426920329433785
0.05263420163135509	0.0005474378482749796
0.05263505590406095	0.00045218226357685167
0.05263574736424209	0.0003569255224649992
0.052636276010885094	0.00026166786855423644
0.05263664184321521	0.000166409545458439
0.05263684486069626	0.00007115079679077139
0.05263688506303075	-0.000024108133835995092
0.05263676245015974	-0.00011936700280927648
0.05263647702226293	-0.0002146255665164697
0.05263602877975861	-0.0003098835813446352
0.05263541772330375	-0.0004051408036802691
0.05263464385379387	-0.0005003969899090521
0.05263370717236316	-0.0005956518964155986
0.05263260768038446	-0.0006909052795832295
0.05263134537946925	-0.0007861568957936533
0.052629920271467706	-0.0008814065014267619
0.052628332358468664	-0.0009766538528604225
0.052626581642799736	-0.001071898706470164
0.0526246681270272	-0.001167140818628945
0.05262259181395613	-0.001262379945706905
0.05261795080833272	-0.0014528482700853571
0.052615386122584575	-0.0015480769801097848
0.05261265865314643	-0.0016433017305007454
0.05260671537943652	-0.0018337383777872055
0.0526034995838804	-0.001928949787374098
0.052600121022065655	-0.002024156262709834
0.05259287561972139	-0.002214553435956668
0.052589008789820334	-0.002309743646518639
0.05258497921491771	-0.002404927948130678
0.05257643185399667	-0.002595277849741847
0.05255738446832256	-0.002975896022803203
0.05255176980198049	-0.0030791042748025067
0.0525459636647317	-0.0031823032535794925
0.052533777017986616	-0.0033886721466192785
0.05250710653743248	-0.00380128496004585
0.05249996040343832	-0.003904410311745559
0.052492622888130586	-0.004007523900208095
0.0524773737646974	-0.004213714542161272
0.05244457952310167	-0.004625940968525409
0.05243590271280861	-0.004728963496769625
0.052427034632125745	-0.004831971770858852
0.05240872472140239	-0.005037944310804916
0.05236981035396312	-0.0054497046364009255
0.05228280732847927	-0.0062724164836039245
0.052271072224065594	-0.006375173562474478
0.05225914613544885	-0.00647791140190238
0.052234721088941415	-0.006683328115372597
0.05218358012112652	-0.007093916950056875
0.052072139789587156	-0.007914046384088375
0.05205735161765361	-0.008016458207293908
0.05204237283422526	-0.008118845799957301
0.05201184353799014	-0.008323547044953295
0.05194849878294595	-0.008732645031075174
0.05181267095088815	-0.00954955302234134
0.05179603367932979	-0.009644727484951644
0.051779230811837926	-0.009739876511657891
0.051745128392283415	-0.009930097240960568
0.05167493755228472	-0.010310222286902237
0.05152661799036998	-0.011069149776128358
0.05150733442104422	-0.011163886758423518
0.051487885699449946	-0.011258594236142207
0.05144849291970058	-0.011447919659711987
0.05136772687070831	-0.011826205250782384
0.05119827989510575	-0.012581258354831088
0.05117635763952731	-0.012675492704052388
0.051154270743942284	-0.01276969347267481
0.05110960317031573	-0.012957993248033395
0.05101829387150187	-0.013334178608771126
0.05082778672450454	-0.014084835403241793
0.05041528640977813	-0.015578835490884345
0.050385829208440515	-0.015679664235007294
0.05035618006777462	-0.0157804439028843
0.050296306189263076	-0.0159818547055112
0.05017425761123859	-0.01638407304462273
0.04992097004584511	-0.01718602354502383
0.049377741655895944	-0.018779394205257583
0.04934217170285914	-0.018878490507876034
0.04930641177226994	-0.018977527272916534
0.049234322250959195	-0.019175420878871356
0.04908786649878723	-0.019570479211312157
0.04878586395564675	-0.020357606846005318
0.04814562679866812	-0.021919317109725996
0.048104774760903364	-0.022014574614343568
0.04806374191759109	-0.02210976460208455
0.04798113412393325	-0.022299940778936878
0.04781375229872554	-0.02267946919900382
0.047470341565412605	-0.023435160344795116
0.046749080331273875	-0.02493251943133638
0.04670248291644565	-0.025025461374378038
0.04665570737674471	-0.025118325789362964
0.04656162228637859	-0.02530382078005159
0.046371318631824046	-0.025673866615459277
0.04598219835692924	-0.026410111345898095
0.04517007936217851	-0.027866649470836738
0.04512134998221659	-0.027950881783757674
0.045072468352709415	-0.028035037910009747
0.04497424868670795	-0.028203120578582302
0.0447759861380435	-0.028538360410402783
0.044372187762387535	-0.029205080664509546
0.04353565943011743	-0.030523023939532122
0.04348210215574101	-0.03060469113402887
0.04342839554016474	-0.03068627393270022
0.043320534673504774	-0.030849185314119305
0.04310302513580437	-0.031173984012352093
0.042660877061109326	-0.03181942751709132
0.04174824779430608	-0.033093237498824826
0.041685032441955795	-0.0331787302702465
0.04162164533999647	-0.033264114070584376
0.041494356445521546	-0.03343455344182231
0.04123772383316294	-0.03377411005150738
0.040716271292258265	-0.03444786099479052
0.039640880333184726	-0.03577332347018521
0.03957224092535496	-0.03585516582701711
0.039503434508749734	-0.035936888670641515
0.03936532128037052	-0.03609997449919467
0.03908709769407693	-0.03642469748735384
0.038522698111262826	-0.037068274906695224
0.037362386250003425	-0.03833136440388652
0.03729340428537592	-0.038404044375018376
0.037224281435189036	-0.03847661102436711
0.03708561365460053	-0.0386214032846828
0.03680659383454802	-0.0389096161411409
0.03624185005828123	-0.039480495122629064
0.03508581568478561	-0.0405995857846293
0.03266982426360815	-0.042743260370018125
0.032593667581040986	-0.04280687114560224
0.032517385319236654	-0.04287035657178371
0.03236444472263036	-0.04299695037295562
0.03205706391804042	-0.04324862275276677
0.03143634172463729	-0.04374585052909592
0.030171364619210127	-0.04471539025992617
0.030091274235085796	-0.04477486578056708
0.03001106383362852	-0.044834207958980604
0.029850283708041808	-0.04495249129493233
0.029527291300488794	-0.04518744692873014
0.028875619371749883	-0.04565085848096004
0.02754986621709432	-0.046551239487513926
0.027458888306910813	-0.046611006537705876
0.027367776274760416	-0.04667060724957387
0.02718515086338322	-0.04678930840455375
0.026818301826214943	-0.04702470087223181
0.026078268920141374	-0.04748737644351305
0.024573338234950465	-0.04837973260679226
0.02447819842737589	-0.04843402221310751
0.024382933020326496	-0.048488135539158136
0.024192026524931017	-0.04859583212115104
0.023808718672860617	-0.048809096412010436
0.023036187097695438	-0.049227040952608714
0.021467979742409313	-0.05002804873494534
0.021375599304528845	-0.05007330332784721
0.021283117629754076	-0.050118396024613834
0.02109785155972906	-0.0502080947575151
0.020726115503846548	-0.05038553878748892
0.01997788397816084	-0.05073255894619998
0.018462841648988346	-0.051394697544136926
0.01836734742395699	-0.051434652014927834
0.01827176018796444	-0.05147443692596405
0.018080307753513238	-0.051553497127667144
0.017696298563282038	-0.051709572477084485
0.016923923661268242	-0.05201349061292662
0.015362242487538773	-0.052587981732094384
0.015255638161552709	-0.05262527958084295
0.015148934989992452	-0.052662369461522224
0.014935233579092818	-0.05273592416859611
0.014506660819022119	-0.052880525340601905
0.013644918963571995	-0.05315963090666755
0.013536777652860895	-0.053193567009337236
0.013428543476644399	-0.053227290597789106
0.0132117980542688	-0.053294099112382004
0.012777209666418751	-0.05342515368284461
0.011903729372522058	-0.05367695094287106
0.011794148490825584	-0.05370745349833206
0.011684480955007407	-0.053737739120523355
0.01146488750562143	-0.053797658478872204
0.011024678239102415	-0.05391488207868665
0.01014026014581068	-0.05413880869947513
0.00835615725401075	-0.05454410652702798
0.0082514341142798	-0.05456599064452873
0.008146646834605533	-0.05458767829487805
0.007936881240279931	-0.054630463371694735
0.007516595644535885	-0.054713666900561515
0.006673085269654049	-0.05487056204798497
0.00656737780394818	-0.05488927828395876
0.0064616118181356165	-0.05490779482161204
0.006249905715394687	-0.05494422801227244
0.005825807028617214	-0.055014689357103616
0.004974944655725565	-0.055145948372396884
0.004868344110793344	-0.05516144603069676
0.004761690842718303	-0.05517674089492575
0.004548227610518302	-0.055206721486695046
0.004120684714085125	-0.05526424087422579
0.004013672731355111	-0.05527811092674764
0.003906610990112045	-0.055291776691214864
0.0036923397274447865	-0.05531849462005879
0.003263216587253597	-0.05536947095909437
0.003155817037483183	-0.05538170158479189
0.0030483707377143635	-0.0553937264660691
0.0028333394054243194	-0.055417158278625936
0.002402732468709541	-0.055461545120916944
0.0022949695730448616	-0.05547212480418236
0.0021871629795773896	-0.055482497325566524
0.0019714202382490244	-0.05550262018579185
0.001539427349080558	-0.05554037233324089
0.0014334451627244637	-0.05554911706894723
0.0013274239430872904	-0.05555766136447136
0.0011152658745463935	-0.05557414799748491
0.0006904975492733902	-0.055604709002778335
0.000584213421176846	-0.055611845784253634
0.0004778932171103785	-0.05561878086634381
0.0002651460715018579	-0.05563204531441374
-0.00016076470199970097	-0.055656147055301954
-0.00026732697457288335	-0.05566166594657625
-0.0003739223262117025	-0.05566698191881813
-0.000587210756547651	-0.0556770045083862
-0.0006939030786436566	-0.05568171082840385
-0.0008006269666042555	-0.05568621363477678
-0.0010141679201914942	-0.05569460811906604
-0.0011209842243290764	-0.055698499504845636
-0.0012278305713547095	-0.05570218679271187
-0.0013347065790020411	-0.05570566983823164
-0.001441611864397464	-0.055708948497630285
-0.0015485460440605526	-0.055712022627793935
-0.00165550873390497	-0.05571489208627192
-0.00186951810476788	-0.055720016421698645
-0.0019765640145910594	-0.055722271017083644
-0.0020836368922066526	-0.055724320377660314
-0.0021907363505103304	-0.055726164364329984
-0.0022978620017966903	-0.055727802838671604
-0.002405013457759777	-0.055729235662944146
-0.0025121903294940537	-0.05573046270008903
-0.0026193922274953796	-0.055731483813732455
-0.0027266187616615603	-0.05573229886818795
-0.00283386954129339	-0.05573290772845866
-0.0029411441750954656	-0.05573331026023985
-0.0030484422711770545	-0.055733506329921245
-0.0031557634370529756	-0.05573349580458954
-0.0032631072796444806	-0.05573327855203073
-0.0033704734052801555	-0.0557328544407326
-0.0034778614196967774	-0.05573222333988711
-0.0035852709280404247	-0.055731385119392816
-0.003692701534867109	-0.05573033964985734
-0.0038001528441438527	-0.055729086802599755
-0.003907624459249785	-0.05572762644965302
-0.004015115982976795	-0.055725958463766406
-0.004122627017530698	-0.05572408271840799
-0.004230157164532145	-0.05572199908776697
-0.004337706025017617	-0.05571970744675618
-0.004445273199440411	-0.05571720767101451
-0.004552858287671638	-0.055714499636909366
-0.004660460889001237	-0.05571158322153903
-0.0047680806021389395	-0.055708458302735187
-0.004875717025215505	-0.05570512475906527
-0.0049833697557834485	-0.055701582469835
-0.005091038390818254	-0.055697831315090734
-0.005306421759311971	-0.05568970193296378
-0.005423259615492609	-0.05568494300297283
-0.005540114240478358	-0.055679937760282475
-0.005773871723656685	-0.05566918774507967
-0.00589077354327262	-0.055663442679324396
-0.006007690054543928	-0.05565745071439146
-0.006241565066258381	-0.05564472551211061
-0.006358522521849195	-0.05563799198997762
-0.006475492579394359	-0.05563101099910414
-0.006709468402078386	-0.05561630605333093
-0.007177548146601583	-0.0555839204614848
-0.007294591692062259	-0.05557520333775566
-0.007411643622873685	-0.055566237657847795
-0.007645770517679179	-0.055547560106551284
-0.008114101537438294	-0.05550721663951094
-0.008231197268476034	-0.055496507460143826
-0.00834829711945495	-0.05548554870764546
-0.0085825070342587	-0.05546288199611258
-0.009050952644817067	-0.055414548400639335
-0.009168066270193571	-0.05540183928206992
-0.009285179702309066	-0.055388879645785594
-0.009519403816199389	-0.05536220836967277
-0.009987825808082293	-0.05530585471585382
-0.010104922657961861	-0.055291138360053095
-0.010222014954668093	-0.05527617061620332
-0.01045618369498351	-0.05524548055163945
-0.01092444236858178	-0.05518107929305374
-0.011041487403430104	-0.05516434900255933
-0.011158523479633566	-0.05514736652980745
-0.011392566540106754	-0.055112644663432395
-0.01186052074279966	-0.05504017069715904
-0.012795776499970995	-0.05488308246978321
-0.012904819859507114	-0.05486370017958612
-0.013013847658672745	-0.05484409704907796
-0.013231854739713134	-0.05480422802757139
-0.013667661951906749	-0.05472183732021591
-0.01453834512431099	-0.054546433093662826
-0.01464708417515599	-0.05452351069101733
-0.014755800264906862	-0.05450036660388618
-0.014973161694428161	-0.05445341320000784
-0.01540758846103822	-0.054356844297447825
-0.01627515250588803	-0.054153049560704596
-0.01638346793856843	-0.054126575462052295
-0.01649175289125216	-0.054099879092984623
-0.016708229461597075	-0.05404581943339951
-0.01714079597335355	-0.05393503171598849
-0.018004275822478034	-0.05370277787994756
-0.01972376418960026	-0.05319553259747275
-0.01983982604566413	-0.05315911650379142
-0.019955834028311362	-0.053122438972789
-0.020187685898729844	-0.05304829963672326
-0.02065071591141096	-0.052896884220877474
-0.021573941851935438	-0.052581510551822745
-0.0234079382388396	-0.05190064631665326
-0.02352196715348164	-0.05185587656377555
-0.02363592218760838	-0.05181084645162044
-0.023863608087694065	-0.05172000539292628
-0.02431806551040721	-0.05153520173512091
-0.025223180943873776	-0.05115312403757533
-0.027017075125826736	-0.05033923604088005
-0.027126396517622137	-0.050287142519855436
-0.027235627091684377	-0.05023480071242098
-0.027453813364472772	-0.05012937267476305
-0.027889069444882127	-0.04991554205441389
-0.028754979914374267	-0.04947600917433397
-0.030467305930733202	-0.04854969131559598
-0.030573420196224405	-0.048489714679712276
-0.030679424211549275	-0.048429494052193094
-0.03089109905863543	-0.04830832147087846
-0.031313098987253395	-0.04806305563831895
-0.032151563548426756	-0.047560879801073805
-0.03380526232830643	-0.04651028245743362
-0.03390068109449932	-0.04644714104471672
-0.033995987043072225	-0.04638379254328488
-0.034186258520866174	-0.046256474978433326
-0.03456542604111271	-0.04599936260367153
-0.03531814940023066	-0.04547527000618106
-0.03680027218757846	-0.0443879602855479
-0.03689183771970016	-0.044318285745997464
-0.03698327478590398	-0.04424841039738748
-0.037165761578951684	-0.044108058147152594
-0.03752917223127704	-0.04382495362868073
-0.038249633425309265	-0.04324919519683097
-0.03966425248522376	-0.04205990418755686
-0.039758813551592956	-0.04197750413043588
-0.039853205445524724	-0.04189487699719051
-0.040041479294968624	-0.04172894283658452
-0.04041597032384636	-0.04139436438261481
-0.041156590859968194	-0.04071444405112221
-0.042603315492073114	-0.039312191447718275
-0.042692165743010664	-0.039222699364526735
-0.04278082775617516	-0.039132991782979194
-0.042957584732471604	-0.03895293169569757
-0.04330881417134901	-0.038590242923356194
-0.0440020051548695	-0.03785468131825188
-0.045350288103258724	-0.036343569028655875
-0.045427354316362724	-0.03625377791019725
-0.045504240555952834	-0.036163810666245036
-0.04565747130392386	-0.03598334926856125
-0.045961753242503296	-0.035620329177021674
-0.04656149847510313	-0.034885983689462934
-0.047724921762154225	-0.03338476059468903
-0.047796008088917756	-0.03328952185022017
-0.04786690034553133	-0.0331941193695105
-0.04800810094301089	-0.033002824836826546
-0.048288154588592036	-0.03261828902154856
-0.04883877736424835	-0.03184152376112257
-0.0499013430699266	-0.030257982913734372
-0.049964742883344106	-0.03015968652346753
-0.05002794352300288	-0.030061245954156525
-0.05015374579170798	-0.02986393397411263
-0.05040294391580588	-0.029467598581795033
-0.05089163237227153	-0.02866817848151097
-0.051829534603751136	-0.027043127241873553
-0.05188638101185392	-0.02694043279390984
-0.05194301682454587	-0.026837608274382543
-0.05205565530655004	-0.026631570856546237
-0.052278390258670294	-0.026217955415761312
-0.052713617543657776	-0.025384666265573768
-0.05354252034378307	-0.02369470179530015
-0.053596697311531126	-0.02357901499262908
-0.05365061422748692	-0.023463193004402368
-0.05375766636081926	-0.023231145980297033
-0.05396863312547742	-0.022765457377765964
-0.054377932420346616	-0.021827844129253378
-0.055145343653823786	-0.0199288277331108
-0.05519101594954212	-0.019809132262754724
-0.05523641669647046	-0.01968932229243535
-0.055326402226938416	-0.019449361517825156
-0.05550310031887266	-0.018968095357234104
-0.05584333327079971	-0.018000335316737184
-0.056470600854609525	-0.01604512453390308
-0.056504975320987354	-0.015930330713611943
-0.05653910498833391	-0.015815456179400174
-0.056606629054420925	-0.01558546724251941
-0.056738730095956084	-0.015124545847320217
-0.05699109695956042	-0.014199057166410366
-0.057021529298045465	-0.014083040487948024
-0.05705171352740459	-0.013966952267989306
-0.057111336884799406	-0.013734563519688998
-0.057227597863366786	-0.013268953037241429
-0.0574481355349956	-0.012334530621306418
-0.0574745757326469	-0.012217439086415965
-0.05750076490601848	-0.012100285344636799
-0.057552389506066934	-0.011865793594308458
-0.05765261909114024	-0.011396089534308861
-0.057840964112014365	-0.010453931682115033
-0.057863368548107634	-0.010335915735635874
-0.057885519449243555	-0.010217847058689685
-0.057929060075090646	-0.00998155389989629
-0.058013092710733766	-0.009508361094052157
-0.05816893359752491	-0.008559683753737075
-0.05818938059850148	-0.008427077860981267
-0.05820950903046358	-0.008294418305981708
-0.05824880953907565	-0.00802894156737268
-0.05832358074007658	-0.007497381115182616
-0.05834147477615258	-0.007364369459671989
-0.058359049013101454	-0.007231310873025438
-0.05839323752322833	-0.006965056282266063
-0.058457770867656515	-0.006432021090910225
-0.058473102672021715	-0.00629865764258887
-0.05848811361139635	-0.006165254027936391
-0.05851717241125093	-0.005898329691003489
-0.058571434452836	-0.005364036350401638
-0.05858419607665624	-0.005230375331981405
-0.05859663593497786	-0.0050966809409210365
-0.058620549954171604	-0.0048291954452507144
-0.058664512541783266	-0.00429386145027
-0.058674697362456806	-0.004159957298591726
-0.05868455968341542	-0.004026026591997328
-0.05870331650862081	-0.003758088928998713
-0.05871221086061481	-0.0036240836807780365
-0.05872078240839084	-0.003490055293989137
-0.058736956815544666	-0.003221932524009939
-0.05874455954359299	-0.0030878398510895424
-0.05875183920476637	-0.0029537274601214797
-0.058765429092639015	-0.0026854469470953993
-0.058771739208966244	-0.002551280537085916
-0.05877772603767624	-0.0024170978331066154
-0.05878872964035115	-0.0021486869694247192
-0.058793746324930285	-0.0020144605232409163
-0.05879843954312218	-0.001880221210105635
-0.058802809256798205	-0.0017459698871604584
-0.05880685543045663	-0.0016117074116825355
-0.05881057803122305	-0.0014774346410748535
-0.058813977028851105	-0.0013431524328565174
-0.058817052395722914	-0.001208861644653245
-0.05881980410684947	-0.00107456313418758
-0.05882223213987113	-0.0009402577592691054
-0.05882433647505789	-0.0008059463777848767
-0.05882611709530983	-0.0006716298476898527
-0.05882757398615727	-0.000537309026997102
-0.058828707135761035	-0.0004029847737680093
-0.058829516534912744	-0.0002686579461027036
-0.05883000217703481	-0.0001343294021304823
-0.05883016405818067	-1.5256932046398608e-17