1.0451657053636842	0.
1.0451656097978819	0.00009096696912461924
1.0451653231010316	0.00018193350476901663
1.045164845274801	0.0002728991734563367
1.0451641763219692	0.0003638635417164564
1.0451633162464276	0.00045482617608935157
1.0451622650531796	0.000545786643128463
1.0451610227483394	0.0006367445094040618
1.0451595893391332	0.0007276993415066149
1.0451579648338993	0.0008186507060501516
1.0451561492420864	0.0009095981696756258
1.0451541425742552	0.001000541299054284
1.0451519448420774	0.0010914796608910255
1.045149556058336	0.0011824128219277692
1.0451469762369245	0.0012733403489468137
1.0451412435422207	0.001455176768283079
1.045138090702269	0.00154608479439706
1.0451347468913283	0.0016369854540935816
1.0451274864353741	0.0018187629424332846
1.0451235698325818	0.001909638905330699
1.0451194623432423	0.002000505770325835
1.0451106748015666	0.0021822104758709836
1.0451059948003245	0.002273047451240122
1.045101124014723	0.0023638735983519373
1.0450908102048193	0.00254549167834264
1.0450678944928717	0.0029085788802458573
1.045061689071655	0.002999317127845174
1.0450552931236163	0.003090041090724295
1.045041929796856	0.0032714444360582673
1.0450129185309247	0.003634060727760455
1.0450051899977149	0.0037246726195773678
1.044997271265948	0.00381526677730032
1.0449808633918256	0.003996400168252051
1.04494576735843	0.004358435204760175
1.0449365185862542	0.004448893175467961
1.0449270800142834	0.0045393299715022215
1.044907633691209	0.004720138322239363
1.0448664659316655	0.005081482046762175
1.0447750437029972	0.005802981647090561
1.0447617239217166	0.005900624138617955
1.0447481822595355	0.00599823365282075
1.0447204336629272	0.006193351576995058
1.044662278057787	0.006583167819924941
1.044535355871219	0.00736100064883911
1.0445184979014357	0.007458050505520827
1.0445014197057623	0.007555058733853436
1.044466603102504	0.007748948155084945
1.044394332391321	0.008136203824733661
1.0442392689299245	0.008908502561286133
1.0442189020990256	0.009004822063581233
1.044198317075809	0.009101091382881756
1.0441564930119667	0.009293477348870711
1.0440702328126257	0.009677623750843847
1.0438872973239846	0.010443296118387246
1.0434800508042634	0.011963219359434974
1.0434545920588143	0.012051414895690955
1.0434289475826646	0.012139552111600633
1.0433771020412745	0.012315649908438094
1.0432711888821238	0.012667127270319075
1.0430505093773021	0.013367115926235908
1.042574032493193	0.014754490401819106
1.042542710172084	0.014840614435023824
1.0425112074499117	0.014926666994135586
1.042447661536693	0.015098556080635758
1.042318413030616	0.015441458891674205
1.042051331695881	0.016123673658572136
1.041483183999195	0.017473032315420214
1.0414469120952985	0.017555032495167103
1.0414104728978892	0.017636951881173646
1.0413370934304917	0.017800546827054304
1.0411883359089786	0.018126751333039447
1.0408828728605124	0.018775138655096085
1.0402405367003669	0.020055193602954643
1.040199015660732	0.02013443214566688
1.0401573341990966	0.020213578634130584
1.0400734909232185	0.02037159408333215
1.0399038893987949	0.020686505352998045
1.039557078615389	0.02131177379553026
1.0388334536312678	0.022543498775280595
1.038782964648148	0.022626073183182337
1.0387322959592484	0.022708526779746566
1.0386304207533412	0.02287306990980093
1.038424528108762	0.023200688570158563
1.0380042473418298	0.023849965558768196
1.0371303042693212	0.025123972494054955
1.0370742292051092	0.02520248384746283
1.0370179852121413	0.025280861855927306
1.0369049918479747	0.025437216341511592
1.0366769935112845	0.025748308771879475
1.0362130303553485	0.02636394505425394
1.035253888825527	0.027568378679850035
1.0351966826005126	0.027637504515366364
1.0351393393820294	0.027706504266334066
1.035024243192691	0.027844124412505323
1.0347924204321204	0.02811783961509305
1.0343223228669136	0.028659109052541917
1.0333568825967825	0.029716530871220562
1.0332954474768576	0.029781489527606335
1.0332338854483378	0.029846313706543243
1.033110381959874	0.02997555764186263
1.0328618663440565	0.030232420940652177
1.032358873637785	0.030739594947156435
1.03132963292025	0.03172731021453345
1.0312588242625516	0.03179290897466564
1.0311878790050273	0.031858340985660955
1.0310455804078205	0.031988703647154886
1.030759362935184	0.03224741580679169
1.0301805437062173	0.032756726756998165
1.0289981492104394	0.03374242638477871
1.0289231846924203	0.03380255723300427
1.0288480975483347	0.03386251304189096
1.028697557157968	0.03398189859004069
1.0283950244221136	0.03421855881755698
1.027784251072552	0.034683384139874075
1.0265406770733005	0.03557865803161733
1.0264634461183313	0.0356320849508102
1.0263861108197194	0.0356853364188707
1.0262311289115869	0.03579131225442989
1.0259199319051386	0.03600115035892387
1.0252927017491773	0.036412331972161566
1.0240196725465667	0.03720040992148858
1.0239393169152409	0.037248135424738066
1.0238588708003842	0.037295680070988546
1.0236977088637687	0.03739022619487566
1.0233743183757156	0.03757714164977263
1.0227233687376138	0.037942233412217634
1.0214055784279732	0.03863722002185623
1.0213281270719219	0.03867628137895486
1.02125060913748	0.03871518170827795
1.0210953749563383	0.03879249891729974
1.0207841233061574	0.03894519702073958
1.0201585665484318	0.03924282855805742
1.0188958766525713	0.0398068890843985
1.0188164712237995	0.03984075625142008
1.0187370105964344	0.03987445987494344
1.0185779251663394	0.03994137623337865
1.018259107544418	0.04007324363549189
1.0176189647179545	0.04032910379330022
1.0163292834204287	0.04080922946587362
1.0162414526769121	0.04084024081786942
1.0161535703817637	0.04087105790941328
1.0159776529333056	0.04093210911583614
1.0156252191714312	0.04105187831665235
1.014918056579794	0.04128207434970729
1.014829454819018	0.04130997225791275
1.0147408086726928	0.04133767525169863
1.0145633850080962	0.04139249637060648
1.0142080246720409	0.04149979831621489
1.013495351632973	0.04170503539774193
1.01340609312759	0.0417298114813613
1.013316797349455	0.04175439227303251
1.0131380957447849	0.0418029679232559
1.0127802647164772	0.04189777514898222
1.0120629901589402	0.042078011438769825
1.01062277747768	0.04240097031490173
1.0105385407305467	0.042418270132453084
1.0104542836952832	0.042435399786448974
1.010285710169987	0.04246914866300198
1.0099483351535148	0.04253460514690236
1.009272751865937	0.04265735731577807
1.0091882326613233	0.042671936688509875
1.009103698777035	0.0426863462208694
1.0089345883621972	0.04271465587102794
1.0085962066812661	0.04276923829965719
1.0079188775475896	0.04287026256853486
1.0078341651020384	0.04288212807491433
1.007749443515013	0.04289382425071529
1.0075799742909086	0.0429167087629672
1.0072409412462437	0.04296044753609755
1.0071561652747305	0.042970959498927895
1.0070713829026277	0.04298130245416498
1.006901800321286	0.04300148151658528
1.0065625733450558	0.043039813510942694
1.006477755705974	0.043048974669895955
1.006392934387435	0.043057967188607195
1.0062232820665387	0.04307544650198176
1.005883948153346	0.04310838364725375
1.0057991105446988	0.0431161970942072
1.0057142719573013	0.04312384231185662
1.0055445931904052	0.043138628277482174
1.0052052386786763	0.04316618389498956
1.0051220715402993	0.04317252742205521
1.0050389060302407	0.04317870970857543
1.0048725811513954	0.043190590785446445
1.0047894224099796	0.04319628969004145
1.0047062665516238	0.043201827582576666
1.004539964735352	0.04321242056657326
1.0044568194022696	0.04321747577708412
1.0043736782019124	0.04322237021363134
1.0042074094455131	0.04323167700948894
1.0038749352148424	0.043248364037997956
1.003791831650671	0.04325213479836589
1.003708734703066	0.0432557452894329
1.0035425618932574	0.043262485727143765
1.0034594866480782	0.04326561580698174
1.0033764192535124	0.04326858588390419
1.003210309246612	0.04327404630175889
1.0031272672486362	0.043276536780509425
1.0030442343299895	0.04327886753197814
1.002961210797011	0.04328103862650784
1.0028781969557015	0.04328305013501228
1.0027951931117227	0.04328490212897466
1.0027121995703971	0.04328659468044625
1.0026292166367063	0.04328812786204497
1.00254624461529	0.043289501746953944
1.0024632838104457	0.043290716408920085
1.0023803345261275	0.04329177192225267
1.002297397065945	0.04329266836182191
1.002214471733163	0.04329340580305752
1.0021315588307	0.04329398432194731
1.0020486586611277	0.04329440399503573
1.0019657715266697	0.04329466489942244
1.0018828977292014	0.043294767112760965
1.0018000375702485	0.04329471071325715
1.0017171913509864	0.04329449577966778
1.001634359372239	0.04329412239129916
1.0015515419344787	0.043293590628005724
1.0014687393378245	0.04329290057018851
1.001385951882042	0.043292052298793814
1.0013031798665426	0.04329104589531174
1.0012204235903817	0.04328988144177474
1.0011376833522585	0.0432885590207562
1.001054959450516	0.04328707871536907
1.0009722521831388	0.04328544060926434
1.0008895618477531	0.043283644786629674
1.000806888741626	0.04328169133218794
1.000724233161664	0.04327958033119582
1.0005589757660571	0.04327488603324759
1.0004763745424183	0.04327230290946094
1.0003937920289547	0.043269562585460004
1.000228684312567	0.04326361068895745
1.0001461596987367	0.043260399293838486
1.0000636549732684	0.04325703105326777
0.9998987063615742	0.04324982439627673
0.9998092558871366	0.04324565267238527
0.9997198302353573	0.0432412967408542
0.999541054891713	0.043232032726307046
0.999451705944532	0.04322712488078495
0.9993623833093753	0.043222033302606995
0.9991838184588253	0.04321129943104489
0.999094576983981	0.04320565738079712
0.9990053633022572	0.043199832084162
0.9988270207935466	0.04318763224568151
0.9984706854934123	0.04316103908431898
0.998381676665513	0.04315393455451986
0.9982926985678585	0.043146647784176394
0.9981148360218399	0.04313152803777835
0.9977594957071448	0.04309910737141113
0.9970504351804769	0.0430255711001509
0.9969619615108216	0.04301556655449081
0.9968735243436954	0.04300538190937008
0.9966967609412508	0.04298447287897249
0.9963436878026654	0.04294049980105054
0.995639435244073	0.04284396565777525
0.9955515880520927	0.0428310966047315
0.9954637829960599	0.04281804975859517
0.9952883006809032	0.0427914232854097
0.9949378569305775	0.042736043437979425
0.9942391300200402	0.04261681042456575
0.9941578273340144	0.042602170694560626
0.9940765660949695	0.042587378304704826
0.9939141690573808	0.04255733606219835
0.9935898844171097	0.042495425367717936
0.9929434138984226	0.04236432863688017
0.9928628071232013	0.04234726208115721
0.9927822461433145	0.04233004498253869
0.9926212626415142	0.042295159700648226
0.9922998569493057	0.04222358862961029
0.9916593502809272	0.04207327545238584
0.9915795081597406	0.042053816748345636
0.9914997160712851	0.04203420972481101
0.991340283036632	0.04199455128910638
0.9910220288202308	0.04191346087394811
0.9903880257010488	0.041744218279114544
0.9891304980116761	0.041377750386265885
0.9890458281560502	0.0413515851673444
0.9889612266736348	0.04132525126443326
0.9887922300858862	0.04127207819300558
0.9884550711865435	0.041163716519051284
0.9877841601196109	0.04093897569366076
0.986456513672806	0.04045778748621503
0.9863741847147186	0.040426324139901604
0.9862919338897082	0.04039469862508328
0.9861276678176953	0.040330961933818736
0.9858000862026819	0.0402015518353076
0.9851487903077886	0.03993503256344643
0.983862181348269	0.03937158539795346
0.9837839521825367	0.03933570893155154
0.9837058071130554	0.03929968286370835
0.9835497703038272	0.0392271827692725
0.9832387172593453	0.039080396683100545
0.9826207510296097	0.03877972869907617
0.9814018308983149	0.03815039599066998
0.9813264191514341	0.03810983869393118
0.9812510995521531	0.03806913871618749
0.9811007377650068	0.03798731160305156
0.9808011305852675	0.03782195495971671
0.9802064353245771	0.03748448194869558
0.9790355418599511	0.03678290023290943
0.9789680685815577	0.0367409259410812
0.9789006819389309	0.03669883381367877
0.9787661692891035	0.03661429679767286
0.9784981916047228	0.03644381694972694
0.9779664669365336	0.03609727597186946
0.9769202567567415	0.03538220707987145
0.9768556441054534	0.03533655534847945
0.9767911237129903	0.03529079183068317
0.9766623603799013	0.03519893020305957
0.976405948225832	0.035013873958597605
0.9758976192631685	0.03463847267139067
0.9748992356672193	0.0338668621410626
0.9748324517112997	0.033813567357095065
0.9747657824251086	0.03376014839488743
0.9746327886576347	0.033652938937924017
0.9743681858816906	0.03343704091897271
0.9738445632217876	0.032999384808765055
0.9728199930196012	0.032101085333414436
0.9727569745308889	0.03204394194123445
0.9726940768126495	0.03198668247012026
0.9725686444141903	0.03187181631399085
0.9723192368258621	0.03164070231450669
0.97182629049177	0.031173005032055546
0.9708641862056775	0.030216194871030652
0.970809051252846	0.03015951394138047
0.9707540263453357	0.030102739056494018
0.9706443072030094	0.029988908266282262
0.9704261953445097	0.029760128525870785
0.9699953068901248	0.02929814385078286
0.9691551023313303	0.028356854384953105
0.9691035535190403	0.028297272104043248
0.9690521188583529	0.02823760266993842
0.9689495924796248	0.028118003197469
0.9687459148866504	0.02787776782663383
0.9683440871962875	0.027393199367132116
0.9675627515189505	0.026408056326681865
0.9675109216738965	0.026340584214987396
0.9674592302385102	0.026273017866237664
0.9673562631571564	0.02613760355585746
0.9671519960471783	0.025865656175699005
0.9667501607824825	0.025317347974987765
0.9659735254237325	0.024203571499987465
0.9659261917938571	0.02413322032664516
0.965879000817067	0.024062783735688147
0.9657850473206804	0.02392165540747967
0.9655988576155012	0.023638385914784656
0.9652333746267134	0.02306785761982648
0.9645302061654586	0.02191134074245103
0.9644882732015853	0.02183972252016532
0.9644464813593037	0.02176803051390318
0.9643633214540488	0.02162442620234188
0.9641986996386559	0.021336343755341238
0.963876270655103	0.02075674257330145
0.9632588469534458	0.01958426755451288
0.9632214792394006	0.019510418966582975
0.9631842557577173	0.01943650503377203
0.9631102418524338	0.019288482190330018
0.962963948778248	0.018991663991317933
0.9626783212650537	0.018394996758052905
0.962135052852553	0.017190012953243117
0.962104533460468	0.017119292738533312
0.9620741419319584	0.01704852300562104
0.9620137427170751	0.016906835845377857
0.9618944813989813	0.01662287676922641
0.9616621209041517	0.01605266778021218
0.9612221540567533	0.014903472087992654
0.9611957560373389	0.01483127400868623
0.9611694877482104	0.014759033297984793
0.9611173405745098	0.014614424843871298
0.961014605325017	0.01432470583555361
0.9608153828125385	0.013743307670705935
0.9604420186335585	0.012573056854150041
0.9604179318560878	0.012493414274291889
0.9603939994266965	0.012413729707456734
0.9603465978376798	0.012254235711792516
0.9602536492956237	0.011934755965387062
0.960075182885007	0.01129389100020312
0.9600535722369692	0.011213609599873298
0.9600321167941628	0.011133290608962579
0.9599896717250336	0.010972540954671291
0.9599066462367377	0.010650602651356103
0.959748064610935	0.010005031630261351
0.959728943067354	0.009924181760939968
0.9597099774878026	0.00984329869857744
0.9596725143971624	0.009681434094232323
0.9595994617031471	0.009357318663742351
0.9594608596541158	0.008707604491169727
0.9592137389757656	0.007402735533444404
0.95920055950512	0.0073263852691417075
0.9591875170608201	0.007250013722300797
0.9591618433558936	0.007097207676085125
0.959112141397405	0.00679135003912586
0.9590193247829152	0.0061787027125050995
0.9590083407237062	0.006102038780374521
0.9589974940767596	0.006025357146103448
0.9589762131063133	0.00587194166625709
0.9589353010501701	0.005564908127189406
0.9588600809699861	0.004950080858549005
0.9588512979587196	0.004873160545861883
0.9588426526739693	0.004796226111538535
0.9588257753528305	0.004642315773116851
0.9587936741701282	0.00433433548311713
0.9587859934390682	0.0042573084632825265
0.9587784505649283	0.00418026911208225
0.9587637784473383	0.004026154310721786
0.9587360891389053	0.00371778657812378
0.9587295116691348	0.0036406671733258994
0.9587230721689404	0.00356353722743772
0.9587106071283483	0.0034092466075287347
0.9586873332283461	0.0031005487211482564
0.9586818598591165	0.0030233512535959416
0.9586765245544129	0.002946145035229871
0.9586662681808111	0.0027917072411944672
0.9586474126569611	0.0024827364898758393
0.9586431285440914	0.0024069925662874516
0.9586389772006205	0.002331241948628014
0.9586310728533811	0.002179721474527115
0.9586273198647302	0.0021039520398011594
0.9586236996757124	0.002028176754435148
0.9586168577240112	0.0018766094752135625
0.95861363597441	0.0018008179030732188
0.9586105470506046	0.001725021323723287
0.95860476770375	0.0015734139868246845
0.9586020772917481	0.001497603650990961
0.9585995197276372	0.0014217891513775313
0.9585948031623887	0.001270148504241072
0.9585926441702645	0.0011943227784327291
0.9585906180440601	0.0011184937322740777
0.9585887247876466	0.00104266157662237
0.9585869644046422	0.0009668265223348506
0.9585853368984105	0.0008909887802687382
0.9585838422720615	0.000815148561281227
0.9585824805284505	0.0007393060762294892
0.9585812516701798	0.0006634615359706588
0.958580155699597	0.0005876151513618853
0.9585791926187958	0.0005117671332603017
0.9585783624296164	0.00043591769252298955
0.9585776651336447	0.00036006704000703544
0.9585771007322135	0.00028421538656951407
0.9585766692263998	0.00020836294306748982
0.958576370617029	0.0001325099203580203
0.958576204904671	0.00005665652929813959
0.9585761720896431	-0.000019197019255086667
0.9585762721720069	-0.00009505051444459422
0.958576505151572	-0.00017090374541335363
0.9585768710278931	-0.00024675650130431527
0.9585773698002715	-0.0003226085712604248
0.9585780014677536	-0.00039845974442462127
0.9585787660291335	-0.0004743098099398354
0.95857966348295	-0.0005501585569490043
0.9585806938274885	-0.0006260057745950177
0.9585818570607807	-0.0007018512520207509
0.9585831531806045	-0.0007776947783690979
0.9585845821844827	-0.0008535361427829169
0.9585861440696858	-0.0009293751344050464
0.958587838833229	-0.0010052115423783029
0.9585916269821286	-0.0011568757639493646
0.9585937203602465	-0.0012327031558326805
0.9585959466022274	-0.0013085271206381257
0.9586007976605054	-0.0014601639255861698
0.9586034224675315	-0.0015359763440140491
0.9586061801198774	-0.0016117844919346334
0.9586120939391922	-0.0017633871328241412
0.958615250094856	-0.0018391812040780809
0.9586185390732307	-0.0019149701613947422
0.9586255154727055	-0.002066531890785932
0.9586410618504655	-0.0023695847045853823
0.9586456444606581	-0.002451758960662409
0.9586503833220165	-0.0025339251917953403
0.958660329755201	-0.0026982325023636286
0.9586820971424774	-0.0030267389786514825
0.9586879294435001	-0.0031088414971173536
0.9586939179004534	-0.003190933836907758
0.958706363227826	-0.0033550869035960623
0.9587331271363452	-0.003683259047338892
0.9587402082871997	-0.003765272598337668
0.9587474454761364	-0.003847273816928603
0.9587623879026075	-0.004011238180021158
0.9587941444705578	-0.004339007071790808
0.9588651403334743	-0.004993845213274531
0.9588747159362359	-0.005075629139813486
0.9588844472733289	-0.00515739642649215
0.9589043770621309	-0.005320880003411173
0.9589461044595834	-0.005647635633510118
0.9590370251251549	-0.006300240495149635
0.9590490896367403	-0.006381725878376082
0.9590613094877258	-0.006463190314354309
0.9590862150966366	-0.006626055267736199
0.9591378891432929	-0.0069515219624299365
0.9592486818583889	-0.007601342202021852
0.9592622516881898	-0.007677041918411608
0.9592759563741149	-0.007752719657476302
0.9593037702053137	-0.00790400832856126
0.95936101492653	-0.008206312317123645
0.9594819661444309	-0.008809777877295871
0.9594976902556018	-0.008885099704971752
0.9595135487548468	-0.008960396055175015
0.9595456687908793	-0.009110911448172901
0.9596115201108009	-0.009411626879688214
0.9597496602900403	-0.010011747327500169
0.9597675306626628	-0.010086635266799602
0.9597855348843666	-0.010161494228870136
0.9598219447304986	-0.010311124346457232
0.9598963690063187	-0.010610027231480622
0.9600516274372825	-0.011206354611644468
0.9603877123808996	-0.012392703938842566
0.9604117078328634	-0.012472744387749255
0.9604358589867348	-0.01255274255732712
0.9604846281697694	-0.012712610945259667
0.9605840324017512	-0.01303182812394634
0.9607902909128512	-0.013668121760280151
0.9612324954077703	-0.014931647598018445
0.9612614428155147	-0.015010197103752147
0.9612905438862611	-0.015088695428176787
0.9613492067347771	-0.015245537421006228
0.9614683732630736	-0.015558594998608654
0.9617140533246652	-0.0161821422603919
0.9622346653432495	-0.0174184673087021
0.9622678740989147	-0.017493840146122087
0.9623012285908452	-0.017569155090472983
0.96236837446629	-0.017719610249524682
0.9625044115409359	-0.018019814296944523
0.9627834487120862	-0.01861733850833003
0.9633692235975786	-0.019800381269035338
0.9634070546576315	-0.01987377136940638
0.9634450287217087	-0.01994709518323029
0.9635214054933592	-0.020093542903638534
0.963675871007686	-0.02038563138384474
0.9639916287514295	-0.02096652187253654
0.9646502761799755	-0.02211468834086901
0.964689781403453	-0.022181043725819957
0.964729408301242	-0.02224733418072616
0.9648090267775308	-0.022379719453721466
0.9649697200393362	-0.022643701527327535
0.9652969122192306	-0.023168464409833434
0.9659743581799551	-0.0242048065525544
0.9660177129753591	-0.024268979340598185
0.9660611865483185	-0.024333080441014395
0.9661484896427105	-0.02446106673667748
0.9663245169172953	-0.024716169813567345
0.9666822338628456	-0.02522285079421634
0.9674201372185267	-0.026221735726046535
0.9674712271814587	-0.02628872371243852
0.9675224530119713	-0.026355619471220754
0.9676253117299219	-0.026489133239245212
0.9678326535459032	-0.026755042314248297
0.9682538035119543	-0.027282326980071447
0.9691217127558971	-0.028318286320210554
0.9691770804575744	-0.02838219112476682
0.9692325794230983	-0.028445995206659067
0.9693439705372194	-0.028573300146372466
0.9695683212104673	-0.0288266897423084
0.9700232616170794	-0.029328528784861044
0.9709578141144731	-0.03031197553269096
0.9710133435223964	-0.03036850262947678
0.971068982866146	-0.030424934653617213
0.9711805908133747	-0.03053751263604212
0.9714051198904264	-0.030761518407210184
0.9718593995919512	-0.03120488181217402
0.9727885903679553	-0.032072638496610045
0.9728475678813764	-0.03212601859423952
0.9729066507543181	-0.032179296883929544
0.9730251319797477	-0.032285547204660335
0.973263352132849	-0.032496816974102435
0.9737447891769512	-0.03291438642340334
0.9747273721180176	-0.0337292737796417
0.9747884175098741	-0.033778309049186626
0.9748495593571613	-0.033827240123744
0.9749721318038949	-0.0339247889165127
0.9752184273853305	-0.034118627684158125
0.9757155864077901	-0.03450122691745574
0.9767278914938758	-0.0352457697500794
0.9767919454195501	-0.0352913757716378
0.9768560906966873	-0.03533687149306498
0.9769846546409137	-0.03542753128198968
0.9772428714157785	-0.03560751897794287
0.9777636227884693	-0.035962124843699275
0.9788220896505274	-0.03664952464600845
0.9788946790939724	-0.03669507587531481
0.9789673695914514	-0.03674049020853057
0.9791130528334105	-0.03683090725116909
0.9794056218679822	-0.0370100883066822
0.9799955181652513	-0.03736178623647572
0.9811939202352866	-0.038038112423273776
0.9812696271911653	-0.03807916823032631
0.9813454276028927	-0.03812007978587534
0.9814973078057958	-0.03820146924173736
0.9818021787804595	-0.038362507244068964
0.9824163069293137	-0.038677569557114405
0.9836616516459998	-0.03927924316900275
0.9837349580982075	-0.03931314393746651
0.9838083387940385	-0.039346913004266466
0.9839553220540131	-0.03941405533441683
0.9842501699845877	-0.039546751906436355
0.9848433426159141	-0.03980575392547646
0.9860431980322433	-0.04029788697053481
0.9861187711844558	-0.040327487985000805
0.9861944114638939	-0.04035695184371435
0.9863458924851993	-0.04041546743131808
0.9866496499179496	-0.040530845466144154
0.9872602942946285	-0.0407549522620316
0.9884936787346243	-0.041176279269209484
0.9885778098018166	-0.041203516626374025
0.9886620108348331	-0.041230586735851074
0.9888306215546132	-0.04128422442009584
0.9891686688688902	-0.04138948413471817
0.9898479965613908	-0.04159189723103608
0.9899332094464957	-0.041616435129132746
0.9900184872517418	-0.04164080266872353
0.9901892363399152	-0.04168902591188333
0.9905314994137573	-0.04178341975887663
0.9912190125358531	-0.04196395496348067
0.9913052253392153	-0.04198574458073698
0.9913914978613803	-0.04200736085697883
0.9915642207406065	-0.04205007265913089
0.9919103685543201	-0.042133408201223355
0.9926053976228827	-0.04229168700708443
0.9926925259628067	-0.042310681637341835
0.992779708665744	-0.04232950008077832
0.9929542358007452	-0.04236660771524322
0.9933039274344685	-0.04243870116294206
0.9940057832351957	-0.04257436276664665
0.9940879136671645	-0.04258945358260257
0.9941700867170827	-0.042604388430280936
0.9943345595328863	-0.04263378968775029
0.9946640040381742	-0.042690714745544533
0.9953248242479354	-0.04279702577876804
0.995407602194466	-0.0428096053567001
0.9954904181557995	-0.042822026888240154
0.9956561629566014	-0.04284639530923012
0.9959880958822152	-0.042893230089628184
0.9966536691537338	-0.04297926387020791
0.9967370201167353	-0.042989299877684295
0.996820404378722	-0.04299917588410518
0.996987271605496	-0.043018447422604536
0.9973213924870655	-0.04305506533258895
0.9974050014617909	-0.04306381805843654
0.9974886413360203	-0.04307240985419661
0.9976560125751199	-0.043089110200752956
0.9979911125369457	-0.04312057476039704
0.9980749602317637	-0.043128036888302856
0.9981588363992988	-0.04313533719036807
0.9983266729310918	-0.04314945187915605
0.9986626742080451	-0.04317573456062809
0.998746741114031	-0.04318189904335695
0.9988308340389754	-0.04318790083858497
0.9989990967109312	-0.043199415946006715
0.999335920676239	-0.043220489315716
0.9994185349866057	-0.04322525568171971
0.999501171927636	-0.04322986488321257
0.9996665125257008	-0.04323861141298836
0.9997492155937976	-0.04324274855272703
0.999831940114684	-0.04324672815086921
0.9999974523328118	-0.04325421435100248
1.000080239438109	-0.043257720768621694
1.000163046812309	-0.04326106927590358
1.0003287211794218	-0.04326729219650237
1.0004115875774073	-0.043270166429666294
1.0004944730544423	-0.0432728823921898
1.000660300051733	-0.043277839150864444
1.0007432409741022	-0.04328007977112801
1.0008261997797498	-0.04328216176897897
1.0009091761688145	-0.043284085057818125
1.0009921698410686	-0.043285849551586764
1.0010751804959193	-0.043287455164768035
1.001158207832409	-0.043288901812388474
1.0012412515492175	-0.043290189410019456
1.0013243113446606	-0.043291317873778594
1.0014073869166935	-0.04329228712033127
1.0014904779629092	-0.04329309706689203
1.0015735841805404	-0.043293747631226044
1.0016567052664616	-0.04329423873165063
1.001739840917187	-0.04329457028703659
1.0018229908288738	-0.04329474221680979
1.0019061546973227	-0.043294754440952536
1.0019893322179778	-0.04329460688000503
1.002072523085928	-0.043294299455066874
1.0021557269959078	-0.04329383208779847
1.0022389436422987	-0.0432932047004225
1.002322172719129	-0.0432924172157254
1.0024054139200755	-0.043291469557058766
1.0024886669384645	-0.04329036164834083
1.0025719314672723	-0.043289093414057934
1.0026552071991255	-0.043287664779265926
1.0027384938263033	-0.043286075669591695
1.0028217910407375	-0.04328432601123454
1.002905098534014	-0.04328241573096768
1.0029884159973728	-0.04328034475613967
1.0030717431217095	-0.04327811301467585
1.0031550795975765	-0.04327572043507985
1.0033217793643991	-0.0432704524784056
1.00340514203475	-0.04326757696123884
1.003488512815425	-0.043264540325765766
1.0036552774628036	-0.04325798342615387
1.0037386707061937	-0.04325446302661045
1.0038220708132812	-0.04325078123795441
1.0039888903682312	-0.043242933228989144
1.0040723091901014	-0.043238766878005506
1.0041557336236864	-0.04323443887656328
1.00432259807037	-0.043225297667511646
1.0046563804739719	-0.04320507267479531
1.0047469040841468	-0.0431991413507176
1.0048374313006845	-0.04319301924616658
1.0050184949368275	-0.04318020239559663
1.005380647684425	-0.04315227607567549
1.0054711888116796	-0.04314481644901859
1.0055617303017843	-0.04313716546387623
1.0057428127404884	-0.04312128914537688
1.0061049640174173	-0.0430872372545986
1.0061954966160584	-0.043078244893133444
1.006286026306314	-0.04306906065019557
1.0064670753180098	-0.043050116274980635
1.0068291203372246	-0.04300992230208619
1.0075529057830168	-0.04292030089136002
1.0076433423195403	-0.04290823154839183
1.0077337693255852	-0.04289596944740794
1.00791459307674	-0.04287086678377082
1.0082761078271836	-0.04281834634768323
1.0089985123362388	-0.04270403571703661
1.0090887460978735	-0.04268887710457987
1.0091789636070831	-0.04267352509063459
1.0093593481748515	-0.04264224073008383
1.0097199036343176	-0.04257734983403763
1.0104400645692702	-0.04243827338900782
1.0105239908175672	-0.042421240612475215
1.0106078969987662	-0.04240403902205354
1.0107756477656475	-0.04236912934495339
1.0111108931441781	-0.042297283665192954
1.0117802808952976	-0.04214548490677931
1.0118638441166798	-0.04212574986576699
1.0119473816666138	-0.042105845879276384
1.0121143783430697	-0.04206553106339857
1.0124480481267384	-0.04198287405763753
1.0131140142349873	-0.04180945117650302
1.0131971243286075	-0.0417870132208902
1.01328020309015	-0.04176440638322335
1.0134462651948182	-0.041718686104764015
1.013777997764639	-0.04162521948058054
1.0144398164658484	-0.04143018538820526
1.0157562267679479	-0.04100775194193838
1.01584500980494	-0.0409775826573799
1.015933742552979	-0.04094721591400375
1.0161110553460089	-0.04088589023707659
1.016465057256719	-0.04076087149012992
1.0171704633321348	-0.040501376324127085
1.0185700581682755	-0.039944665992095625
1.0186570035173805	-0.039908206672526786
1.0187438838160778	-0.03987155194640792
1.018917447409437	-0.03979765660933997
1.0192637736061476	-0.039647524806068805
1.0199531181948838	-0.03933791696490889
1.021317744818037	-0.03868150271765105
1.0214008367445704	-0.03863961701036448
1.0214838516707707	-0.03859754609804947
1.0216496487658675	-0.03851284912108729
1.0219802996345742	-0.03834123786090751
1.0226377297845752	-0.03798917349969989
1.0239363181885057	-0.03724991191548487
1.0240167285864386	-0.037202162566857905
1.0240970479646962	-0.03715423227522596
1.0242574119164563	-0.0370578294731706
1.0245770283887872	-0.03686285933070295
1.0252117180398486	-0.03646429656707445
1.026462145968185	-0.0356329822518557
1.0265342406343214	-0.03558312010576659
1.0266062440433272	-0.03553310524053125
1.0267499756929683	-0.03543261796933377
1.0270363285507684	-0.03522981763100182
1.0276045145262733	-0.03481694945655549
1.028722186659456	-0.03396244061591405
1.0287911888908783	-0.03390777224973969
1.028860088795657	-0.033852956534167374
1.0289975802580826	-0.03374288378594198
1.0292713202395887	-0.033520978188991024
1.0298137522318425	-0.03307016868579399
1.0308778188382193	-0.03214090517016015
1.0309489001065497	-0.03207661205069399
1.0310198483501736	-0.03201215310033603
1.031161344072594	-0.031882738784925695
1.031442720651498	-0.031621932109680055
1.031998920328677	-0.03109246852182559
1.0330843609461708	-0.0300026522647432
1.0331509783511867	-0.029933192118066436
1.0332174494711694	-0.029863575357791633
1.0333499512378703	-0.02972387322946452
1.033613181586784	-0.029442603239707234
1.0341324597620827	-0.028872670912003188
1.0351415768388903	-0.027703817434102145
1.0351992209065701	-0.027634443499155354
1.0352567264982924	-0.027564942140235103
1.0353713210095867	-0.027425558275758658
1.0355988346663205	-0.027145273886155584
1.036047091596304	-0.026578702601780527
1.036915980768413	-0.025422074690256095
1.0369690422268425	-0.02534876690748176
1.037021955552725	-0.02527534112347184
1.0371273366426734	-0.025128136786347538
1.037336308463857	-0.024832325724349652
1.0377470263539492	-0.02423516425129677
1.0385390540027752	-0.02301925647050553
1.0385862885484374	-0.022943843043851223
1.038633372111121	-0.02286832607798504
1.038727085276855	-0.02271698278882302
1.0389126887343092	-0.02241306764229366
1.039276548466813	-0.021800394564915396
1.0399744434690326	-0.020556258574856538
1.0400167247096956	-0.020477691564355624
1.0400588472357764	-0.020399031437510148
1.040142615228009	-0.02024143318317015
1.0403082366030578	-0.019925134147322908
1.0406317706174648	-0.019288202316015985
1.0412476120555556	-0.01799762296469194
1.0412878479243188	-0.017909330081330565
1.0413278887791835	-0.0178209406889982
1.041407384410244	-0.01764387420207937
1.0415640241646056	-0.017288603237366647
1.0418678410916449	-0.016573612563226894
1.0424371883652195	-0.015126672470474474
1.0424710609733256	-0.015035521380336973
1.0425047308577549	-0.014944288759470811
1.0425714615743682	-0.014761580847546587
1.0427024807009628	-0.014395207835894937
1.042954702016067	-0.013658741579822732
1.0434195125278236	-0.012171805152706194
1.0434449769831855	-0.012084542545034662
1.0434702593411558	-0.011997222586189831
1.0435202771838272	-0.01182241224275582
1.0436181213654092	-0.011472121271491583
1.0438050124867817	-0.01076894989430989
1.0438275464922389	-0.010680818725872503
1.0438498961946174	-0.010592636766068773
1.043894042174805	-0.010416122126447908
1.0439801168878429	-0.01006250156720532
1.0441433698100042	-0.00935298844270382
1.0441629400595247	-0.009264094434056807
1.044182324065954	-0.009175156293460236
1.044220532901387	-0.008997149293690374
1.0442947107849216	-0.008640624179420254
1.0444340836763915	-0.007925623840197847
1.0444506611559405	-0.007836074211173943
1.044467050723429	-0.00774648719656531
1.044499265742498	-0.007567202707838225
1.0445614367193539	-0.007208203788874583
1.044676722555954	-0.0064885815857738
1.0446918474023619	-0.006388004411262966
1.0447067363382756	-0.006287389210512121
1.0447358060482954	-0.006086047114723145
1.0447911099039968	-0.005682932856965301
1.044804344537476	-0.0055820681808912715
1.0448173424440372	-0.005481170256529237
1.0448426277005816	-0.0052792770582655
1.0448903534523644	-0.004875118048224065
1.044901691723558	-0.004774004168198411
1.0449127925606871	-0.004672861838427667
1.0449342816117582	-0.004470494234397237
1.044974407070491	-0.004065444096393892
1.0449838437064911	-0.003964119464450777
1.044993042311177	-0.003862771198947864
1.0450107251607246	-0.003660006179949934
1.0450432316560785	-0.003254219090982234
1.0450507622650473	-0.003152722289911934
1.0450580543558727	-0.0030512066861392083
1.0450719227725571	-0.002848121489623908
1.0450784989974806	-0.002746553106885908
1.0450848365023908	-0.0026449683414429114
1.0450967951693815	-0.0024417520842427856
1.045102416244405	-0.0023401218037633034
1.045107798425304	-0.002238477563122375
1.045117845949722	-0.002035149625444903
1.0451225112200824	-0.0019334671407711785
1.045126937450003	-0.0018317731206499255
1.0451350726613362	-0.0016283529000649319
1.045138781583505	-0.0015266279128609474
1.0451422513467468	-0.0014248938167172054
1.0451454819257908	-0.0013231512184967128
1.0451484732971081	-0.001221400725145177
1.045151225438911	-0.001119642943685066
1.0451537383311542	-0.001017878481209667
1.0451560119555339	-0.0009161079448773123
1.0451580462954888	-0.0008143319419053942
1.0451598413362013	-0.0007125510795643778
1.0451613970645952	-0.0006107659651719816
1.0451627134693382	-0.0005089772060873571
1.045163790540841	-0.0004071854097050978
1.045164628271258	-0.00030539118344925163
1.0451652266544862	-0.00020359513476749617
1.0451655856861666	-0.00010179787112531602
1.045165705363684	-1.1562048729742484e-17