0.3659313069412933	0.
0.3659306275035316	0.0007051628426106155
0.36592858919276966	0.0014103230666190271
0.3659251920165766	0.0021154780534327552
0.36592043598756774	0.002820625184478768
0.36591432112340455	0.003525761841213207
0.36590684744679436	0.004230885405131108
0.36589801498549046	0.0049359932577761265
0.36588782377229184	0.005641082780750264
0.3658762738450435	0.006346151355723587
0.36586336524663554	0.007051196364443951
0.3658490980250038	0.007756215188746726
0.3658334722331292	0.008461205210564515
0.36581648792903765	0.00916616381193688
0.36579814517579984	0.00987108837502006
0.3657573845993911	0.011280824915585554
0.3657349669275834	0.01198563165805123
0.36571119110935535	0.012690393892213889
0.3656595653918449	0.01409977436734694
0.36563171568427305	0.014804387374622934
0.3656025082137015	0.01550894540622655
0.3655400204224452	0.016917886077205513
0.3655067403338072	0.017622263484519663
0.3654721029462618	0.018326575452058468
0.3653987567939888	0.01973499260629278
0.36523578289969216	0.022550926575463325
0.3651916483034881	0.023254707247016802
0.365146157578462	0.023958401562874872
0.36505110842269334	0.0253655206752397
0.3648447443354762	0.02817860767575316
0.36478976572062616	0.02888162435275558
0.3647334324693337	0.02958453377866562
0.36461670289921877	0.030990020436679675
0.3643669976630646	0.0337995919171706
0.36430118809565154	0.034501677522400666
0.3642340257061151	0.03520363500663039
0.36409564346331774	0.036607155185777486
0.36380265642256127	0.039412543430370296
0.363151854733923	0.0450161282550454
0.3630570178109317	0.04577470063250893
0.362960596340301	0.046533073228146815
0.36276300144634555	0.048049205835286185
0.3623488160662989	0.05107892809284952
0.36144456648761114	0.057127460615240426
0.3613244311699317	0.05788243981976144
0.3612027188664169	0.05863716639871984
0.3609545654335957	0.06014584850517156
0.3604393585719531	0.06316003635212726
0.35933347309300034	0.06917497029045266
0.3591881735955698	0.06992551286077067
0.35904130643591364	0.0706757502440219
0.35874287170074654	0.07217529635314769
0.35812721894558547	0.07517058234484891
0.3568209330594176	0.08114519782691769
0.35390975339157393	0.09302477011032234
0.3537276180268912	0.093714959557078
0.35354413666656087	0.09440479240197042
0.3531731387567917	0.09578337778779236
0.3524150220521772	0.09853615393207954
0.35083446836395576	0.10402354160257916
0.34741745437327776	0.1149209893646694
0.34719261873509627	0.11559847272187057
0.3469664619680861	0.11627551620660145
0.34651018849486825	0.11762827325525897
0.34558182620381295	0.12032839564043314
0.3436620397488607	0.12570649877955978
0.33957188243785974	0.13636956426333316
0.3393104655453203	0.13701871905393445
0.33904780767401854	0.13766737271846494
0.3385187728421955	0.1389631671817286
0.3374458540049146	0.14154863833557998
0.3352408408987383	0.14669458065405774
0.3305959435098008	0.15688226010173228
0.3302953141351113	0.15751421161327359
0.32999347675326685	0.15814558703945591
0.3293861823882328	0.15940660040120302
0.32815714644058264	0.16192161263937865
0.32564153887073893	0.16692306479830765
0.3203822653450472	0.1768075944413552
0.32001478647866055	0.1774718508236737
0.3196459303952142	0.17813534343734505
0.31890409293270555	0.17946002594040625
0.3174039616453093	0.1821001003064689
0.31433823713023434	0.1873424513494461
0.3079479270014422	0.19767092769367337
0.3075371936571913	0.19830934399876926
0.3071251367945048	0.19894690685888958
0.3062970596128324	0.20021946127261459
0.30462510143545346	0.2027542082798842
0.30121837466482465	0.20778164539738422
0.29415699354321134	0.21766346627163255
0.2937350307126793	0.21823256661640655
0.2933119668553515	0.21880084894535531
0.2924625424076244	0.21993495103832741
0.29075055124154536	0.22219324551502567
0.28727436056076106	0.22666972264545798
0.2801160862182842	0.23545848814921447
0.2796596973097699	0.23600037097507043
0.27920226013397986	0.2365413691848435
0.27828424784306544	0.23762070364802454
0.276435719760671	0.2397686681786483
0.2726890389201568	0.24402132991311276
0.2650003449599131	0.252350031842459
0.26447029071348416	0.25290548971836924
0.26393907219384205	0.25345983423259955
0.26287315169433145	0.25456517341940543
0.2607274426561697	0.25676238440577065
0.2563810830975694	0.26110239682829456
0.24747291073366062	0.26956053096247723
0.24690678467310606	0.2700791755803313
0.24633957165887224	0.2705966312330705
0.24520189476227078	0.2716279665365024
0.24291360771359372	0.2736762696825015
0.238285866302047	0.27771490294985246
0.22883030249171235	0.2855563237985011
0.228241600634147	0.28602708462613385
0.22765193030714517	0.2864966317903122
0.22646969425723235	0.28743207716397745
0.2240937108895072	0.28928831663157945
0.21929626501367397	0.2929417511226685
0.20952403773775016	0.30000899821477495
0.2089056058316494	0.30043995947921864
0.2082862875021543	0.3008696459238335
0.20704500208823967	0.3017251870660516
0.20455191005690151	0.30342089165355157
0.19952423482027215	0.3067503889470198
0.18930771760005785	0.3131586011222105
0.18870564848859397	0.31352176898624157
0.188102882678428	0.31388377933214157
0.1868952698661665	0.314604322127678
0.1844717819462856	0.31603145898047086
0.17959225882863272	0.3188296441182852
0.1697070720129701	0.32419936938332805
0.16908382476273948	0.32452485513958124
0.1684599532573146	0.3248491427544582
0.16721034669647875	0.3254941187754494
0.1647037440121534	0.3267696407381537
0.15966149938995758	0.3292627021275164
0.14946503477300147	0.334014857124752
0.14876877536028754	0.3343255492443904
0.14807187011784853	0.3346347900018257
0.1466761342481069	0.3352489120665335
0.14387704585488378	0.3364596812039069
0.13824908383676018	0.3388110272970162
0.12687950559786013	0.3432306985964478
0.12616409358844605	0.3434943127458864
0.12544813387994874	0.34375643573001136
0.124014583800464	0.34427620365712275
0.12114104816648798	0.34529779589346876
0.11536893433631777	0.3472689597269894
0.10373016100861454	0.35092132322913905
0.10304738693353428	0.35112242515386777
0.10236422298626513	0.3513221986327952
0.10099673581542659	0.3517177572349624
0.09825719683192509	0.35249290017033724
0.09276044120089805	0.3539791264297624
0.09207174013756507	0.35415888534357526
0.09138269072759324	0.3543373043233637
0.09000355729691195	0.35469011978579906
0.08724122506954829	0.3553796421408061
0.08170088483035183	0.35669410819033803
0.0810069237714576	0.3568523500004564
0.08031265622884123	0.3570092416860255
0.07892321220043226	0.35731897231427345
0.07614076199065942	0.3579222063008172
0.07056220284787133	0.3590636391073578
0.06986365388030398	0.3592002105598716
0.06916484058875436	0.3593354230048788
0.06776643161033283	0.35960176883125183
0.06496655816345231	0.3601181302297314
0.05935518283586568	0.36108542433928836
0.05866654367107052	0.361197948573152
0.057977691192795076	0.36130915947940745
0.05659935631533081	0.3615276396964044
0.05384023705585543	0.3619488227270981
0.05314996155683148	0.3620508292854338
0.05245949280280097	0.362151519415059
0.05107798557268241	0.3623489489285154
0.048312762563275616	0.36272799502280983
0.047621011358277586	0.36281946016852207
0.046929087001717676	0.36290960609075673
0.04554472889797146	0.36308593895849683
0.04277404561061959	0.36342275991173645
0.037225375066519656	0.3640329557209346
0.03653115567047697	0.36410327664708314
0.03583680344595194	0.36417227368175514
0.03444771061067893	0.3643062950779823
0.03166804211582557	0.3645584404568262
0.03097283080906419	0.36461816349632953
0.03027750688407237	0.3646765607722108
0.02888653129268034	0.36478937718859084
0.026103339959143514	0.3649990918382406
0.025407298518489066	0.36504820309344815
0.024711164696062445	0.3650959870213956
0.02331863003088119	0.3651875722053612
0.02262223425142835	0.36523137312837256
0.021925756216788512	0.36527384605811153
0.020532563511905876	0.3653548073248696
0.019835853907357526	0.36539329536751075
0.01913907217899258	0.365430454828125
0.0177453024851512	0.3655007874676517
0.017048319587467168	0.3655339603908323
0.01635127470153299	0.3655658042205233
0.014957009103042802	0.36562550414112865
0.014200523805227462	0.3656556666092024
0.013443977722458127	0.36568426389819
0.012687374093109629	0.3657112958856815
0.011930716155803035	0.3657367624559673
0.011174007149392052	0.36576066350003844
0.010417250312948973	0.365782998915587
0.00890360610726498	0.36582297248539447
0.00814672521713671	0.36584061046854743
0.0073898094551738324	0.36585668248096714
0.0066328620613335726	0.36587118845385774
0.00587588627570848	0.3658841283251269
0.005118885338512793	0.36589550203938576
0.0043618624900684175	0.3659053095479495
0.003604820970790879	0.36591355080883725
0.0028477640211757083	0.36592022578677263
0.0020906948817844854	0.3659253344531836
0.001333616793230968	0.36592887678620256
0.0005765329961672198	0.36593085277066667
-0.00018055326873034057	0.3659312623981178
-0.0009376387607745695	0.36593010566680256
-0.001694720239281631	0.3659273825816723
-0.0024517944635850317	0.3659230931543831
-0.0032088581930492482	0.36591723740329574
-0.003965908187083679	0.3659098153534756
-0.004722941205156519	0.3659008270366926
-0.005479954006808627	0.3658902724914209
-0.006236943351667476	0.36587815176283905
-0.006993905999460791	0.3658644649028294
-0.007750838710030563	0.3658492119699782
-0.008507738243347098	0.3658323930295753
-0.009264601359522631	0.36581400815361365
-0.010021424818825283	0.3657940574207892
-0.010778205381692921	0.3657725409165005
-0.011534939808747034	0.3657494587328484
-0.012291624860806668	0.36572481096863557
-0.013048257298902067	0.36569859772936597
-0.013804833884288674	0.3656708191272448
-0.015317806543167126	0.36561056631676975
-0.01607419614042086	0.3655780923663264
-0.016830516932517386	0.36554405356885133
-0.018342939151905355	0.3654712820223122
-0.021366815504170824	0.3653069676244538
-0.02212256403091245	0.3652619793524384
-0.022878217862623444	0.3652154275865045
-0.024389228503150482	0.36511763437662675
-0.027409971152252226	0.3649032952457345
-0.028164871575636036	0.36484580497641866
-0.028919651440056926	0.3647867529946073
-0.030428836569281484	0.3646639649112631
-0.033445618000610265	0.3643996597642762
-0.03414902427742756	0.36433441443358416
-0.03485230328829842	0.36426781130819597
-0.03625846902881692	0.36413053267125145
-0.03906915802892444	0.3638396931213992
-0.03977147281888317	0.36376359266641817
-0.04047363938925925	0.36368613654406895
-0.04187751740454044	0.3635271584569651
-0.04468337969818416	0.36319294731383606
-0.04538443549264805	0.3631060098852354
-0.046085322149244747	0.3630177192399337
-0.0474865776012714	0.3628370796204288
-0.050286943964090586	0.3624595765965019
-0.0558785143242349	0.3616397558851616
-0.056576550842809735	0.3615312092952612
-0.057274376512950774	0.36142131535759725
-0.0586693849061522	0.36119748708220095
-0.06145675713686684	0.3607336807147112
-0.06702034193898074	0.3597415671925404
-0.07809823345648771	0.357500192070912
-0.07884615952264615	0.3573359826945678
-0.0795937403303245	0.35717020858407533
-0.08108785307747754	0.35683396907111914
-0.08407179153589242	0.35614274563397813
-0.09002178913703907	0.3546854929093231
-0.09076379911953474	0.3544963387246076
-0.09150541165754458	0.35430563224022604
-0.09298743141210931	0.35391956571958727
-0.09594655881848799	0.35312884228090663
-0.10184444020873148	0.35147322998819286
-0.10257970239528924	0.35125934301632017
-0.10331451539684738	0.3510439179192222
-0.10478278097629136	0.3506084571293704
-0.10771378047150042	0.34971912000389743
-0.1135529347689589	0.34786700390396263
-0.12513414887211596	0.3438708568428184
-0.12584030334232774	0.34361306647808654
-0.12654592674027396	0.3433538259947138
-0.12795556841011357	0.3428309990543558
-0.13076834800770212	0.3417679922975519
-0.13636722826890596	0.33957282054666726
-0.14745299336921444	0.33490795175125565
-0.14814068812812184	0.3346043303973957
-0.14882775770249967	0.3342992969436356
-0.1502000097020109	0.3336849988915876
-0.15293688408358633	0.3324395146287015
-0.15837946848278595	0.3298812898041858
-0.16913484999657674	0.3244982648896578
-0.16975623628385467	0.32417362885111906
-0.17037699947005994	0.32384780291263704
-0.1716166474273441	0.32319258612406576
-0.17408836602706898	0.3218679266621454
-0.17900098669006703	0.31916197794183665
-0.18869893566617785	0.31352580926969104
-0.18929926424230906	0.31316371111143043
-0.1898988979834389	0.3128004634658306
-0.1910960721592786	0.31207052505012195
-0.19348198581908746	0.3105969133189598
-0.19821958481926252	0.3075950545666204
-0.20755398863299362	0.3013752863164101
-0.20817978700445214	0.3009433463005021
-0.20880468646977823	0.3005101068317347
-0.21005177789283286	0.2996397370240186
-0.21253505540281442	0.2978834866599449
-0.21745738994345248	0.29430936947155495
-0.22712043796446077	0.28691815567961976
-0.22771615272065635	0.28644558853273633
-0.22831088421402382	0.2859717845333235
-0.22949738714449072	0.28502047416565485
-0.23185848114486615	0.28310310157424756
-0.23653245223407343	0.2792098143688699
-0.24568302975522205	0.2711928654851703
-0.24620855150569745	0.27071584838207996
-0.24673314708376615	0.2702378129165192
-0.24777955183260783	0.2692786940947891
-0.24986116066651193	0.2673483154802859
-0.25397913836128777	0.2634394022864097
-0.2620306832656889	0.2554322658300615
-0.2625256062781481	0.25492357177800123
-0.26301954173769304	0.2544139187698994
-0.2640044425695361	0.25339174355789795
-0.265962312093524	0.25133597025819826
-0.2698299114079236	0.24717916641447574
-0.2773693126904427	0.23868805118269834
-0.2778703296127148	0.23810460163693653
-0.27837011924449806	0.237520100436925
-0.27936600781219617	0.23634795340522619
-0.2813429606979578	0.23399115339146984
-0.2852370823373269	0.229228114024986
-0.29278236634366295	0.21950901429774614
-0.2932430423508787	0.21889321486186755
-0.2937024231698054	0.21827644862409587
-0.2946172911325952	0.2170400266436
-0.2964313959079034	0.21455570120566553
-0.2999966341014177	0.2095417402991182
-0.30687172924557754	0.19933756091011035
-0.3072823784612381	0.1987039538785462
-0.30769171945191276	0.19806950088413003
-0.3085064697929627	0.1967980678148207
-0.31012019546920366	0.19424516921124682
-0.3132841639515971	0.1890998519748544
-0.31935518263342166	0.17865606265933684
-0.3197231321789836	0.1779967419629448
-0.32008972053425483	0.17733666346265128
-0.3208188074368688	0.17601424429445553
-0.3222605786762611	0.17336043617562893
-0.3250781691153884	0.1680175745698942
-0.33044688650615034	0.15719598149493003
-0.3307488614363664	0.15655961183622774
-0.3310496108568273	0.15592266208382338
-0.33164742871561287	0.15464703174030037
-0.3328283095892858	0.15208891391453072
-0.3351308084703636	0.14694578120437307
-0.3394968684877294	0.13655620706063992
-0.3397590970736117	0.13590245529602143
-0.34002006676449426	0.13524819997778836
-0.3405382255980888	0.13393818837907348
-0.34155939429200677	0.1313122293262911
-0.3435409254757151	0.1260371132764162
-0.3472591437624132	0.11539847691004704
-0.3474992235910318	0.114673497388861
-0.3477377898679397	0.11394801840103937
-0.3482103776168673	0.11249557466710268
-0.3491373452165498	0.10958483277763723
-0.35091822495129826	0.10374064197214615
-0.3511339669642577	0.10300805135379741
-0.35134817959418474	0.10227501207829562
-0.3517720129795479	0.10080760032894234
-0.3526012865480422	0.09786753355647837
-0.35418606085488297	0.09196714465429562
-0.3543772245173823	0.09122775971775156
-0.35456684467066507	0.09048797743375332
-0.35494145115270387	0.08900723371375904
-0.35567210611741495	0.08604111999367108
-0.3570590081018645	0.08009111144862242
-0.35953386358968115	0.06812578316643063
-0.3596659277080854	0.06742508320829313
-0.3597966262250861	0.06672412724651137
-0.3600539244750877	0.0653214579587048
-0.3605521122711351	0.06251316450625247
-0.3614827488671679	0.056885355507362456
-0.3615929067217906	0.0561808793830199
-0.361701691658539	0.05547618994770799
-0.3619151411314623	0.054066181847405574
-0.36232554723845	0.0512437236949143
-0.3630803025898342	0.04558963995292571
-0.36316844711628443	0.044882072355334736
-0.363255212742753	0.04417433434677007
-0.36342460598323423	0.0427583578460862
-0.3637468315201199	0.03992447819116152
-0.3638239359158241	0.03921562258183996
-0.3638996589227471	0.03850661807626447
-0.3640469596254568	0.037088173144872574
-0.364324972066618	0.03424961501128153
-0.3643910175956525	0.03353964363805698
-0.3644556795827757	0.03282954491947971
-0.3645808519544919	0.031408976231323944
-0.36481458374450776	0.02856642937233406
-0.3648695543581896	0.027855514754158827
-0.3649231396130226	0.027144494372476246
-0.3650261532375804	0.025722147117560937
-0.3652155475809729	0.022876302255677525
-0.3652585815314898	0.02217859367423957
-0.3653002825792263	0.021480804158607023
-0.36537968536252025	0.02008499251054661
-0.3654173868083208	0.019386975471719067
-0.3654537547718283	0.018688887685878813
-0.3655224897259741	0.017292510063265584
-0.36555485646578467	0.016594225322158283
-0.3655858892216474	0.015895880025351184
-0.36564395233341834	0.014499017958464328
-0.36567098247744256	0.013800506285818078
-0.36569667821375146	0.013101944252320285
-0.3657440660930176	0.011704679299723585
-0.3657657580630468	0.011005981479528394
-0.36578611527950533	0.010307243496270659
-0.3658051376681057	0.009608467899787091
-0.3658228251594312	0.008909657240051825
-0.3658391776889367	0.00821081406716695
-0.36585419519694845	0.007511940931353198
-0.36586787762866446	0.006813040382940647
-0.36588022493415484	0.006114114972359244
-0.3658912370683618	0.005415167250129989
-0.36590091399109964	0.0047161997668553
-0.36590925566705546	0.004017215073209382
-0.36591626206578876	0.0033182157199294106
-0.36592193316173177	0.002619204257806053
-0.3659262689341895	0.001920183237674166
-0.36592926936733977	0.0012211552104034855
-0.36593093445023345	0.0005221227268891551
-0.36593126417679434	-0.0001769116619570953
-0.3659302585458192	-0.0008759454052165823
-0.3659279175609777	-0.0015749759519733035
-0.3659242412308127	-0.0022740007513227588
-0.36591922956873973	-0.002973017252381421
-0.36591288259304744	-0.003672022904296046
-0.3659052003268972	-0.00437101515625298
-0.36589618279832326	-0.005069991457487631
-0.36588583004023234	-0.005768949257293289
-0.3658741420904037	-0.0064678860050307605
-0.36586111899148915	-0.007166799150137997
-0.3658467607910126	-0.007865686142138922
-0.36583106754136996	-0.008564544430652899
-0.36581403929982914	-0.009263371465404027
-0.3657759780944825	-0.010660921573093897
-0.36575494526956975	-0.011359639546088327
-0.3657325777305444	-0.01205831606544974
-0.3656838388415213	-0.013455534544984254
-0.3656574676693816	-0.014154071406423224
-0.36562976213884496	-0.014852556616779687
-0.36557034841186214	-0.01624936188878521
-0.3655386404322288	-0.016947676853208013
-0.36550559852782316	-0.01764592997211424
-0.36543551343186903	-0.01904224048134242
-0.3652793417741498	-0.02183400725489628
-0.36523330903056744	-0.022590957800523146
-0.36518570769701697	-0.0233478113233735
-0.36508580008449326	-0.024861214299152928
-0.3648671712262792	-0.027886712984789584
-0.3648085958643128	-0.028642796359145403
-0.3647484537364201	-0.029398756719520906
-0.364623470222768	-0.030910295412195976
-0.36435471382007284	-0.033931753813439235
-0.3642836119396609	-0.034686762200550704
-0.3642109455480035	-0.03544162161628984
-0.36406092048600913	-0.03695088056654068
-0.3637421104088255	-0.039967468209742736
-0.36302952937181715	-0.04599219720604716
-0.36293343652104065	-0.04674443340966685
-0.36283578495769997	-0.047496468857091974
-0.36263580737757967	-0.04899992456498211
-0.36221716656803193	-0.052004284854130924
-0.3613052452823248	-0.05800207868035498
-0.3611842671016871	-0.05875071572313095
-0.36106173772075084	-0.05949910044559255
-0.3608120274695804	-0.06099510007413498
-0.3602940161640499	-0.06398393013985897
-0.3591837571581672	-0.0699481950696782
-0.3590478100786345	-0.07064270293172395
-0.35891052011905067	-0.07133694658194666
-0.35863191361867125	-0.07272463086171634
-0.35805860898670056	-0.07549671469853561
-0.3568477549573166	-0.081027163233609
-0.35669038622252036	-0.0817171326968358
-0.356531683424709	-0.08240679652860015
-0.35621027801929506	-0.08378519698120611
-0.35555148490324606	-0.08653821689207494
-0.3541701091031256	-0.09202855653351903
-0.35399146937683973	-0.09271332702577854
-0.3538115056817977	-0.09339775075954579
-0.3534476090827343	-0.09476554771361595
-0.35270395820672906	-0.09749686797568895
-0.35115338315582195	-0.10294184230906053
-0.3478004653086462	-0.11375657225344019
-0.34756126430213646	-0.11448532201318834
-0.34732053634089505	-0.11521356880001588
-0.34683450379131975	-0.11666854065939117
-0.34584416221866776	-0.11957230807771009
-0.3437906190727637	-0.12535442408359138
-0.3393941493479655	-0.1368113035831977
-0.3391066434362282	-0.13752238282249835
-0.3388176477137814	-0.13823285787924264
-0.3382351919219249	-0.13965198296229678
-0.33705245891242325	-0.14248284577749087
-0.33461600036009626	-0.14811432646025527
-0.32946154556767904	-0.1592507814483783
-0.3291331475485006	-0.15992839830555403
-0.32880335584920667	-0.16060533796254392
-0.3281395970020424	-0.161957174213124
-0.32679541698561343	-0.16465259438272456
-0.3240407283730602	-0.17000978723361668
-0.3182686808844971	-0.1805845180734083
-0.31789640677313663	-0.18123905749173222
-0.31752278656247207	-0.18189282947209823
-0.31677151417714705	-0.1831980600489004
-0.3152528862063768	-0.18579919035967893
-0.3121516594696577	-0.19096351193382946
-0.30569629441616153	-0.20113551894180817
-0.3053096877377948	-0.2017218777753499
-0.30492195636072	-0.20230749350657812
-0.3041431252278778	-0.2034764870356829
-0.3025720297008708	-0.20580546212979467
-0.2993764310862509	-0.2104268849501466
-0.29277426235591025	-0.21951982302679549
-0.29235239409848035	-0.22008134647136687
-0.2919294488743731	-0.22064205918108123
-0.2910803337622648	-0.22176104413672737
-0.28936924875696357	-0.22398919454650826
-0.28589601392527364	-0.22840575873082256
-0.2787481718315699	-0.23707631281998753
-0.2782541144017378	-0.2376559892328986
-0.2777588514963211	-0.23823463605279482
-0.2767647178464238	-0.23938883089056687
-0.27476207959561444	-0.2416847554482
-0.27069980687788453	-0.24622618860722145
-0.2623512460264439	-0.25510300881827186
-0.2618197031227012	-0.25564851741503136
-0.26128702594189546	-0.2561929184700511
-0.2602182779848321	-0.2572783885256817
-0.2580672726131222	-0.25943593468482246
-0.2537117475170254	-0.263696929393613
-0.24479089222831923	-0.2719984199987684
-0.24426194545013818	-0.2724735278970724
-0.2437320765500763	-0.2729476071709564
-0.24266958038909112	-0.27389267269050016
-0.24053361085123484	-0.27577038175016133
-0.2362182156234925	-0.2794757163107668
-0.22741726786937227	-0.28668293928065053
-0.2268598223074218	-0.2871242630332867
-0.22630152031895903	-0.287564502852996
-0.2251823554963843	-0.28844172404987284
-0.22293384168601002	-0.2901830863969849
-0.21839655382428821	-0.2936131241573472
-0.20916479071928473	-0.30025957390751223
-0.20859250534380452	-0.300657426507575
-0.2080194632145216	-0.30105418835104303
-0.2068711170130553	-0.3018444340144999
-0.20456543522097248	-0.3034117731938184
-0.1999185834129291	-0.30649352587930906
-0.19048671729701439	-0.31244284586652055
-0.1898912602616774	-0.3128051001438354
-0.18929511431887913	-0.31316621959394897
-0.18810076436443354	-0.31388504877626594
-0.18570389289397174	-0.31530903184619885
-0.18087795148240016	-0.31810200890169416
-0.17110120936175996	-0.32346575947804146
-0.17043230592355055	-0.3238187000427002
-0.16976267445757412	-0.3241702573660556
-0.1684212388871533	-0.32486921628784626
-0.1657297574790496	-0.326250469556288
-0.1603129984454495	-0.32894598938000796
-0.1493494942345783	-0.33406653524655633
-0.14865872760485904	-0.33437449679463793
-0.14796732595655676	-0.334681030010709
-0.14658262942061506	-0.33528980621531224
-0.1438057462567672	-0.3364901614361069
-0.13822268470761184	-0.3388217980472672
-0.1269447364082421	-0.3432065781683168
-0.12628267659942954	-0.3434507344447627
-0.12562014720183307	-0.3436936135815631
-0.12429368949662584	-0.34417553682834484
-0.12163524753728915	-0.3451240182257755
-0.11629681157869579	-0.3469593247289836
-0.1055381868072906	-0.35038180963798965
-0.1048623304127459	-0.35058467316779707
-0.10418608408210281	-0.35078623303003215
-0.10283243167259098	-0.3511854387585922
-0.10012055836131696	-0.3519681735515032
-0.09467910295205624	-0.353470775120033
-0.08372989649543874	-0.3562232808683707
-0.08298504814137234	-0.3563975353236006
-0.08223983714532047	-0.35657023233309054
-0.08074834025502457	-0.35691095100293824
-0.07776113816314988	-0.3575736662442223
-0.0717706322551241	-0.3588240484491846
-0.07102037326859799	-0.358973297029949
-0.07026980392533054	-0.3591209769089778
-0.0687677472897676	-0.3594116279872615
-0.06576005414525597	-0.35997407778696505
-0.059731084821064234	-0.3610234326271105
-0.05897625444768215	-0.3611475083827732
-0.05822116634996971	-0.3612700059354667
-0.056710230181506845	-0.361510264297604
-0.05368541041356612	-0.3619718194949573
-0.05292861069868928	-0.3620832550246829
-0.05217157968748966	-0.36219310826225687
-0.05065683700992443	-0.36240806594764546
-0.04762472172571497	-0.3628189731537082
-0.046866164324669946	-0.3629177372921528
-0.04610740211999767	-0.36301491549178505
-0.04458927656371705	-0.36320451238288237
-0.04155071375953104	-0.3635646566786113
-0.03546508524205644	-0.3642086615232217
-0.03475408132308316	-0.3642771955958148
-0.03404294497997966	-0.3643443416561496
-0.03262028586049978	-0.3644744687219425
-0.02977349778938302	-0.3647180558035873
-0.029061510374694267	-0.36477547891066436
-0.02834941222638558	-0.3648315121068648
-0.02692489458260266	-0.3649394079179155
-0.02407464990471464	-0.3651385115702374
-0.02336185261637666	-0.3651848097088564
-0.02264896631193204	-0.365229716376918
-0.02122293752034686	-0.3653153546222365
-0.020509800466830656	-0.3653560858731845
-0.019796585264435826	-0.3653954250009583
-0.018369931283605676	-0.36546992629270963
-0.017656497941176887	-0.3655050881728135
-0.016942997321861816	-0.365538857361997
-0.015515805127476906	-0.365602217158224
-0.014802118990464365	-0.3656318075238465
-0.014088376452659411	-0.36566000471570737
-0.012660733053222042	-0.365712219153692
-0.011946837631366159	-0.36573623620086204
-0.011232896688250196	-0.36575885967636396
-0.010518912944216448	-0.365780089493995
-0.009804889119770299	-0.3657999255728629
-0.009090827935570492	-0.3658183678373857
-0.008376732112418133	-0.3658354162172927
-0.007662604371245662	-0.365851070647624
-0.006948447433107129	-0.36586533106873126
-0.006234264019168492	-0.3658781974262778
-0.0055200568506965884	-0.36588966967123854
-0.004805828649048114	-0.36589974775990075
-0.004091582135659913	-0.36590843165386355
-0.003377320032039248	-0.36591572132003863
-0.002663045059752791	-0.36592161673065
-0.0019487599404155933	-0.36592611786323426
-0.0012344673956813715	-0.3659292247006407
-0.0005201701472327848	-0.3659309372310312
0.00019412908322958425	-0.36593125544788063
0.0009084275739982517	-0.36593017934997624
0.001622722603368552	-0.3659277089414185
0.0023370114496483584	-0.36592384423162044
0.003051291391169103	-0.36591858523530774
0.0037655597062967996	-0.3659119319725189
0.004479813673441762	-0.365903884468605
0.0051940505710683215	-0.36589444275422955
0.005908267677705853	-0.3658836068653685
0.0066224622719597915	-0.3658713768433101
0.0073366316325213475	-0.36585775273465465
0.008050773038177235	-0.36584273459131417
0.008764883767820681	-0.3658263224705128
0.01019300231524056	-0.3657893165519798
0.010893008645732583	-0.36576913998095434
0.011592975081698485	-0.36574762381800663
0.012992778015988212	-0.3657005730364532
0.013692609387677182	-0.36567503859016615
0.014392390611590066	-0.36564816489659346
0.015791792364773082	-0.3655904001661845
0.016491407768877964	-0.3655595093409055
0.017190962774895038	-0.365527279691455
0.018589881344702477	-0.3654588043970933
0.021386880993109522	-0.3653057934404402
0.022085941488726574	-0.365264195601375
0.02278492109685045	-0.3652212600196945
0.024182627411159764	-0.36513137626237496
0.026976956773455657	-0.3649355630834108
0.027675298508548593	-0.36488326798063203
0.02837353888570212	-0.3648296365303462
0.029769705337636412	-0.36471836537782587
0.032560709453972984	-0.3644797958729907
0.033258168744975024	-0.3644168157638911
0.03395550623134859	-0.3643525010156179
0.035349805574957656	-0.36421986854862226
0.03813683026488756	-0.36393859863596517
0.03883324363506703	-0.36386494828238475
0.03952951478247863	-0.36378996531078867
0.04092162020944208	-0.3636360026168987
0.043704012225251436	-0.3633120982229715
0.04439921644302893	-0.36322779488773715
0.04509425805323428	-0.36314216126799614
0.04648384326946084	-0.3629669044343619
0.04926095044928358	-0.3626004414787663
0.05480634245222128	-0.3618037952078071
0.05555726748885738	-0.3616892470463209
0.0563079531251041	-0.36157314033902477
0.05780859325843578	-0.3613362532949659
0.060806858461815716	-0.360843799120572
0.06679060548973888	-0.3597842915110067
0.06753731255977395	-0.3596448704096395
0.0682837286065163	-0.35950389957183304
0.06977567476594336	-0.35921731112339267
0.07275593337107886	-0.35862556456430444
0.07870119702045489	-0.35736793782782267
0.07944286248956813	-0.35720379757111564
0.08018418563349036	-0.3570381180967334
0.08166579216958614	-0.35670214435727315
0.08462475688569	-0.3560117581229598
0.09052497939995763	-0.3545573994495112
0.10224891073623872	-0.3513557764617165
0.10292943098190621	-0.3511570213415987
0.10360956488481574	-0.350956948163364
0.1049686634523675	-0.3505528506413642
0.1076821122467128	-0.34972887227372196
0.11308944663078718	-0.34801795709489663
0.12382132480039262	-0.3443457578139139
0.1244882234408109	-0.3441052217335763
0.1251546548181437	-0.3438633940638554
0.12648610577958838	-0.3433758675918821
0.1291432906011189	-0.3423853558382396
0.13443423392511367	-0.3403427069127981
0.14491797699192294	-0.3360126505718668
0.14562310900841785	-0.3357076578252058
0.14632759914509194	-0.3354011853410722
0.14773464136076994	-0.334783806570401
0.15054088679396396	-0.3335313520541209
0.15612132996409825	-0.33095596645173836
0.16714853200141366	-0.3255258663294445
0.1678315982436798	-0.32517422411798735
0.16851392471519835	-0.32482114859849176
0.16987634631898965	-0.3241107038668635
0.1725921801646535	-0.32267268360642926
0.17798714116561382	-0.31972847696045914
0.1886249283068622	-0.3135703395109207
0.1892708632032845	-0.31318087703760994
0.18991599396201858	-0.31279008398154423
0.1912038321062181	-0.3120045127681011
0.1937697383727532	-0.3104174767804122
0.19886186150856025	-0.30718021003494544
0.20888252340047977	-0.30045600812367024
0.2095013838193488	-0.300024818269324
0.21011935414897895	-0.29959235372715864
0.21135261404226183	-0.29872360793426705
0.21380833749010442	-0.29697090130091974
0.21867601605751893	-0.2934050466521916
0.2282316886114412	-0.2860349938614734
0.22878124659022908	-0.28559562778233105
0.22932995875266665	-0.28515520584107035
0.23042483751715312	-0.2842712008891449
0.23260435620116718	-0.2824905925442536
0.23692198802144954	-0.27887935203547626
0.24538807129325724	-0.27145978683174843
0.24590957276855113	-0.2709874598953827
0.2464301651031683	-0.27051413110406675
0.24746861465511036	-0.2695644749599685
0.24953451961201822	-0.2676532176562843
0.25362192636976166	-0.26378331991286746
0.2616157609679281	-0.25585721606578715
0.2621486196103803	-0.2553112270076174
0.2626803387824198	-0.2547641281988423
0.2637403494754171	-0.2536666108464964
0.2658465958566721	-0.2514583640907223
0.2700034776009749	-0.2469895614861949
0.278090777108599	-0.23784709602368181
0.27858605131417147	-0.23726679795736452
0.27908011460143595	-0.23668546857340522
0.2800645998362171	-0.2355197259643925
0.2820189451488169	-0.23317597641462032
0.2858686612242143	-0.2284399919664646
0.29332847594969974	-0.21877871605069224
0.2937537556016751	-0.2182073611720611
0.29417792235141443	-0.21763517960285786
0.2950229107204903	-0.21648834506682477
0.2966994622079686	-0.21418485129734363
0.2999985099158254	-0.2095390547082987
0.3063776077327051	-0.20009618407093044
0.30676649860963173	-0.19949946548938374
0.3071542272848307	-0.1989019910931551
0.3079261921587282	-0.19770478391376625
0.30945611114849686	-0.19530139956644488
0.3124595830024296	-0.1904592617588097
0.31823853747415326	-0.18063763358191715
0.3185826428023362	-0.18003005611519993
0.31892558815178995	-0.17942182314812724
0.3196079939239992	-0.17820339957374517
0.3209588310650718	-0.17575878402260783
0.32360433372889585	-0.17083897854892605
0.3286685179905492	-0.1608810948547375
0.3289749057829237	-0.16025365133088065
0.3292800957577093	-0.15962562431375735
0.3298868778140176	-0.15836782894856644
0.3310860195148015	-0.15584533705442546
0.3334263702397895	-0.15077326363941917
0.3378734559708018	-0.14052490580003837
0.3381636532013473	-0.13982512311198556
0.338452401086918	-0.13912474114356146
0.33902554387914136	-0.1377221913753024
0.34015438328841624	-0.13491003272344207
0.3423420085710498	-0.1292581547419824
0.34643497858510336	-0.11784959487627426
0.34667821397154	-0.11713213631308075
0.3469199635202098	-0.11641417573001707
0.34739900096613674	-0.11497676081492789
0.3483392006426724	-0.11209604228244203
0.35014787562550026	-0.1063117425062359
0.35347662628191456	-0.0946572557816817
0.35365882601455034	-0.09397423147742681
0.35383970593789943	-0.09329085647341787
0.354197503661583	-0.0919230645685069
0.3548972320269102	-0.08918338465992665
0.3562330758576504	-0.08368821341599113
0.3563940804033068	-0.0829998846580179
0.35655375493205876	-0.08231124615514192
0.35686911156027556	-0.0809330501954708
0.35748383872774625	-0.07817305448962387
0.3586492219111284	-0.0726392250943327
0.3587888774648455	-0.07194624943163525
0.35892719406458323	-0.07125300527478108
0.3591998083424003	-0.06986572182798864
0.35972894707339326	-0.06708804690278895
0.36072275633827866	-0.061520845731165376
0.36084092948943264	-0.06082388515184878
0.3609577560286129	-0.060126697585609526
0.3611873675321526	-0.0587316519004593
0.361630412349254	-0.055938951222484413
0.3624516983262094	-0.05034369652905398
0.3625594205805532	-0.04956196069624896
0.36266545678902895	-0.048779994380565316
0.3628724691037768	-0.04721538484743678
0.3632662400115993	-0.04408356006039137
0.36336046053126897	-0.04330008224319109
0.3634529912799155	-0.042516403063343124
0.36363298175077957	-0.04094845519430756
0.36397266703355113	-0.03781030351963221
0.36405335777680037	-0.03702531689533493
0.364132355526778	-0.03624015808855075
0.3642852705853088	-0.03466933853351284
0.36457076914648934	-0.03152579394242411
0.3646379060982801	-0.03073953213737696
0.3647033473384166	-0.029953127381248366
0.36482914147430173	-0.028379903644778597
0.36506036834430833	-0.02523190171352342
0.3651139315234585	-0.02444459873359061
0.3651657967772462	-0.023657182076526635
0.36526443255185487	-0.022082022378723788
0.3653112026139802	-0.021294286663105566
0.3653562738333538	-0.020506451920563426
0.3654413189133507	-0.018930500010134892
0.36548129237848037	-0.01814239017105326
0.3655195662098732	-0.01735419596262314
0.36559101426739854	-0.01577756909976343
0.36562418816126907	-0.014989143777277385
0.3656556617568804	-0.0142006487492962
0.36571350747577375	-0.012623464244420275
0.36573987933005025	-0.011834782102062348
0.3657645503480573	-0.011046044923249123
0.365787520415065	-0.010257256375922645
0.36580878942425327	-0.00946842012826417
0.3658283572767128	-0.008679539848676783
0.3658462238814453	-0.007890619205768003
0.3658623891553638	-0.007101661868333713
0.3658768530232934	-0.006312671505340434
0.36588961541797144	-0.0055236517859076194
0.3659006762800476	-0.004734606379291246
0.36591003555808443	-0.003945538954867391
0.36591769320855766	-0.0031564531821145275
0.36592364919585607	-0.0023673527305958036
0.365927903492282	-0.0015782412699426292
0.36593045607805125	-0.0007891224698382616
0.3659313069412933	-8.962732075069249e-17