7.4679407985458175	0.
7.467926932552708	0.014390991593389977
7.467885334624872	0.028781929746241077
7.467816004916779	0.043172761018212887
7.467718943685886	0.05756343196936188
7.4675941512926265	0.07195388916033987
7.467441628200413	0.0863440791525925
7.467261374975635	0.10073394850855759
7.467053392287659	0.11512344379186368
7.466817680908823	0.12951251156752838
7.466554241714433	0.1439010984021569
7.466263075682764	0.15828915086414036
7.465944183895052	0.17267661552385424
7.465597567535495	0.18706343895385688
7.46522322789124	0.20144956772908773
7.464391384411983	0.2302195276280883
7.463933883666009	0.24460325191542845
7.463448665813379	0.2589860678755343
7.462395086098451	0.28774876117689907
7.461826728148589	0.30212853170871273
7.461230660916936	0.3165071802947981
7.459955407565059	0.3452608980553349
7.459276226180452	0.35963586045367146
7.45856934498527	0.37400948735444645
7.457072493765968	0.4027525211642473
7.453746515990278	0.4602202146233192
7.452845815379623	0.4745829988143022
7.451917438837542	0.48894402065478765
7.449977671851859	0.5176605639740197
7.445766185277602	0.575070156382476
7.444644179499201	0.5894173489419986
7.443494528245915	0.6037623527169234
7.441112306494121	0.6324455808422471
7.436016312012879	0.6897834283769897
7.434673267719876	0.7041116195864138
7.433302614978686	0.7184371960973208
7.430478504613768	0.747080292243004
7.424499213327106	0.8043327681316456
7.411217626345744	0.9186909521309637
7.409282190615101	0.9341719276551995
7.407314417372637	0.9496488260239195
7.403281892846413	0.980590121119718
7.394829180987276	1.0424208145486065
7.376375219293768	1.1658595090206838
7.37392349290899	1.1812671549272984
7.371439583333992	1.1966696452412922
7.3663752581174515	1.2274588902200345
7.355860895807452	1.2889725567737758
7.33329194056877	1.4117255699937803
7.330326662593679	1.4270426728915178
7.327329391704968	1.4423535475193476
7.3212389236521345	1.4729563446979932
7.308674657515861	1.5340842614310837
7.282015922723754	1.6560144539776402
7.222604451223517	1.898453241918636
7.218887425391151	1.9125386558484676
7.215142930425588	1.9266167922331618
7.207571590193186	1.9547510181159187
7.1920999140587405	2.01092978414996
7.1598439109547085	2.1229166119633445
7.090109352292637	2.3453121632562315
7.085520897564953	2.3591382708004818
7.080905481187109	2.3729554014097043
7.071593833833349	2.400562521551001
7.052647778938091	2.4556667275558293
7.013468699915663	2.5654232722668686
6.929996605356136	2.7830355406170377
6.924661598921342	2.796283517637164
6.919301266542161	2.809521267656324
6.908504702461742	2.835965893068735
6.886608531769401	2.888730292143252
6.841608535801347	2.9937488895088196
6.7468152834670505	3.20165946055488
6.740680027122763	3.214556352365504
6.734520117719974	3.2274414874030004
6.722126429944874	3.2531762986997377
6.697044214998426	3.3045027693953073
6.6457055947502806	3.4065726057857564
6.5383741295593945	3.608296483452208
6.530874606105576	3.6218526543621943
6.523346976350731	3.635393238250976
6.508207527642543	3.662427411938984
6.4775927881222675	3.7163061555597836
6.415027359177147	3.8232922660442563
6.2846136535965424	4.034076225805984
6.276231391022474	4.047105051382932
6.267822118031052	4.060116459820565
6.250922685672976	4.086086801369262
6.216801296085741	4.137816020024548
6.147276679423306	4.240416158492409
6.003167730088077	4.442084755496491
5.994556295707291	4.453698978173224
5.985922391527468	4.465296506750166
5.968587303306986	4.488441307780216
5.933648918879652	4.534528672096305
5.862706679950861	4.625884797035557
5.716620329875483	4.805246276169357
5.70730632671356	4.816305042627648
5.697970930471002	4.827345755805417
5.679236098794012	4.849372856848617
5.641511263498665	4.8932086031971735
5.565048850534106	4.979997094552784
5.408137675611189	5.149969577795577
5.397320307276579	5.161305384420204
5.386479178407508	5.172618469514982
5.364725830073258	5.195176276001607
5.320936113905389	5.240017045995421
5.232235433594293	5.328588193698729
5.050437094466164	5.501202134572526
5.038883571101152	5.511786654749259
5.027307865141831	5.52234691047821
5.004090109375839	5.543394442742826
4.957390655447069	5.585196295554098
4.862947522987911	5.6676168853629205
4.669977997251813	5.82764491675403
4.657963746115336	5.837252222618132
4.64592973041573	5.846834759989748
4.621802609660599	5.865925366719186
4.573313445733043	5.9038075762733415
4.475406977755713	5.978367013996432
4.275974971304727	6.122595676292914
4.263353988144537	6.1313907510741155
4.25071491482014	6.140159809281087
4.22538271227454	6.157619727248233
4.174503590039867	6.192225734526271
4.0718985920272575	6.260174248919241
3.863399498561815	6.390953300181238
3.851112447971288	6.398364844525962
3.8388111791256874	6.405752766194212
3.814166168386059	6.4204576324841796
3.764707529651536	6.44958269865347
3.6651260260290166	6.506688173249882
3.4633887367574614	6.616273741970377
3.450669481861007	6.622916268347217
3.437937487139495	6.629534343006763
3.412435466293562	6.642697039528974
3.361280618110482	6.668727942936341
3.2583782874924965	6.719606439828349
3.050288428359149	6.816588609737529
3.036079138320426	6.822929226984598
3.0218566681627537	6.829240224773576
2.993372434515837	6.841773252517645
2.9362485262467897	6.866482677666835
2.821392851505207	6.914469043105224
2.5893620424928416	7.004665872365536
2.5747618854919807	7.010045720507315
2.560150551026248	7.015395136887525
2.5308946034692377	7.026002581604666
2.4722513729229987	7.046851276965159
2.3544538422157006	7.087078867591419
2.116929289027017	7.161616448529251
2.1029952082999497	7.165720544680249
2.0890531710456037	7.169797529856018
2.0611454379796506	7.177870105684612
2.0052368164541905	7.193689253819754
1.8930588069263836	7.224020218971123
1.8790037679851777	7.227688746098758
1.8649416199717854	7.231329927799046
1.8367962095675436	7.238530199916517
1.7804224226065484	7.252601999811169
1.6673549366459712	7.279427675705518
1.6531925515042436	7.282657080917378
1.6390239116304144	7.285858932733249
1.610668082133935	7.2921799278254325
1.553883726580507	7.304490751233342
1.4400362677015335	7.327785157760111
1.4257802523354712	7.3305723134442475
1.4115188426349703	7.333331734448645
1.3829800560788306	7.338767330762935
1.3258401264032353	7.349305254907038
1.2113229535078303	7.3690458319167895
1.1972691777944684	7.3713422309975885
1.1832110487710397	7.373611827635849
1.1550819352729005	7.378070580672928
1.0987737186895203	7.386666100867315
1.0846865486015438	7.3887478548038175
1.0705954345576374	7.3908027430103616
1.0424015795592083	7.394831892444723
0.9859687974022566	7.402567480349928
0.9718515110475343	7.404434104714537
0.9577306910087877	7.406273806313467
0.9294786552669472	7.409872414555347
0.8729344395385465	7.416746270087218
0.7596969483811662	7.429199170651268
0.7455292910845448	7.430634282934406
0.7313589230189248	7.432042377187157
0.703010260686059	7.434777491220249
0.6462826744823507	7.439923284231437
0.6320947742319724	7.441142114418577
0.6179045756642272	7.442333888368511
0.5895174899689208	7.44463625032183
0.5327180095319729	7.448916115308686
0.5185131678757877	7.44991837977602
0.5043064408886884	7.450893556095358
0.4758875375529188	7.4527626302054575
0.4616754645363148	7.4536565212002035
0.4474617128525533	7.454523310454948
0.4190293802161479	7.45617557123629
0.4048109026443995	7.456961036755212
0.3905909531669074	7.457719388518806
0.3621468453166747	7.459154739849035
0.34792279036764484	7.459831734196686
0.3336974703599181	7.460481604351058
0.3052432420677096	7.4616999627268
0.289804859748698	7.462315519585807
0.27436523692790576	7.462899134207204
0.25892443969421625	7.463450804092848
0.2434825341415384	7.46397052688133
0.22803958636852847	7.4644583003479905
0.21259566247830394	7.464914122404929
0.1817051507792777	7.46572990462188
0.16625869519646697	7.466089861289958
0.15081152794785593	7.466417859564463
0.13536371515462178	7.466713898041405
0.11991532294070326	7.466977975453602
0.10446641743252263	7.467210090670675
0.08901706475869933	7.467410242699064
0.07356733104976351	7.467578430682021
0.058117282437878	7.467714653899623
0.042666985056553586	7.467818911768772
0.027216505040365893	7.467891203843193
0.011765908524672306	7.467931529813441
-0.0036847383546727694	7.467939889506904
-0.01913536946159604	7.467916282887798
-0.03458591866009171	7.46786071005717
-0.05003631981450793	7.467773171252897
-0.06548650678982487	7.467653666849689
-0.08093641345193948	7.467502197359079
-0.09638597366794863	7.46731876342943
-0.11183512130643208	7.467103365845923
-0.1272837902377373	7.466856005530564
-0.1427319143342576	7.466576683542172
-0.15817942747071836	7.466265401076376
-0.17362626352446348	7.465922159465612
-0.18907235637573344	7.465546960179117
-0.20451763990795002	7.465139804822923
-0.21996204800799926	7.464700695139844
-0.2354055145665144	7.464229633009479
-0.25084797347816057	7.463726620448196
-0.266289358641913	7.463191659609127
-0.2817296039613428	7.462624752782156
-0.31260641070620926	7.461395111007761
-0.32804283996431877	7.460732381323786
-0.34347786504401834	7.460037716178783
-0.3743434383976715	7.4585525915363595
-0.43605482835661824	7.455199256710181
-0.4514781746219875	7.454281134249307
-0.46689958834737105	7.453331103941793
-0.4977363541429771	7.4513353361897225
-0.5593837913619889	7.4469610946040685
-0.5747898294999936	7.4457878308805245
-0.5901934072658445	7.444582695665693
-0.6209929179535234	7.442076831532762
-0.6825595144812429	7.436682881485284
-0.6969146580094238	7.435351352157929
-0.7112672042890621	7.433992112901921
-0.7399642911573913	7.431190524969541
-0.7973249450773203	7.425255059763442
-0.8116578134978853	7.423701998623932
-0.825987657047259	7.422121270970363
-0.8546380559271282	7.418876839788233
-0.9119002062278264	7.412056245365843
-0.9262073810178034	7.410282022833766
-0.9405111040353985	7.408480183800943
-0.9691079815391139	7.404793683196199
-1.0262579706629684	7.397089586332983
-1.140370962987947	7.380358652352817
-1.1546165202744032	7.378143429189661
-1.16885777455756	7.375900709299271
-1.197327161834047	7.371332812871738
-1.2542119661883981	7.361867433909346
-1.3677538281219046	7.341620341330858
-1.5938318828173648	7.295878267892085
-1.6090955879932014	7.292527076349183
-1.6243522471201197	7.289143951648984
-1.65484416002956	7.2822819621737525
-1.7157404958479145	7.268175446526638
-1.8371682856925846	7.238435774435698
-1.852311255195592	7.234575508242406
-1.8674461136355816	7.230683562655228
-1.8976912322669328	7.222804701607427
-1.9580812231395521	7.206667585935503
-2.07844542326045	7.172879783818549
-2.093450683473137	7.168514769912314
-2.108446776700324	7.1641183658847485
-2.1384111995737927	7.1552314646084305
-2.1982271549063617	7.137081836858634
-2.3173928501607177	7.099283777157321
-2.5537427323847504	7.01773024754993
-2.568153961154023	7.012469251440183
-2.5825543517791862	7.007178661251012
-2.611322375552605	6.9965087880687635
-2.668725694469833	6.974814903512612
-2.7829878675490134	6.930015750318331
-3.00922660663829	6.834814920719166
-3.023261108878391	6.828618603943886
-3.037282852327521	6.82239346897717
-3.0652878262082606	6.809856849676399
-3.1211420684306708	6.784438956852472
-3.2322145492852057	6.732230601960555
-3.451710806881033	6.62237361345959
-3.4643920831708592	6.615748428155972
-3.4770606431889868	6.609098959326554
-3.502359428453953	6.595727268808561
-3.5528023608384496	6.5686935653450815
-3.653059320494728	6.513470455258989
-3.850975452422004	6.398447298792754
-3.863226982097606	6.391057585046325
-3.875464331552614	6.383644412516144
-3.899896310181196	6.3687478000326125
-3.948588131908143	6.338674272680313
-4.0452732424451145	6.277412218784325
-4.235770130107824	6.150478938706439
-4.248541448388685	6.141663889526073
-4.261294421757118	6.132822321059596
-4.2867451135702686	6.115059779091826
-4.337423940659194	6.079218151175495
-4.437879141520212	6.006277424149252
-4.635083013355022	5.855437236440407
-4.647240384008204	5.845793067140542
-4.659377688194128	5.836123656104614
-4.683591887618856	5.816709275940821
-4.73177718873996	5.777579459142496
-4.827163778316223	5.6981250975998226
-5.013909131622124	5.534514883024656
-5.024634000597405	5.524779898839922
-5.035339968209037	5.51502413187302
-5.056695038320381	5.495450396465351
-5.099176594947127	5.456055152225695
-5.183216449015289	5.376281894882603
-5.34753270056943	5.21287193271864
-5.357633109271209	5.202490484087987
-5.367713363953479	5.19208946504395
-5.387813259658282	5.171228872292884
-5.427769539482038	5.129274568285079
-5.506699661514658	5.044442348610944
-5.660564065478777	4.871155328173751
-5.670788838936594	4.85924826642736
-5.680988565800858	4.847319742478833
-5.7013126996599786	4.823398518812331
-5.741658433496715	4.775300849542487
-5.821129824201775	4.678096550988848
-5.97511428302965	4.479748773683655
-5.984515777473933	4.467181514081412
-5.99389083966363	4.454594523947333
-6.012561501766058	4.429361574546135
-6.049583824828825	4.3786613613014875
-6.122343348971291	4.276336245887611
-6.2626505666021455	4.068088943376602
-6.271031112276568	4.055158265646909
-6.2793849596429725	4.0422103234733795
-6.296012417302757	4.016262866366522
-6.328945395669634	3.9641632092053523
-6.393515791442767	3.8591573685400706
-6.517413384359038	3.646020097032215
-6.524922513452356	3.632564653798708
-6.532403863319589	3.619093745272765
-6.547283098089709	3.5921057618135297
-6.576706823408066	3.537946739215125
-6.634208322172496	3.42890940513195
-6.743773322154216	3.2080618993383263
-6.749936038649693	3.1950748418031205
-6.756073744892903	3.1820759456923615
-6.7682740357481475	3.1560428304448953
-6.792373500012185	3.103836659187684
-6.8393629895869745	2.998875400421476
-6.928465717651226	2.786844554315299
-6.9338172891563365	2.7735027620649326
-6.9391431690817695	2.76015069327219
-6.949717775353837	2.733415923988892
-6.97055782704346	2.679825246248028
-7.01099699496844	2.5721704661877784
-7.0868785429923875	2.3550567482460454
-7.091778101770331	2.340261337080955
-7.096646771924218	2.325455732780719
-7.1062913616714285	2.2958142027653654
-7.125208953649176	2.2364116654638417
-7.161553218750727	2.1171431849514186
-7.165956090409912	2.1021924462099637
-7.17032775035879	2.0872325512553225
-7.178977359097644	2.0572855533806127
-7.195901207365996	1.9972845526899141
-7.228243345024203	1.8768691791647223
-7.2321446207207565	1.8617797817048503
-7.236014396419272	1.8466822751621859
-7.243659380539381	1.8164631978955617
-7.258570616383712	1.7559306300523705
-7.286874567745044	1.6345026168641092
-7.337381517867615	1.3903137170580868
-7.340076687696343	1.3760138041901402
-7.34274398827682	1.3617086667895468
-7.347994941289401	1.3330829356684912
-7.358161977825678	1.2757711701812533
-7.377154446828196	1.160918618262331
-7.3794025527464715	1.1465416412429166
-7.381622640101667	1.1321603109646787
-7.385978725511784	1.103384809063668
-7.394354309814654	1.0457839698095415
-7.409757387317468	0.9303952018789384
-7.411556244350905	0.9159551339493955
-7.413326960738175	0.9015115882658622
-7.4167839447884365	0.8726142830103277
-7.423359936477575	0.8147803532761435
-7.424933486079658	0.800313999551509
-7.426478844244051	0.7858446071461486
-7.4294849628967965	0.7568969260576554
-7.435158651953919	0.6989675177430793
-7.436506511761163	0.684478393463932
-7.437826136189552	0.6699866703157153
-7.440380658975273	0.6409956475139491
-7.4451506667266365	0.5829848371313479
-7.446272509216876	0.5684764630713902
-7.447366079248129	0.5539659305855299
-7.44946838543251	0.5249386107219529
-7.45333355279372	0.4668604945639367
-7.454211791383018	0.4526216298317318
-7.455062828038876	0.43838111339123537
-7.456683283227134	0.4098953332573477
-7.457452695846163	0.39565017351435633
-7.458194894705034	0.38140356996349006
-7.45959764040789	0.3529062393982135
-7.460258182132968	0.3386556163763526
-7.4608914998601	0.3244037575313399
-7.462076454175459	0.29589654040788416
-7.462628086439548	0.28164128615806866
-7.463152486057426	0.26738500414197364
-7.46411957979938	0.23886956491078176
-7.4645622703943335	0.2246105117543165
-7.464977721284848	0.21035063894845896
-7.465365930954858	0.196089998530379
-7.465726897987709	0.18182864254005116
-7.466060621066159	0.16756662302006115
-7.466367098972382	0.1533039920154161
-7.466646330587982	0.1390408015733546
-7.466898314893983	0.1247771037431533
-7.467123050970845	0.11051295057594719
-7.467320537998459	0.09624839412453275
-7.467490775256154	0.08198348644317156
-7.467633762122702	0.06771827958741022
-7.467749498076313	0.05345282561388709
-7.467837982694645	0.039187176580142286
-7.467899215654796	0.024921384544427747
-7.467933196733319	0.010655501565513951
-7.467939925806207	-0.0036104202974901354
-7.467919402848905	-0.017876328985333645
-7.467871627936306	-0.03214217243882042
-7.467796601242751	-0.046407898598989035
-7.467694323042025	-0.06067345540730611
-7.467564793707364	-0.07493879080585623
-7.467408013711446	-0.08920385273753201
-7.467223983626393	-0.10346858914622725
-7.467012704123771	-0.11773294797701707
-7.466774175974578	-0.13199687717635442
-7.466508400049253	-0.14626032469226663
-7.466215377317667	-0.16052323847453565
-7.465895108849119	-0.17478556647489096
-7.465547595812334	-0.18904725664719974
-7.46477084120605	-0.21756851533497765
-7.464341602471087	-0.23182797977057856
-7.463885124836947	-0.24608659821877316
-7.46289045963365	-0.2746010890258468
-7.462352275694228	-0.2888568573295551
-7.461786860115088	-0.30311157153589857
-7.460574342390279	-0.3316176295871366
-7.459927244669336	-0.34586886940763323
-7.459252924158104	-0.36011884708234543
-7.457822624707038	-0.3886148079949664
-7.454635467248425	-0.44558929635595346
-7.453696029169893	-0.46103717347097517
-7.452724579244338	-0.47648307054127986
-7.450685660678206	-0.507368659210732
-7.446223874165203	-0.5691131578142297
-7.445028465827298	-0.5845433376631483
-7.443801082867486	-0.5999710070378196
-7.441250414304717	-0.6308185493428559
-7.435765622852097	-0.692480593660298
-7.434314572823008	-0.7078888351263899
-7.432831594185631	-0.7232940363787361
-7.429769876699262	-0.7540950536088824
-7.4232635878488	-0.815657695300734
-7.408721205446415	-0.9386106064570946
-7.406760138691125	-0.9539622730912259
-7.404767261667267	-0.9693098426848812
-7.400686111186162	-0.9999924271120196
-7.392142472742952	-1.0613055324716134
-7.373531946544691	-1.183708749595943
-7.371063018978832	-1.198986964411125
-7.368562434455024	-1.2142600298632045
-7.36346633762713	-1.2447904503237686
-7.352894742113712	-1.30578661426041
-7.330236531761915	-1.4275055723212429
-7.327462118306637	-1.4416791166436322
-7.324660299301379	-1.4558472689205328
-7.318974486659889	-1.4841671853961549
-7.307274462721308	-1.5407399835942968
-7.282563305092561	-1.6536055992601315
-7.279351717636916	-1.6676865237572769
-7.2761129045697155	-1.6817612109152706
-7.269553650156568	-1.7098916626735332
-7.256108973803875	-1.7660754035057562
-7.227917801034122	-1.8781224752606516
-7.224272114330455	-1.8920972989496385
-7.220599408019276	-1.9060650459773985
-7.213172991620764	-1.9339791011119758
-7.197996534697157	-1.989719994640668
-7.166352336826615	-2.1008412493677033
-7.0979258548336075	-2.3215486921169104
-7.093044231092532	-2.3364210464618935
-7.088131445198009	-2.351283136115326
-7.078212473419579	-2.380976260216096
-7.058001542857985	-2.440236462230544
-7.016092751918348	-2.5582381177411864
-6.926369421324337	-2.792050574385842
-6.920501989138682	-2.806562308040334
-6.914604152836276	-2.821061711512967
-6.902717371659467	-2.850023273163881
-6.878580108933102	-2.9077956351117638
-6.828856765011047	-3.0227231189025563
-6.72366444473568	-3.2499963392567675
-6.71696248478018	-3.2638251712738566
-6.710232082544948	-3.277640182962374
-6.696686065352359	-3.3052285114195503
-6.669253985629017	-3.360236754420231
-6.613036189865846	-3.469566561129755
-6.495240013060729	-3.6853760925202743
-6.487642628055031	-3.698733959239073
-6.48001777180071	-3.712076164053226
-6.464685774809018	-3.738713362049445
-6.433693554232091	-3.7917973338270046
-6.3704035945227915	-3.8971910157799847
-6.238662245427878	-4.1047817430477265
-6.230772360819486	-4.116748177655893
-6.222859523314718	-4.128699447002221
-6.2069651062976385	-4.15255631386122
-6.17490212572727	-4.200086131054217
-6.109686220946199	-4.294400313450679
-5.974948896522344	-4.479969358659897
-5.9663393921932215	-4.491428951653201
-5.957707909084926	-4.502871999137002
-5.940379133798166	-4.525708289021785
-5.905459242336355	-4.571180472010405
-5.8345773264945135	-4.6613138911407015
-5.68870387817079	-4.838262906981157
-5.678621134314004	-4.850092966480897
-5.668513789063108	-4.861902014005069
-5.648225469636898	-4.88545686857741
-5.607355547839397	-4.932312189095483
-5.524452523178483	-5.0249939392731635
-5.3540747582565595	-5.206152442407455
-5.343227009343743	-5.217285203743864
-5.332356112059101	-5.228395362323997
-5.310545060857636	-5.250547678784158
-5.26664725690215	-5.294578967392043
-5.177759525933973	-5.3815375184221415
-4.995702353167554	-5.550954671868732
-4.984907586089395	-5.560650692925562
-4.974094000310884	-5.570325721773944
-4.9524105360146935	-5.589612656826572
-4.908819583959949	-5.627933018677143
-4.820750824955742	-5.70355163510191
-4.64114072996759	-5.85063693072994
-4.6297643585664785	-5.859643483586068
-4.618370509178732	-5.868627915495522
-4.595530548562452	-5.886530280888262
-4.549642788477246	-5.922068073556917
-4.457045635693226	-5.992068421833408
-4.2686434437336676	-6.127709435087039
-4.256964220822453	-6.135828826916754
-4.245269554049259	-6.143925958542106
-4.221834058681378	-6.1600533237580875
-4.174779612131053	-6.192039644634071
-4.079946473933203	-6.254932177124318
-3.8874605716959247	-6.3763461381966025
-3.875308460620369	-6.383739038026956
-3.863142290293693	-6.391108778258241
-3.8387679484886705	-6.40577867306085
-3.7898524993221314	-6.43483937670296
-3.6913644933077974	-6.491838564546381
-3.491840347724638	-6.601302201580187
-3.478189339511523	-6.608505026788853
-3.4645234736785193	-6.6156796227534835
-3.4371474027194595	-6.629944004481788
-3.3822195421214873	-6.6581326766201245
-3.271674106364596	-6.713142953366074
-3.047930472413842	-6.8176432589213904
-3.033833279310924	-6.823928150554537
-3.019723126723278	-6.8301838927306875
-2.9914641842436094	-6.8426078219471895
-2.9347934411868493	-6.867104719468882
-2.8208540970180302	-6.914688853008625
-2.5906932754891265	-7.004173621700176
-2.5771819323394074	-7.009156372788986
-2.56366100580294	-7.014113059960653
-2.5365906037182895	-7.0239481689227485
-2.4823370135167777	-7.043304815348385
-2.373389998218086	-7.080759824125056
-2.1538275520906978	-7.150606033507938
-2.140034647665638	-7.154746080566085
-2.1262337854090325	-7.158859522324092
-2.0986083927074866	-7.167006528854487
-2.0432643733311946	-7.182980611922924
-1.9322149329486435	-7.213645765039715
-1.7087630881405327	-7.269819012822367
-1.6935621930365927	-7.273375204738322
-1.6783538971204592	-7.276899612239109
-1.6479153687227457	-7.283853012527952
-1.5869524285417587	-7.297377731769855
-1.4646979435445169	-7.32289558199225
-1.4493866280361862	-7.325941453018515
-1.4340689787550223	-7.328955309916801
-1.4034149466520882	-7.334886928787563
-1.3420338242464875	-7.346365426873583
-1.2189943763084188	-7.367780702566654
-1.2035897677536609	-7.370312845567943
-1.1881798995504254	-7.372812780539696
-1.1573446535836938	-7.377715982836855
-1.0956140103597827	-7.387135419828751
-1.080169211404761	-7.389409600591806
-1.0647196921451012	-7.391651489873125
-1.033806762787836	-7.396038354943765
-0.9719272323751104	-7.4044241656966685
-0.9564465624902245	-7.406439748197901
-0.940961712964694	-7.408422964796198
-0.9099797456828347	-7.412292265759098
-0.8479686340236594	-7.419642105000563
-0.7237728829950829	-7.432784981716216
-0.7092626864808547	-7.43418362782028
-0.6947497874496622	-7.435553947314469
-0.6657161030415351	-7.438209585695763
-0.6076187378316293	-7.443180720634226
-0.5930884700973675	-7.444352613708106
-0.5785559425069461	-7.445496141425032
-0.5494843292602513	-7.447698083467304
-0.4913164214806284	-7.451761398794825
-0.4767696258124293	-7.452706253065917
-0.4622210134999533	-7.453622710150026
-0.4331185606882608	-7.455370418897539
-0.4185648310786682	-7.4562016639016155
-0.40400950660362417	-7.457004498400081
-0.37489429490472864	-7.458524923752218
-0.36033451861911653	-7.459242508812585
-0.3457733693441092	-7.459931671780752
-0.3166471737613871	-7.4612247210450695
-0.3020822384337641	-7.46182860241429
-0.2875161520765058	-7.462404051837468
-0.2583807482829643	-7.46346964618346
-0.24381154186185877	-7.463959787046021
-0.22924140644105057	-7.4644214878420465
-0.2146703975373944	-7.4648547468123105
-0.2000985706710733	-7.465259562305958
-0.18552598136540024	-7.465635932780511
-0.17095268514659323	-7.465983856801882
-0.15637873754355072	-7.466303333044367
-0.14180419408765302	-7.46659436029066
-0.12722911031256423	-7.466856937431855
-0.11265354175400714	-7.467091063467447
-0.09807754394953846	-7.467296737505345
-0.08350117243835048	-7.467473958761863
-0.0689244827610727	-7.46762272656173
-0.054347530459546926	-7.467743040338097
-0.0397703710766024	-7.467834899632528
-0.02519306015585739	-7.4678983040950095
-0.010615653241520842	-7.4679332534839515
0.003961794121832524	-7.467939747666185
0.01853922638948714	-7.467917786616964
0.03311658801678496	-7.467867370419969
0.04769382345932382	-7.467788499267301
0.06227087717318237	-7.467681173459485
0.07684769361514497	-7.467545393405465
0.09142421724290006	-7.467381159622607
0.10600039251523853	-7.4671884727366935
0.12057616389227861	-7.466967333481924
0.13515147583569082	-7.466717742700911
0.1497262728088961	-7.466439701344671
0.1643004992772646	-7.466133210472632
0.17887409970833998	-7.465798271252624
0.20801920034097846	-7.465043052981988
0.22230495762809788	-7.464631288710723
0.2365899007461271	-7.464192185993745
0.26515713520957107	-7.46323197175544
0.27943932193041593	-7.4627108637508
0.29372048523343375	-7.462162424333806
0.3222795323767507	-7.460983559397257
0.33655731162247177	-7.460353138195175
0.35083385826159275	-7.459695394215666
0.3793830445791886	-7.458297947660107
0.4364643256601985	-7.455175293915706
0.4507307803112289	-7.454326363546553
0.46499558420705217	-7.453450132472416
0.493520030765789	-7.451615781145596
0.5505468165406717	-7.447619617930421
0.5647986026980788	-7.446552377374072
0.5790483203385905	-7.445457864584165
0.6075413413241763	-7.443187038437713
0.664500265346064	-7.438318302408156
0.6787340425490476	-7.437033001813973
0.6929653339582846	-7.435720463849971
0.7214202509222335	-7.43301369514038
0.7782979626503015	-7.427273527474233
0.7925103946591606	-7.4257704681024395
0.8067199241800649	-7.424240212608699
0.8351300676050581	-7.42109813577257
0.8919132355337437	-7.414487881901546
0.9061009911118545	-7.412767416052608
0.9202854281881067	-7.411019801704066
0.9486441390512339	-7.407443153209405
1.005319453835	-7.399964362503784
1.1184900363927588	-7.383706373433011
1.1338149446784658	-7.381368669956061
1.1491349672714184	-7.378999159613671
1.179760091339966	-7.374164759311163
1.240948807944565	-7.364114734755707
1.363065357445408	-7.342492260936838
1.378304185299435	-7.339646949504534
1.393537073938424	-7.336770010988778
1.4239847710385976	-7.33092130243091
1.4848060082635375	-7.318844914903556
1.6061371874304777	-7.293179217991153
1.6212731260905497	-7.289829437044581
1.6364020785643845	-7.286448243681917
1.6666387642166371	-7.279591678122859
1.7270254348995984	-7.265502248144652
1.8474374127735407	-7.2358216379668825
2.0866998740190597	-7.170482787536274
2.100587958505015	-7.166426585067963
2.11446815849246	-7.162343483616703
2.142204696605864	-7.15409664516946
2.197580868503906	-7.137280861572616
2.307933965635022	-7.102364435936341
2.5269505660394183	-7.027422045627985
2.5405606602587505	-7.0225131756466475
2.5541612185542806	-7.0175779468573385
2.5813335232126273	-7.007628487050653
2.6355614576953363	-6.987414083428574
2.7435392414010447	-6.945727622177371
2.9574918906687864	-6.8573596585867875
2.97188225316157	-6.8511353543721825
2.986259516145209	-6.84488085161585
3.0149744901537696	-6.832281360885774
3.0722444595817877	-6.806721218850831
3.1861303677664568	-6.75416264611547
3.4111739495157685	-6.643344944885079
3.425113992802491	-6.636168616520659
3.439038938818107	-6.628963037148267
3.4668432935884557	-6.6144642525518185
3.5222681397095297	-6.5851170773625824
3.6323687203414536	-6.525031589967218
3.849465107262838	-6.399356073742971
3.86264737255333	-6.391407907956744
3.875813226969607	-6.383432587584252
3.902095479503234	-6.367400618731758
3.9544605975721723	-6.33501232460003
4.058380850897787	-6.268946054932304
4.2628829209628245	-6.13171827245419
4.275512649228788	-6.122918532601081
4.28812421251784	-6.114092778867802
4.313292629916287	-6.096363379859749
4.363409132599211	-6.060594072542307
4.462748912165089	-5.987821967757096
4.657761461158142	-5.8374136346103755
4.668976862445506	-5.828447034033479
4.680175002278847	-5.8194588853800955
4.702519332046952	-5.801418076842061
4.7469990368243105	-5.765079350275607
4.835113440298838	-5.69138100903697
5.007889607492322	-5.53996222457839
5.018532430530346	-5.53032295750441
5.029156699788952	-5.520663244534396
5.050349419922689	-5.501282623831618
5.092510491197428	-5.462277608070582
5.175926452355683	-5.383300579606331
5.339064949664008	-5.2215443341845145
5.349939550225213	-5.210401767572361
5.360790896428505	-5.199236553125315
5.382423637194245	-5.176838374950276
5.425407997876145	-5.131772386531452
5.510241807348449	-5.040572883624879
5.675287740280159	-4.853993081537186
5.6853953161450885	-4.842150335309782
5.69547817954059	-4.830286541910548
5.715569593723875	-4.806496019959263
5.755453951300179	-4.758664685082181
5.834019111473506	-4.66201252438762
5.986259309787512	-4.464844817747588
5.994938433993432	-4.453184584453414
6.003594846045853	-4.441507480024865
6.020839402595181	-4.418102834785814
6.055054532639275	-4.37109304148856
6.122381630667007	-4.276281438242381
6.252566514936102	-4.083570955289617
6.2605030155603805	-4.0713930985283815
6.268415797925157	-4.059199817070781
6.284170088054117	-4.034767164904444
6.315392736199925	-3.9857188006855635
6.376687710337973	-3.886900257970328
6.4946248451326385	-3.6864600759496895
6.5016473604807095	-3.674060610624077
6.508646202936318	-3.6616477678209014
6.522572767323611	-3.636782130614032
6.5501407059138606	-3.586892318332879
6.604130230453237	-3.486488730771808
6.70748030611381	-3.283267840685639
6.713733080477325	-3.270462948068606
6.719961409731411	-3.2576461474975726
6.732344642289475	-3.231977009203707
6.756816774246083	-3.180497893389004
6.804578745770559	-3.0769868155701774
6.8953350498508374	-2.867837917470876
6.901257406578745	-2.8535567242876314
6.9071501850162385	-2.8392633009665182
6.918846906122759	-2.8106400090051853
6.941884306092701	-2.7532493623733005
6.986529450660042	-2.6379056096920994
7.070058946976351	-2.4050792620753247
7.075022904504892	-2.3904373389227955
7.0799565389966554	-2.3757851705286077
7.089732754419083	-2.3464503492514686
7.108920387152312	-2.287660529824159
7.145831898792219	-2.169614307841082
7.213765175786227	-1.931769075018814
7.217483515242363	-1.9178298876047077
7.221174919977606	-1.9038835430959455
7.22847687028259	-1.8759695910048118
7.242756954845469	-1.8200580934746888
7.270018909356705	-1.7079124181822343
7.2733046965863055	-1.6938649772637524
7.276563340777541	-1.6798112150588638
7.282999151502885	-1.6516849366006225
7.295544528208424	-1.5953588334645161
7.319327714987017	-1.4824242210676677
7.322177811132287	-1.4682819459310725
7.325000581851009	-1.4541341913549513
7.33056410497395	-1.425822455094816
7.341362789432799	-1.3691355537406107
7.361644488796666	-1.2555198887930097
7.364056171208244	-1.241296289318118
7.366440371908615	-1.227068057484999
7.371126292688206	-1.198597909152924
7.380167969097017	-1.141604361633031
7.396928806276664	-1.02741617928648
7.399127206366696	-1.0114624830359802
7.401291197564984	-0.9955040830816431
7.405515913192705	-0.9635734689346582
7.413552005683364	-0.8996590629862607
7.415474861830281	-0.8836698162483085
7.417363233062339	-0.867676460093361
7.421036485815569	-0.8356777170532029
7.427968796699487	-0.7716341917281266
7.429615536626203	-0.7556141531943837
7.431227725878286	-0.739590600753538
7.43434842252996	-0.70753325223019
7.440174888624888	-0.6433796680505073
7.441545022231546	-0.6273336055768424
7.442880549686705	-0.6112846257517699
7.4454477614605405	-0.57917821259727
7.450166648703821	-0.5149336628405772
7.451259768213652	-0.4988663520280585
7.4523182363945395	-0.48279672128808465
7.454331199241456	-0.45065079895700033
7.455285684546404	-0.4345746568572461
7.456205499800294	-0.4184964938120542
7.4579411032061165	-0.38633440397390983
7.4587568832868	-0.37025062674749903
7.459537977173968	-0.3541651277080382
7.460996091999481	-0.32198926341358935
7.46167310615701	-0.30589904778919963
7.462315420559424	-0.28980740961226736
7.463495938312212	-0.257620164937171
7.4640341361727085	-0.2415247081225285
7.464537623298357	-0.22542812812169738
7.465006397347744	-0.20933049979018614
7.46544045614088	-0.1932318979883851
7.46583979765922	-0.1771323975812116
7.466204420045669	-0.1610320734377552
7.466534321604584	-0.1449310004309494
7.4668295008017935	-0.1288292534372103
7.467089956264594	-0.11272690733607499
7.467315686781768	-0.09662403700986662
7.467506691303575	-0.08052071734335954
7.4676629689417675	-0.06441702322341762
7.467784518969595	-0.04831302953863291
7.4678713408218	-0.03220881117899048
7.467923434094625	-0.016104443035533537
7.4679407985458175	-1.829117959032213e-15