0.11809297932167657	0.
0.11809276005421293	0.00022756943560499988
0.11809210225263625	0.00045513802613735894
0.11809100591938924	0.0006827049265275746
0.11808947105854313	0.0009102692917124204
0.11808749767579757	0.0011378302766380844
0.11808508577848066	0.0013653870362633075
0.1180822353755489	0.0015929387255625203
0.11807894647758721	0.0018204844995289824
0.1180752190968088	0.0020480235131779202
0.11807105324705519	0.0022755549215496638
0.11806644894379614	0.0025030778797127855
0.11806140620412962	0.002730591542767237
0.11805592504678171	0.0029580950658474876
0.1180500054921065	0.0031855876041256602
0.11803685128033048	0.003640536347171363
0.11802961667207748	0.003867990862499647
0.11802194376419259	0.004095431014153634
0.11800528316512719	0.0045502648481250026
0.11799629553581531	0.004777656841429849
0.11798686973060867	0.005005031093041602
0.11796670373414783	0.005459722993863526
0.11795596361777953	0.005687038954588228
0.11794478547528786	0.005914333796655167
0.11792111527959975	0.006368856748685535
0.11786852051013327	0.007277612096163399
0.1178542774381194	0.007504735478930136
0.11783959671759091	0.007731830993074655
0.11780892255068083	0.008185935042352665
0.11774232494227128	0.00909377161900012
0.11772458229958545	0.00932064844622212
0.11770640249000422	0.009547490661480635
0.11766873164181954	0.010001067886750334
0.1175881470218914	0.010907769938350463
0.11756690902520661	0.011134346291036738
0.11754523444714164	0.011360881296644051
0.11750057587044385	0.011813823901853187
0.1174060233905405	0.012719175943817511
0.11719599733127468	0.014527559141087325
0.11716539165591075	0.014772364847476823
0.1171342746169437	0.015017106080478675
0.11707050699366764	0.015506390853952712
0.1169368415089349	0.0164841397404951
0.11664502300428113	0.01843611600637877
0.11660625305670516	0.01867976212764956
0.11656697418586379	0.01892332672185563
0.11648689036232951	0.01941020707732292
0.11632062332776798	0.02038294271466836
0.11596373309039056	0.022324076079663198
0.11591684218431056	0.022566290414854865
0.115869445363871	0.022808406260386632
0.11577313480956632	0.023292338256085766
0.11557445197837517	0.02425897390592162
0.11515288872533498	0.02618709573970643
0.11421339578282076	0.030020859228654186
0.11415461724311338	0.030243596465172825
0.11409540432505912	0.030466218619500718
0.11397567625682421	0.03091111429355999
0.11373101760471326	0.03179948741200613
0.11322094292545146	0.03357037158182191
0.11211820764457056	0.03708718484380945
0.11204564891601444	0.03730582158402576
0.11197266383410595	0.03752431636904569
0.11182541572273737	0.03796087674839578
0.11152581558806453	0.03883225749923579
0.11090626405523249	0.04056787347620006
0.10958629264642397	0.044009047127633365
0.1095019284526548	0.04421854170163916
0.10941716377148121	0.044427874552748874
0.10924643418844243	0.04484605202445639
0.10890018291214709	0.045680432646493595
0.10818858332443133	0.04734112591946362
0.10668958676169367	0.05062888347266776
0.10659256795555366	0.050832826221946445
0.10649515930257283	0.051036583057543806
0.10629917388254524	0.05144353600753299
0.10590254065112092	0.052255178199941216
0.10509070633388207	0.05386924175552957
0.10339343892894753	0.05705916711200688
0.10327484652281509	0.057273535256337355
0.10315580966259343	0.05748765691802657
0.10291640463094322	0.05791515710856614
0.10243228378710761	0.05876715922373127
0.10144291628862576	0.06045896542224982
0.09938064190110082	0.0637921608067566
0.09924809045385032	0.06399818986763826
0.09911511188207592	0.06420394350562512
0.09884787565593994	0.06461462097217446
0.0983083030128712	0.06543263194919971
0.09720888761318523	0.06705508134419834
0.09493004587715705	0.07024413252956285
0.09479387046151126	0.07042779201420525
0.0946573397236174	0.07061118750961222
0.09438321432948472	0.07097718378397722
0.09383072228100554	0.07170597828141487
0.09270888955886043	0.07315062242956617
0.0903987785411097	0.07598692389711098
0.09025149317657961	0.07616179977172109
0.09010386951630009	0.07633639016392836
0.08980760952314953	0.07668471188449122
0.08921105441985862	0.07737790081390782
0.08800192938838174	0.07875031548503286
0.08552064189088038	0.08143814570360579
0.08534958332339646	0.08161740250456721
0.08517814902284494	0.08179630000257929
0.08483415624299938	0.08215301394111052
0.0841416952038169	0.08286209563665349
0.08273904246615238	0.08426270003301677
0.07986420613810412	0.08699230048113651
0.07968150651144097	0.08715967694488731
0.0794984561041916	0.08732666970702509
0.07913130617283397	0.08765950118755604
0.07839283250306174	0.08832052749625557
0.07689937249990457	0.08962387111808356
0.07384788256081666	0.09215444648172849
0.07365789729589575	0.09230636993738409
0.07346759948750298	0.09245790172080365
0.07308606947149346	0.09275978770069476
0.07231929453480178	0.09335883141437945
0.07077106767947418	0.09453786407877648
0.06761738442873352	0.09681859887483808
0.06741780471277678	0.09695767825592681
0.06721793893116348	0.09709634622845655
0.06681735256444073	0.09737244559601632
0.0660127844388961	0.09791968165641558
0.06439025819833415	0.09899417363775402
0.061093194148496295	0.1010622253554911
0.060898895016988176	0.10117942651932647
0.06070437104758328	0.10129625413008747
0.06031465146862998	0.10152878696846339
0.05953254591116605	0.10198935112257965
0.05795783117180905	0.10289237858524804
0.05476769373325357	0.10462529086320606
0.05456656001433515	0.10473033129553201
0.054365224836415156	0.1048349850648912
0.053961953077618384	0.10504313107061711
0.05315302480787845	0.10545476622155582
0.05152579675001966	0.10625932445835327
0.04823520405591715	0.10779293508738857
0.048010507926156	0.10789320133234737
0.04778560337488261	0.10799299919517164
0.04733517291409024	0.10819118804349598
0.046431853953754675	0.10858192622848026
0.04461560377340026	0.10934075024895744
0.04094642504396727	0.11076706207708455
0.04071554800767212	0.11085213536736618
0.04048449421848569	0.11093672743029392
0.04002186039437198	0.11110446640726614
0.0390945158961936	0.11143415361509323
0.0372317451896194	0.11207028560329979
0.03347569209482737	0.11324897263923521
0.033255347939516365	0.1133138720479167
0.03303487796504896	0.11337834274191987
0.03259356389564522	0.11350599701183381
0.031709462660269166	0.11375615035182461
0.029935555271756696	0.11423578377917111
0.02971329836482294	0.11429379539306997
0.029490929039816073	0.11435137458482283
0.029045856501277008	0.11446523483214087
0.028154399453416405	0.11468775678548863
0.026366426484469404	0.11511195993253265
0.026142472077116133	0.11516302756860439
0.02591841876164767	0.11521365949385429
0.02547001879749305	0.11531361544728914
0.024572069294803975	0.11550829050609866
0.0227717623601483	0.11587665254089309
0.02254632734757272	0.11592072674119167
0.022320807032630324	0.11596436236396944
0.021869513908922618	0.11605031721825396
0.020965941596868928	0.11621695684376963
0.019155044256420367	0.11652912101532607
0.018932807325319805	0.11656543472167145
0.018710501553909763	0.11660132459226642
0.01826568672365298	0.11667183230575963
0.017375266561522558	0.11680775606519443
0.017152501554303392	0.1168406755179871
0.016929674180025	0.11687317013424478
0.01648383557134506	0.11693688438609433
0.015591445613242652	0.11705920975625637
0.01536820436769193	0.11708872729508502
0.01514490724284521	0.11711781909545424
0.014698148603126734	0.11717472505924789
0.013803996509677532	0.11728342357482041
0.012013335193201777	0.11748034534595865
0.011789297415546617	0.11750303924374772
0.011565216771618687	0.11752530589662552
0.011116930144155839	0.11756855714535196
0.010219878353677313	0.11764992924564795
0.009995520467603524	0.11766920300423409
0.00977112623748891	0.11768804891373205
0.009322232008885592	0.11772445691292205
0.008424043331488926	0.11779213581143322
0.00819941754544919	0.11780798494578078
0.007974761946057866	0.1178234057264245
0.0075253645747464515	0.11785296200387618
0.007300624436849966	0.11786709739321657
0.007075857753643166	0.1178808042139183
0.006626248020428372	0.11790693195161046
0.006401406605216141	0.11791935277359958
0.006176541914279149	0.11793134483694775
0.005726745975774233	0.1179540425148663
0.00550181636367912	0.11796474804690714
0.0052768667467989454	0.11797502465524835
0.004826910770449969	0.11799429095292722
0.004582778604282532	0.11800402495395682
0.004338626821656543	0.11801325384198307
0.004094456467657036	0.11802197757750203
0.00385026858744851	0.11803019612317196
0.0036060642262705387	0.11803790944381362
0.00336184442943324	0.11804511750641031
0.0028733627103468416	0.11805801773621612
0.002629102879030388	0.11806370984820612
0.002384831793910924	0.11806889659171328
0.002140550500584153	0.11807357794453584
0.0018962600446894473	0.11807775388663543
0.0016519614719054524	0.11808142440013701
0.001407655827945558	0.11808458946932907
0.0011633441585533688	0.11808724908066362
0.0009190275094983075	0.11808940322275625
0.0006747069265711122	0.11809105188638624
0.0004303834555793602	0.11809219506449652
0.00018605814234299062	0.11809283275219372
-0.00005826796731019777	0.11809296494674827
-0.0003025938275489448	0.11809259164759431
-0.0005469183925430578	0.11809171285632972
-0.0007912406164679411	0.11809032857671614
-0.0010355594535089933	0.11808843881467897
-0.0012798738578661101	0.11808604357830725
-0.0015241827837581625	0.11808314287785376
-0.0017684851854274709	0.11807973672573485
-0.0020127800171443086	0.11807582513653045
-0.0022570662332113	0.11807140812698401
-0.0025013427879679484	0.11806648571600245
-0.0027456086357951644	0.11806105792465599
-0.002989862731119663	0.11805512477617815
-0.0032341040284184653	0.11804868629596561
-0.003478331482223375	0.1180417425115781
-0.0037225440471254506	0.11803429345273832
-0.00396674067777951	0.11802633915133173
-0.004210920328908525	0.11801787964140653
-0.004455081955308147	0.1180089149591734
-0.004943346953492245	0.11798947023343791
-0.005187448235271743	0.11797899027316816
-0.005431527312320862	0.11796800530705537
-0.005919614673232242	0.1179445205475455
-0.006895476975160626	0.11789149317213249
-0.007139371371316254	0.11787697460272875
-0.007383235207587875	0.11786195146415727
-0.007870867025204453	0.1178303917388951
-0.00884571802163398	0.11776122043249922
-0.009089338718736269	0.11774266723123784
-0.009332920509172619	0.11772361003570778
-0.009819963199637719	0.11768398399029364
-0.010793535835895054	0.11759868770198578
-0.011020538394373194	0.11757763179520192
-0.011247499881714492	0.11755613770229423
-0.011701296259799581	0.11751183528015521
-0.012608358956194157	0.11741797583633304
-0.012835009271143049	0.11739341677487541
-0.01306161175281893	0.11736842021382307
-0.013514669838541438	0.11731711496719116
-0.014420174865133488	0.11720925868688405
-0.014646418878336348	0.11718120232831819
-0.014872608307538674	0.11715270926103444
-0.015324820042314126	0.11709441342669008
-0.016228551427698377	0.11697258603462814
-0.018033057329190316	0.11670801432820313
-0.018258326964748058	0.11667298428307336
-0.018483528555513624	0.11663751942324324
-0.018933724245816585	0.11656528578978094
-0.01983326217809962	0.11641560667043184
-0.021628736608757824	0.11609543280327142
-0.02520378249603034	0.11537209850289942
-0.025445152435659913	0.11531910501992271
-0.025686410953823832	0.11526560656753258
-0.0261685895004714	0.11515709569377715
-0.02713156308590249	0.11493402476893265
-0.02905174026218592	0.11446374165126884
-0.029291200969310923	0.11440269800509675
-0.029530533413555556	0.1143411534023547
-0.030008809321930365	0.11421656240734071
-0.03096377590987455	0.11396138094316427
-0.032867134195563585	0.11342708342737526
-0.03310441726084421	0.11335805804127844
-0.03334155536559846	0.11328853627297276
-0.03381539254056262	0.11314800480961912
-0.03476128171761273	0.11286099883670485
-0.03664568765562795	0.11226328581204137
-0.04038316529599681	0.1109736532954833
-0.04061105474865303	0.11089045945108099
-0.040838772814207676	0.11080679762586527
-0.041293690940669175	0.11063807144724833
-0.04220142831255726	0.11029501898748656
-0.0440082932578869	0.10958659539194453
-0.047585880099795794	0.10808115367721512
-0.04780781225318847	0.10798316930259926
-0.0480295426476654	0.10788472921653937
-0.04847239441773384	0.10768648357375951
-0.0493556357354855	0.1072845421587658
-0.0511120610391403	0.10645895444442956
-0.054583026825920075	0.10472175011711188
-0.054783559976766504	0.10461698390482282
-0.05498389204106828	0.10451183368923388
-0.05538394996945209	0.10430038279340666
-0.056181620482877566	0.10387289003868065
-0.057767016428416994	0.10299962901888983
-0.0608967286617632	0.1011807303954934
-0.06109046608947841	0.10106387444601667
-0.061283979280748455	0.10094664753515455
-0.06167033011356901	0.10071108255178948
-0.062440309744025486	0.10023552007217844
-0.06396922287648897	0.09926676326771218
-0.06698161218466034	0.09725952598184763
-0.0671835691988276	0.09712013073908146
-0.06738523611892176	0.09698031613820968
-0.067787696195011	0.0966994312787972
-0.06858909698820219	0.09613265594694097
-0.07017762778645718	0.09497922048182647
-0.07329607681905764	0.09259393548178375
-0.07348832527949425	0.09244142909261613
-0.0736802564223507	0.09228852354765775
-0.07406316344171435	0.09198151763303233
-0.07482513329691344	0.09136274509978926
-0.076333512494642	0.09010630741130315
-0.0792865775685734	0.08751908581865173
-0.07945617341357153	0.08736514334414143
-0.07962547036515225	0.08721087222473006
-0.07996316504178425	0.08690134637374904
-0.08063493972822149	0.08627837654995611
-0.08196388930299593	0.08501689605834924
-0.08456227568827326	0.08243284112227602
-0.08472199673964956	0.08226867589500113
-0.08488139908895344	0.0821042011944075
-0.0851992452840247	0.08177432584926962
-0.08583108694617562	0.081110888780163
-0.087079234664603	0.07976940927007631
-0.08951234258093985	0.07702916519567375
-0.08967403025269507	0.07684087495147787
-0.08983532185451158	0.07665224531849178
-0.0901567140005264	0.07627397122018245
-0.09079471422578625	0.07551338711597924
-0.09205142120196166	0.07397626389436664
-0.09448642758494756	0.07083972591212075
-0.09463509647761176	0.07064099574427758
-0.09478334738842814	0.07044195357111047
-0.09507859264720328	0.0700429367266758
-0.09566403869583064	0.06924119774724112
-0.09681460874074642	0.06762309738133944
-0.0990333324555339	0.06433001498384425
-0.09916585675289132	0.06412553796682702
-0.09929795886121136	0.0639207879415383
-0.09956089426289148	0.06351047235411869
-0.10008167417239988	0.06268660351238944
-0.10110274686412687	0.06102611196527447
-0.10306197984052057	0.057655702895915366
-0.1031807241437579	0.0574429275911288
-0.10329902916504856	0.05722990772863765
-0.10353431934897346	0.05680313795922466
-0.10399960629745382	0.055946703701331105
-0.10490889621923193	0.05422246083619183
-0.10664148323702675	0.05073012732170966
-0.10673893627947822	0.050524758752471255
-0.10683599382666753	0.05031920297598312
-0.10702892099823368	0.04990753284849678
-0.1074100136731449	0.04908197966468708
-0.10815307377101983	0.04742219310565751
-0.10956208422070707	0.044069280301414326
-0.10964671036332654	0.043858302196627605
-0.10973093023663169	0.04364716158553037
-0.10989814992858014	0.04322439597432506
-0.1102277004512255	0.042376949138710235
-0.1108671781801438	0.04067456905047891
-0.11206711780519196	0.0372412791389764
-0.11214459612338669	0.037007314485009817
-0.1122215859897122	0.03677318864367841
-0.11237409902755059	0.03630445747860976
-0.11267324906884163	0.035365105815488664
-0.11324797276616055	0.03347907450072195
-0.1133175968092308	0.03324265360121746
-0.1133867272913638	0.033006087911532714
-0.11352350637056285	0.0325325262837473
-0.11379112869343756	0.031583710924200495
-0.11430256544644894	0.029679543416807896
-0.11436425758924834	0.029440929861843428
-0.1144254516123227	0.029202188075312538
-0.11454634423533151	0.028724323967516917
-0.1147821404626621	0.027767102763515687
-0.1152297200609747	0.025846922055427334
-0.11602840290773578	0.02198548347774193
-0.11607102250575325	0.021759354299676535
-0.11611320139827423	0.02153314250437535
-0.11619623642791113	0.021080474497954495
-0.1163570110869276	0.020174184890263566
-0.11665734518299042	0.018357984092120635
-0.11669289521383314	0.018130636273536893
-0.11672800217801535	0.017903219615454005
-0.11679688637489603	0.017448183234926105
-0.1169293322164697	0.016537322409640325
-0.11717290609608377	0.014712642253119019
-0.11720135200804035	0.014484296757431752
-0.11722935292279682	0.014255896266888316
-0.11728401933713721	0.013798933770257583
-0.11738800763478363	0.012884387009319116
-0.11741289068697072	0.012655625847795716
-0.11743732793877484	0.01242681663462464
-0.11748486467178783	0.011969057528545546
-0.11757458456413497	0.011053000933728631
-0.11759589871011432	0.010823879694012896
-0.11761676636085473	0.010594717357534405
-0.11765716186138811	0.01013627287483177
-0.11773259154701922	0.009218929042609611
-0.11775033160757618	0.008989503399842417
-0.117767624586534	0.008760043625183666
-0.11780086903871397	0.00830102516522472
-0.11786199018865011	0.0073826170048619496
-0.11787587806140688	0.007157453200843598
-0.11788933578113357	0.006932263277824254
-0.11791496056662677	0.006481808361929895
-0.11792712753888324	0.0062565450128563935
-0.11793886417108985	0.006031258832378881
-0.11796104624560672	0.005580621265752281
-0.11797149160697004	0.005355271524071239
-0.11798150646639004	0.005129902239916326
-0.11800024453478608	0.0046791083339262915
-0.11800896767538313	0.004453685357129728
-0.11801726017727904	0.004228246127930358
-0.11803255314549499	0.00377732220307367
-0.11803955355600787	0.0035518391529293747
-0.11804612321620551	0.00332634314140237
-0.11805226210211393	0.0031008349913733673
-0.11805797019133106	0.002875315525767427
-0.11806324746302692	0.002649785567550901
-0.11806809389794365	0.002424245939728433
-0.11807250947839568	0.0021986974653399514
-0.11807649418826963	0.001973140967457616
-0.11808004801302448	0.0017475772691829712
-0.1180831709396916	0.0015220071936438355
-0.1180858629568748	0.0012964315639911953
-0.11808812405475037	0.0010708512033963582
-0.1180899542250671	0.0008452669350478949
-0.11809135346114634	0.0006196795821486371
-0.11809232175788197	0.0003940899679126721
-0.11809285911174047	0.00016849891556228722
-0.11809296552076096	-0.000057092751674877664
-0.1180926409845551	-0.00028268421056893865
-0.11809188550430723	-0.000508274637890877
-0.11809069908277421	-0.000733863210415386
-0.11808908172428555	-0.0009594491049239276
-0.11808703343474333	-0.0011850314982077362
-0.11808455422162215	-0.0014106095670708228
-0.11808164409396917	-0.001636182488333032
-0.11807830306240405	-0.0018617494388328873
-0.11807453113911888	-0.002087309595430702
-0.11807032833787819	-0.0023128621350116847
-0.11806569467401884	-0.00253840623448879
-0.11806063016445002	-0.00276394107080577
-0.11805513482765315	-0.002989465820940181
-0.11804285175416175	-0.0034404817707586106
-0.11803606406229068	-0.0036659713245937864
-0.11802884563283823	-0.003891447500554662
-0.11801311666812714	-0.004342356427671973
-0.11800460619026665	-0.004567787533370112
-0.11799566508962099	-0.004793201970283421
-0.117976491152057	-0.005243977547487096
-0.11796625838510826	-0.00546933704280579
-0.11795559513531326	-0.005694676579402254
-0.11793297734440478	-0.006145292487265466
-0.1178825777858105	-0.0070462486219454975
-0.1178677221456046	-0.0072905309324136375
-0.11785236029163905	-0.007534781931789989
-0.11782011820850476	-0.008023185801406851
-0.11774956252566908	-0.008999571661111306
-0.11773065914441079	-0.009243574118948536
-0.11771125013804573	-0.00948753687783911
-0.11767091558559478	-0.009975339107908014
-0.11758418279257048	-0.010950421091140921
-0.11756123686601558	-0.011194076630187628
-0.1175377860419822	-0.01143768409334452
-0.11748937010651081	-0.011924750607256165
-0.11738648404254683	-0.012898260704406276
-0.11715652061478812	-0.014842555120553148
-0.11712550962768628	-0.01508531602336196
-0.11709399561445054	-0.015328012138335775
-0.11702945905311792	-0.01581320583577312
-0.11689435571670657	-0.016782769933655125
-0.1166000614065636	-0.018718371859099536
-0.11656101945111069	-0.018959971244380248
-0.11652147689387461	-0.019201489201105645
-0.11644089065550553	-0.01968427668019674
-0.11627371857366388	-0.020648828880165174
-0.11591541691612234	-0.022573610394251754
-0.11587154421283742	-0.02279774126536213
-0.11582723813666775	-0.023021786870301604
-0.1157373265301337	-0.023469618930164544
-0.11555231024220183	-0.02436422300751388
-0.11516154466095424	-0.02614900373576351
-0.11511075878286277	-0.026371669979421367
-0.11505954237731143	-0.02659423759000442
-0.11495581875165974	-0.027039073582604253
-0.11474321370706507	-0.027927525369153782
-0.11429741751334048	-0.029699362196031396
-0.1142397670825024	-0.02992035063306466
-0.11418168938181346	-0.030141227164549866
-0.11406425304134939	-0.030582641206883157
-0.11382426278673932	-0.03146409010483604
-0.11332386278283134	-0.0332212866856169
-0.11224181254421284	-0.036711405337574804
-0.11216461783859555	-0.03694658671909684
-0.11208693035569978	-0.037181605781709315
-0.11193007842546614	-0.037651152820849076
-0.1116104764000528	-0.03858825368973295
-0.11094775904391163	-0.04045425228828308
-0.10952893480436039	-0.044151604791809136
-0.10943615118884126	-0.04438108356093855
-0.1093428867831247	-0.04461036734888766
-0.10915491724217877	-0.04506834595281966
-0.10877322684787602	-0.04598191912230759
-0.10798693542109673	-0.047799304842537346
-0.10632349501119188	-0.05139325027350366
-0.10621751473633571	-0.051611930096696026
-0.10611108469444967	-0.05183039137453295
-0.10589687711415831	-0.052266654594863696
-0.10546308470592847	-0.05313651785147469
-0.10457409439766796	-0.05486538568148009
-0.10271134510078976	-0.05827805206642035
-0.10259120517807487	-0.058489284362010056
-0.10247063084356117	-0.05870026899080226
-0.10222818098321247	-0.05912149167547692
-0.1017380909085246	-0.059960925804716465
-0.10073726616917003	-0.06162755041239041
-0.0986539973224881	-0.0649102501717906
-0.09852923200832135	-0.06509947929838084
-0.09840410373253103	-0.065288468611748
-0.09815276014120347	-0.06566572501490646
-0.09764573779011236	-0.06641732948933247
-0.09661445745427265	-0.06790875036316359
-0.0944838122742596	-0.07084321409416995
-0.09434766737914918	-0.07102442836928265
-0.09421117492644764	-0.07120538100486658
-0.09393714936079134	-0.07156649869204382
-0.09338494974759706	-0.07228556512685437
-0.09226407093406638	-0.07371087422994994
-0.08995732660103288	-0.07650902662996723
-0.08979788488960194	-0.07669609921256576
-0.089638054148316	-0.07688283952595339
-0.08931722834758957	-0.07725532011049126
-0.08867093896743666	-0.07799625854938848
-0.0873599664462174	-0.07946186524104314
-0.08466572737649739	-0.08232658363419772
-0.08449418839103873	-0.08250262961390738
-0.08432228335283953	-0.08267831816887285
-0.08397737809876732	-0.08302861996159279
-0.08328320783220713	-0.08372490106442242
-0.08187759720160068	-0.08510000494454958
-0.07899866785295694	-0.08777905355224629
-0.07882796668649997	-0.0879323798901291
-0.07865696793380716	-0.08808537427138492
-0.07831408025300889	-0.08839036485497283
-0.07762476233546252	-0.08899633721357801
-0.07623210237517003	-0.09019211901564086
-0.07339186946417395	-0.09251802668466066
-0.07321197119919455	-0.092660450237403
-0.07303179654912188	-0.09280252398441327
-0.0726706208154723	-0.09308561991716967
-0.0719449827247264	-0.0936475906033292
-0.07048071379920162	-0.09475452890192089
-0.06750144859619264	-0.09689946440762968
-0.06731676124167907	-0.0970278589942121
-0.0671318296683477	-0.09715590157293524
-0.06676123654977192	-0.09741092884997725
-0.0660171492660936	-0.09791673895636153
-0.06451752197520919	-0.09891127904970358
-0.061473679731970265	-0.1008312375471068
-0.06128151444294711	-0.10094814387916598
-0.06108912683040847	-0.1010646839809446
-0.060703687427444745	-0.1012966638038046
-0.059930171503475516	-0.10175621017232285
-0.05837274859782679	-0.10265755688796048
-0.055217608320989646	-0.10438854102045735
-0.055001740483506874	-0.10450244164063771
-0.054785637697643344	-0.10461589586259104
-0.05435273097423888	-0.10484146317517676
-0.05348413883073349	-0.10528721982560256
-0.05173604786280745	-0.10615711524248965
-0.04819791693083109	-0.10780961259831442
-0.04797499342641329	-0.10790899763599666
-0.04775186498944402	-0.10800792172382469
-0.047304997131231506	-0.10820438536161144
-0.04640884421994314	-0.10859176277802557
-0.04460708427328237	-0.10934422617452746
-0.04096747626477143	-0.11075927795704214
-0.04075381699640945	-0.11083807182233504
-0.04054000618283259	-0.11091645353042004
-0.04011193310086137	-0.11107197931063421
-0.03925400341466977	-0.11137807226286073
-0.03753118878987627	-0.11197036051155947
-0.0340591763422967	-0.11307486136164072
-0.0338410646538147	-0.11314032927372213
-0.033622827125551494	-0.11320537646753007
-0.033185977796256844	-0.11333420773436535
-0.03231080479849345	-0.11358681111090135
-0.03055474384132384	-0.11407172916135275
-0.027021227066063233	-0.114960015017893
-0.02678085036255079	-0.11501625023851454
-0.026540356627585505	-0.1150719828418304
-0.026059022267603246	-0.11518193922454374
-0.025094995445700242	-0.11539581001340653
-0.023161745469806917	-0.11579933208728715
-0.022919622652488245	-0.1158474974375255
-0.022677399677157557	-0.1158951565379347
-0.022192657486919162	-0.11598895515840386
-0.021222017813343097	-0.11617046838590296
-0.01927635496289171	-0.11650911511300105
-0.019032756872254756	-0.1165491567147166
-0.01878907560908395	-0.11658868900037454
-0.018301467825016203	-0.11666622493472491
-0.0173253010649403	-0.1168151775587364
-0.017081067430418453	-0.11685113991958926
-0.016836759152182485	-0.11688659164472771
-0.016347922935367427	-0.11695596257040176
-0.015369401773698872	-0.11708857012615943
-0.015124600900483927	-0.11712044318850152
-0.014879733933250625	-0.11715180443828256
-0.01438980599725602	-0.11721299095420808
-0.013409204098496037	-0.11732921635515516
-0.011445256250795675	-0.11753704894382687
-0.01121580178896573	-0.11755916619005327
-0.010986304591355123	-0.1175808354983749
-0.010527185486780983	-0.11762282997274312
-0.009608472934893418	-0.1177014401480685
-0.009378701080326127	-0.11771997167480044
-0.009148893489917601	-0.11773805465090746
-0.008689174604270003	-0.11777287467734852
-0.007769346539759666	-0.11783712920559061
-0.0075393133235917235	-0.11785207049381288
-0.007309251380236351	-0.11786656272807162
-0.0068490448185064435	-0.11789419981552961
-0.006618901953665635	-0.11790734456342274
-0.006388733868698173	-0.11792004004674049
-0.005928325546530779	-0.11794408302786658
-0.005698087063633348	-0.11795543043406345
-0.005467826869207579	-0.1179663283924625
-0.005007244855309012	-0.11798677580148088
-0.004776924790800537	-0.11799632517418908
-0.004546586524685679	-0.1180054249432774
-0.004085858898351338	-0.11802227553361566
-0.0038554712936510064	-0.11803002629065946
-0.0036250689983759045	-0.11803732731567139
-0.0033946528904321327	-0.11804417858083224
-0.003164223847778421	-0.11805058006003648
-0.002933782748422995	-0.11805653172889242
-0.0027033304704200192	-0.11806203356472236
-0.0024728678918660447	-0.1180670855465625
-0.0022423958908968688	-0.11807168765516321
-0.002011915345684402	-0.11807583987298897
-0.001781427134433111	-0.1180795421842185
-0.0015509321353764627	-0.11808279457474484
-0.0013204312267737876	-0.11808559703217532
-0.0010899252869071433	-0.11808794954583168
-0.0008594151940777583	-0.11808985210675013
-0.0006289018266024751	-0.11809130470768128
-0.000398386062810614	-0.11809230734309026
-0.00016786878104083547	-0.1180928600091567
0.00006264914036241574	-0.1180929627037748
0.00029316682305246763	-0.11809261542655321
0.0005236833886835578	-0.1180918181788152
0.0007541979589139703	-0.11809057096359853
0.0009847096554095923	-0.1180888737856555
0.0012152175998474707	-0.11808672665145288
0.001445720913918949	-0.11808412956917196
0.0016762187193328035	-0.1180810825487084
0.0019067101378188013	-0.11807758560167238
0.0021371942911312548	-0.11807363874138836
0.0023676703010521586	-0.11806924198289513
0.002598137289394328	-0.11806439534294574
0.0028285943780049514	-0.11805909884000747
0.00328947534361311	-0.11804715632760364
0.003515380674869993	-0.11804064496511649
0.003741273131405969	-0.1180337012908862
0.004193016111134181	-0.11801851711050135
0.00441886497986403	-0.1180102766599573
0.004644697664954567	-0.1180016040088909
0.005096311175923915	-0.11798296223382461
0.0053220903478146085	-0.1179729931780983
0.005547850028095813	-0.11796259205839658
0.0059993076066174635	-0.11794049378102126
0.006901952489349678	-0.11789111424066145
0.007127552581737373	-0.11787768982833223
0.00735312657019551	-0.11786383370106632
0.0078041929308553465	-0.11783482650629193
0.008705976061568739	-0.11777163387626632
0.008931344196290878	-0.11775475725386772
0.009156679620881864	-0.11773744936676035
0.009607249038721663	-0.11770154005355203
0.010507959049439951	-0.1176245491455131
0.010733042402702285	-0.11760422426873843
0.010958086447298761	-0.11758346867856662
0.011408053313838193	-0.1175406656636696
0.012307479088112534	-0.11744989452343328
0.012532224902870433	-0.11742612615620855
0.012756924819641285	-0.11740192772785271
0.01320618366763147	-0.1173522410438195
0.01410411439002382	-0.11724771094713557
0.014328469988347938	-0.11722050466050274
0.014552773110121701	-0.11719286906580643
0.015001218638265257	-0.11713631035864538
0.015897443843761273	-0.11701804580621054
0.017687047112766554	-0.1167609529316231
0.017929384877099525	-0.11672398606541316
0.018171645382382248	-0.11668651622688407
0.018655930440460777	-0.11661006828087625
0.01962352753846052	-0.11645114397041025
0.021554596295439106	-0.11610922075188763
0.021795572841879145	-0.11606422691580844
0.022036455469578043	-0.11601873295036123
0.022517934817237524	-0.11592624541766448
0.023479720844159727	-0.11573527756976375
0.025398370284340905	-0.1153294175480369
0.02563771981045741	-0.1152764463712792
0.025876958861736323	-0.11522297845975835
0.026355101416666967	-0.11511455335615531
0.027310015501371077	-0.11489175261255616
0.029214129312224876	-0.11442240346015518
0.0329976645129622	-0.11338917894472966
0.033217281314736655	-0.11332503689444613
0.033436773436369076	-0.11326046948178722
0.03387538034424908	-0.11313005954034672
0.034751061780307395	-0.11286414607930717
0.03649611123492084	-0.1123120012723405
0.03995949204636174	-0.11112691285402777
0.040174712897539704	-0.11104928729474219
0.0403897829540498	-0.11097124491504401
0.040819467454597164	-0.11081391086769302
0.041676991438554134	-0.11049425392164344
0.043384479288597295	-0.10983505233725344
0.04676778219195096	-0.10843766095741905
0.04699534167938325	-0.10833923400831277
0.047222694020012376	-0.10824032951983387
0.04767677325326979	-0.10804108967067219
0.04858240192626797	-0.10763689882259005
0.05038331687231325	-0.10680577299946856
0.05394200430207601	-0.10505337660896362
0.05416244274528418	-0.10493989499200838
0.05438264245042884	-0.10482595081934028
0.05482232176518543	-0.10459667681788178
0.05569877290258031	-0.10413260038151702
0.057439829231575604	-0.10318244900620145
0.06087284508201057	-0.10119510114966768
0.061081300535040677	-0.10106941421626014
0.06128949647757364	-0.10094329787853881
0.06170510629408224	-0.10068977913525258
0.06253317295557699	-0.10017761249489741
0.06417649775663527	-0.09913288506223614
0.06741035557405839	-0.09696285745814706
0.06761007357922003	-0.09682370430675737
0.06780950433568747	-0.09668413978941072
0.06820750071455174	-0.09640377903041121
0.06900000928882456	-0.09583814732773197
0.07057090156697138	-0.09468737834101634
0.07365469849800602	-0.09230892239777129
0.07383205129016673	-0.09216713062342843
0.07400913112133485	-0.09202499810233629
0.07436246928301062	-0.09173971292304786
0.07506584133672717	-0.09116507680838773
0.07645922308789015	-0.08999966094306232
0.07919138887362209	-0.08760522640423168
0.07935968729950121	-0.08745279753555811
0.07952769232842548	-0.08730004534927359
0.07986281971200233	-0.08699357328399691
0.080529526459222	-0.08637677427019022
0.08184861021227983	-0.0851278848050873
0.08442837238620507	-0.08256998063028849
0.08460033598552229	-0.08239377959656101
0.08477193185610649	-0.0822172204252465
0.08511401742920277	-0.08186303074117948
0.08579374311987129	-0.08115038759335332
0.08713524776995403	-0.07970822016039908
0.08974517284443058	-0.07675777300178276
0.08990500723249134	-0.076570499799829
0.0900644508342269	-0.0763828937720944
0.09038216290823692	-0.07600668650256273
0.09101286724047185	-0.07525031403082764
0.0922552436981909	-0.07372192194495028
0.09466266752176011	-0.0706040448043498
0.09479991333864977	-0.0704196577388333
0.09493680000086134	-0.07023500388457588
0.09520949378820198	-0.06986489860913174
0.09575054877963585	-0.0691215174418828
0.09681521410166487	-0.06762223069020071
0.09887387006328935	-0.06457483707898694
0.09899937253169294	-0.06438226466505363
0.09912449993553664	-0.06418944833537463
0.0993736276547587	-0.06380308685168226
0.09986736155561779	-0.06302746909871476
0.10083663893859017	-0.0614648193085958
0.10270161725005139	-0.05829519344932204
0.10281266657169937	-0.05809911666700709
0.10292334154619125	-0.057902828342283885
0.10314356684317416	-0.05750961992517071
0.10357950763190049	-0.056720696080028846
0.10443326156180005	-0.055132981459690596
0.10606756995779783	-0.051919383358410544
0.10616644711463835	-0.05171689542233397
0.10626493771300446	-0.0515142191819037
0.10646075780128096	-0.05110830474049129
0.10684774359175106	-0.05029424872111474
0.1076030191982075	-0.04865739434556808
0.10903817818382118	-0.045350054723486216
0.10913183033900974	-0.045124221565889924
0.10922501476306162	-0.04489819500914152
0.10940997882223477	-0.04444556557394753
0.10977427672866774	-0.043538028593033525
0.11048026493564855	-0.041714060277307445
0.11180114405712642	-0.03803230143690485
0.11187964073373181	-0.0378007639388548
0.11195765790228382	-0.03756906442946267
0.11211225237978019	-0.0371051833495322
0.11241567266345978	-0.03617552079364982
0.11299936641497856	-0.03430881745096076
0.11407361744236609	-0.03054769334471331
0.11413241675483385	-0.03032726843569749
0.11419079013979049	-0.030106730349213604
0.1143062582573929	-0.02966531793633984
0.11453207388401442	-0.02878117122176566
0.11496317604687446	-0.027007775145044464
0.11501513527015006	-0.02678563838811787
0.11506666527172255	-0.02656340167063119
0.11516843684214718	-0.026118631671783375
0.11536682096861997	-0.025227928663771035
0.11574291224467759	-0.023442056867749358
0.11578798174298074	-0.023218420466454823
0.11583261913541706	-0.022994697416999024
0.11592059693797827	-0.022546994713546962
0.11609136005125154	-0.021650586285840143
0.11641208116677672	-0.01985394478409066
0.1164502178859666	-0.019629022374556392
0.11648792002790948	-0.019404026712033232
0.1165620200188782	-0.018953818986910467
0.11670499899179493	-0.018052561463545214
0.11697004356724944	-0.016246866557761162
0.11700480758364651	-0.015994585564614906
0.11703902748103528	-0.0157422301902684
0.11710583428477447	-0.015237300992527228
0.11723291163178709	-0.01422660168148139
0.11726331838209779	-0.013973758516902227
0.11729317981122193	-0.013720850368774136
0.11735126615297695	-0.013214843826663245
0.11746088904206377	-0.012202102708874228
0.11748692947668421	-0.011948772623602775
0.11751242355023739	-0.011695386971774219
0.11756177214245267	-0.011188453682076384
0.11765390794784106	-0.010173972167785598
0.11767557431666262	-0.009920230557479068
0.11769669344714319	-0.009666442814144877
0.117737289602777	-0.009158733649459766
0.11781191090316956	-0.008142813666882388
0.11782919675788546	-0.007888736049675354
0.1178459346598547	-0.007634621746700129
0.11787776629675019	-0.007126287810541962
0.11789285988364659	-0.006872070541314509
0.11790740522173745	-0.006617821314218853
0.11793485088348592	-0.006109231716007592
0.11794775107951024	-0.005854893710036411
0.11796010277146304	-0.005600528476474866
0.11798316041594403	-0.005091721058301262
0.11799386626124495	-0.004837281239846571
0.1180040233880204	-0.00458281892610536
0.11802269129960802	-0.004073831546267257
0.11803120199760697	-0.0038193088471646292
0.11803916380345439	-0.0035647683867531046
0.11804657668012468	-0.003310211348747211
0.11805344059314503	-0.003055638916938674
0.11805975551059547	-0.0028010522751908073
0.11806552140310918	-0.0025464526074328994
0.1180707382438724	-0.002291841097655027
0.11807540600862476	-0.002037218929902336
0.1180795246756593	-0.0017825872882693261
0.11808309422582257	-0.0015279473568945547
0.11808611464251474	-0.0012733003199553393
0.11808858591168966	-0.0010186473616620416
0.11809050802185496	-0.0007639896662523498
0.11809188096407205	-0.0005093284179859814
0.11809270473195621	-0.00025466480113938626
0.11809297932167657	-2.892443782561316e-17