0.322718983267049	0.
0.3227183840631561	0.000621891134451388
0.32271658645370266	0.001243779959527697
0.3227135904453639	0.0018656641658624244
0.3227093960492655	0.0024875414441062186
0.32270400328098325	0.0031094094849354556
0.322697412160543	0.0037312659790608134
0.3226896227124207	0.00435310861723585
0.3226806349655422	0.004974935090265575
0.32267044895328334	0.00559674308901503
0.3226590647134695	0.006218530304417855
0.3226464822883758	0.006840294427484876
0.32263270172472663	0.007462033149312664
0.3226177230736958	0.008083744161092121
0.3226015463909061	0.008705425154117048
0.3225655991747852	0.009948687849644465
0.32254582877494303	0.010570264935326219
0.3225248606103194	0.01119180276862911
0.3224793313026341	0.012434751446000238
0.3224547703286442	0.013056157674413833
0.3224290119280159	0.01367751541915643
0.32237390323390225	0.014920076228239845
0.32234455314506155	0.01554127467836636
0.3223140060388708	0.01616241541641041
0.32224932123262684	0.017404514530119986
0.32210559270088107	0.019887918738067837
0.32206666989831206	0.02050859092013718
0.3220265511103046	0.021129186944136163
0.3219427261783345	0.022370141299951535
0.3217607313417456	0.024851034733847043
0.32171224507574625	0.025471033140428853
0.3216625641404549	0.026090936961051955
0.32155961900438673	0.02733045163680083
0.3213394011154017	0.02980824469358783
0.32128136290909926	0.030427421977379583
0.32122213163357344	0.031046486269803338
0.321100090759096	0.032284266685464254
0.3208417021541589	0.03475837049891461
0.3202677527399332	0.03970023571505457
0.3201841149784644	0.04036922932600236
0.3200990797864029	0.04103804674708493
0.31992481860113	0.04237514134433002
0.31955954380174206	0.04504708787635837
0.318762075809476	0.050381357529861476
0.31865612710587904	0.051047182280707065
0.3185487876405305	0.05171278423819453
0.31832993830456174	0.05304330815410916
0.31787557151110174	0.05570155471266748
0.3169002785241186	0.06100619339258851
0.31677213724407366	0.06166810542524913
0.3166426134248745	0.06232974830996303
0.3163794204362513	0.06365221508588383
0.3158364692663941	0.06629379188322226
0.31468444088007236	0.07156287325781517
0.31211703840673066	0.08203960322386537
0.31195641115622647	0.08264828915014052
0.3117945968568455	0.08325666058517495
0.3114674095788953	0.0844724507228869
0.3107988178310178	0.08690015532644155
0.3094049095493642	0.09173954495018828
0.3063914060311812	0.10135012812598566
0.30619312092362205	0.10194760840730903
0.30599367069751665	0.10254470076009584
0.3055912779298702	0.10373771259337995
0.30477254466220555	0.10611898124766267
0.30307946314368045	0.1108619915997196
0.2994723068720792	0.12026587037739789
0.29924176034006933	0.12083836737350595
0.29901011937476873	0.12141042242083018
0.2985435575370679	0.12255319830191819
0.2975973382064795	0.12483335473076143
0.29565271205884597	0.12937161981349307
0.2915563242005145	0.13835625023685172
0.29129119573432516	0.13891357546541275
0.29102500191288083	0.1394703926377408
0.29048942210238093	0.1405824946696516
0.28940552131581077	0.14280051257905785
0.2871869783766326	0.14721135014603132
0.2825487652127427	0.15592862930736054
0.28222468141919216	0.15651444456903443
0.2818993830422463	0.15709958625444798
0.2812451481432121	0.15826783882653017
0.27992216529191627	0.16059615044951417
0.27721846795934396	0.16521943948334908
0.2715827807459081	0.17432824029180663
0.27122055033616677	0.1748912668953618
0.27085715270045774	0.17545354083608222
0.27012686201183167	0.1765758210530499
0.2686523430711626	0.17881124327986822
0.265647911969392	0.18324499727747007
0.25942039961174135	0.19195988754477408
0.25904826579027623	0.1924617836142237
0.2586751609607521	0.1929629582662094
0.2579260438752969	0.19396313580615326
0.25641621938638587	0.1959547514007014
0.2533505272718681	0.19990260751672123
0.24703756368025787	0.20765351981567856
0.24663506910891	0.20813141244550531
0.2462316500587242	0.20860852492234314
0.2454220445739492	0.20956040226641184
0.24379180662498182	0.21145471662614984
0.24048756616088057	0.2152051873978273
0.23370681947308916	0.22255036439577172
0.2332393586020482	0.22304022901670228
0.23277087094521315	0.22352911175129916
0.23183082352833348	0.22450392295702218
0.2299384983130614	0.2264416683264194
0.22610539436415672	0.23026917466379865
0.21824917579658423	0.23772849939590654
0.21774990278223003	0.23818589798568515
0.21724967117105842	0.23864224801360054
0.21624634097111864	0.23955179435253776
0.214228274586078	0.24135821620319833
0.21014701677941328	0.24491993283444868
0.20180804746685468	0.2518353711028965
0.20128886460024253	0.25225054043324285
0.2007688276294148	0.25266463941997935
0.1997262002051624	0.25348961933879116
0.19763079343851836	0.2551266580461155
0.1933998713338514	0.25834866349367397
0.18478163290789837	0.26458134911744735
0.18423623077320547	0.264961418760166
0.18369004689163515	0.2653403641247723
0.18259534316138826	0.2660948755926967
0.18039665693180665	0.2675903367626453
0.17596269293423522	0.2705266583097679
0.16695263015114897	0.2761781335416175
0.1664216585512271	0.27649841541313874
0.16589007252479263	0.2768176764562496
0.16482506504508052	0.277453131346184
0.1626877634733694	0.2787117395750507
0.15838445651524233	0.28117949088667393
0.14966659778590635	0.2859151126962505
0.1491169489444349	0.28620216228816414
0.1485667495652047	0.2864881552255653
0.14746470732080752	0.28705696691720695
0.14525410589262824	0.2881818642493851
0.14080729298815095	0.2903805234554599
0.1318149148240426	0.29457150301895846
0.13120087572572298	0.29484550593441516
0.13058626706282037	0.29511822887703093
0.12935535171819634	0.29565983011356073
0.12688680381535047	0.2967276211923026
0.12192344007493733	0.29880130006613265
0.11189647965960002	0.3026990584734392
0.11126554966832658	0.30293154279130957
0.11063413665499974	0.30316271203352285
0.10936987252854191	0.30362110128251685
0.10683566875699319	0.30452205509973146
0.10174517589333382	0.30626044691300314
0.091480809266199	0.3094815078432299
0.09087866304057872	0.3096588619188458
0.09027617298223894	0.3098350444229941
0.08907017048659967	0.3101838920550291
0.08665413988575826	0.3108674994295436
0.08180648855103095	0.31217821927845624
0.08119911524703154	0.3123367507098983
0.08059143473216775	0.3124941004382781
0.07937516126745851	0.31280525240903934
0.07693902904550676	0.313413350019511
0.07205293994891615	0.3145725925849799
0.07144092779498148	0.3147121478378458
0.070828645349565	0.31485051240050954
0.06960327885140266	0.31512366736576886
0.06714940435185585	0.315655666282278
0.06222960956932172	0.31666230886192887
0.061613551286525625	0.3167827527798516
0.06099725989340201	0.31690199817359094
0.05976398710381774	0.3171368915884315
0.05729474685321888	0.3175922765810646
0.05234601110391857	0.3184453442624437
0.05173869238894396	0.3185445806646223
0.05113118555038395	0.3186426588282399
0.049915616338842984	0.3188353390175425
0.047482317669830014	0.31920678512465744
0.04687355585308034	0.31929674586911466
0.04626462360254147	0.3193855456401135
0.04504625665709871	0.31955966097444255
0.042607575021570934	0.3198939460379003
0.0419975117629317	0.3199746101906216
0.04138729579995987	0.32005411090514757
0.0401664146366268	0.3202096208675755
0.03772291751985059	0.32050666709868675
0.03282948183258092	0.32104480572580846
0.032217241848175586	0.3211068225507113
0.03160488472082031	0.3211676718206574
0.030379827943880573	0.32128586681492555
0.02792840667037243	0.3215082366935133
0.027315291908618023	0.3215609071215978
0.02670207782756479	0.3216124083436591
0.025475360626581123	0.3217119024249235
0.02302083252155412	0.32189685216064545
0.02240698565527391	0.32194016393541547
0.02179305731645767	0.3219823051251721
0.020564965150559677	0.3220630751409949
0.01995080578886139	0.3221017036733786
0.019336573885377767	0.322139161033385
0.018107901386779757	0.3222105616957404
0.017493465259158944	0.3222445047384741
0.016878965524723632	0.3222772760896012
0.01564978417299775	0.32233930324466553
0.015035107025050969	0.32236855882307
0.014420375208961063	0.32239664225880305
0.01319075651328285	0.3224492922980684
0.012523603521624217	0.3224758929218602
0.011856396923023026	0.3225011131964068
0.011189139573438889	0.3225249530137536
0.010521834329048576	0.32254741227185485
0.009854484046234022	0.3225684908745744
0.00918709158156994	0.3225881887316857
0.007852191533882119	0.3226234418777301
0.007184689664861547	0.32263899701576293
0.00651715704197325	0.322653171106388
0.005849596522572375	0.32266596408893355
0.005182010964133404	0.32267737590863954
0.004514403224238146	0.32268740651665795
0.003846776160563354	0.322696055870053
0.0031791326308683544	0.3227033239318015
0.0025114754929830264	0.3227092106707926
0.0018438076047954987	0.3227137160618283
0.0011761318242399172	0.32271684008562346
0.0005084510092842102	0.3227185827288057
-0.0001592319820822157	0.3227189439839157
-0.0008269142918604947	0.3227179238494072
-0.0014945930620546785	0.32271552232964673
-0.0021622654346841134	0.322711739434914
-0.0028299285517954585	0.32270657518140156
-0.003497579555474989	0.3227000295912149
-0.004165215587860836	0.3226921026923722
-0.004832833791155211	0.3226827945188044
-0.005500431307636712	0.32267210511035477
-0.006168005279672351	0.3226600345127791
-0.006835552849729914	0.3226465827777452
-0.007503071160390346	0.32263174996283295
-0.008170557354359762	0.32261553613153376
-0.008838008574481757	0.3225979413532505
-0.009505421963749627	0.3225789657032971
-0.0101727946653186	0.32255860926289837
-0.01084012382251814	0.3225368721191894
-0.011507406578863963	0.3225137543652155
-0.012174640078070394	0.3224892560999317
-0.013508947880989346	0.3224361184607992
-0.01417601647323379	0.32240747931440494
-0.014843024385427204	0.3223774601116081
-0.016176846749496435	0.32231328205669896
-0.018843637711126137	0.32216837131960935
-0.01951014093599166	0.322128695650629
-0.0201765606482322	0.322087641118572
-0.021509138124842613	0.32200139617406054
-0.024173165437996018	0.3218123680557121
-0.02483892071086031	0.32176166673306106
-0.025504569661403447	0.3217095881183905
-0.026835537198824987	0.3216012999105699
-0.0294960710689525	0.32136820619409934
-0.03011641306804403	0.3213106655945812
-0.03073664282984933	0.32125192754047116
-0.03197675639618568	0.3211308599485525
-0.03445553500623802	0.3208743652402787
-0.035074914410649714	0.3208072513831373
-0.03569416309852499	0.3207389419475187
-0.03693225909394413	0.32059873736360167
-0.03940678097664634	0.3203039927537221
-0.04002505005860592	0.32022732164623924
-0.04064316997595591	0.32014945712155035
-0.04187895310300058	0.3199901489857376
-0.044348628061774295	0.31965722477359443
-0.04927989758494039	0.31893421556009893
-0.04989550393313919	0.3188384870873903
-0.05051092433170512	0.31874157037335843
-0.051741198106490915	0.31854417367050164
-0.054199413392310526	0.31813513755768524
-0.059106002133421584	0.31726018135391937
-0.06887572071026384	0.31528348713112075
-0.06953532521813476	0.3151386690136996
-0.07019462523862363	0.31499247093942906
-0.07151230027079825	0.31469593748711955
-0.07414386954941585	0.3140863396729585
-0.07939124013471394	0.31280117191402923
-0.0800456271810877	0.31263435468627593
-0.08069966371664716	0.3124661684677846
-0.08200667380106047	0.31212569201045326
-0.0846163619305798	0.31142834401279373
-0.0898177706364886	0.30996824069379914
-0.09046620672484629	0.3097796113396349
-0.09111424667184186	0.30958962549533314
-0.09240912679271705	0.30920558766996015
-0.09499400859732814	0.3084212711398625
-0.10014362521189547	0.30678786887740084
-0.110357229703977	0.30326362131482487
-0.11097999536609288	0.30303627305895225
-0.11160229266953507	0.3028076459269503
-0.11284547169748986	0.3023465588993678
-0.11532609402924818	0.30140908114533455
-0.1202638102373329	0.29947313420091065
-0.13004047261643578	0.29535913333196906
-0.13064695844911223	0.2950913662053056
-0.13125289292443854	0.29482235373167304
-0.13246309757669988	0.2942805972899055
-0.13487677823478406	0.293182190546975
-0.13967665534378634	0.29092606296598966
-0.1491619486787363	0.2861787120442048
-0.1497099563158052	0.2858924118280119
-0.15025741443294824	0.2856050622255199
-0.15135067407156122	0.2850272190844269
-0.15353051082860983	0.28385898683258903
-0.15786300688857055	0.28147257986705737
-0.16641573843675783	0.2765019785850844
-0.16694517503876546	0.27618264009925353
-0.16747399885787942	0.2758622878674591
-0.16852980038535717	0.27521854687318864
-0.17063396478957965	0.2739189519202831
-0.1748121072536481	0.271271578530551
-0.18304422418660743	0.26578629414031274
-0.18359612289091717	0.2654053613255412
-0.1841472288396807	0.2650232825085074
-0.18524705295545066	0.26425569347175537
-0.18743708364697537	0.2627068362925385
-0.19177814648615418	0.2595547816767263
-0.20030009848492308	0.2530363861341842
-0.20082546610663207	0.2526196237903378
-0.20134996657766513	0.2522017706521725
-0.202396357012428	0.25136279921463245
-0.20447863267659067	0.24967184650983332
-0.20860066096199928	0.246238312224428
-0.21667065939589977	0.23916807378465849
-0.21713412300718718	0.23874738697380032
-0.21759676981649087	0.23832580205749218
-0.21851960607079962	0.23747994425546848
-0.22035540058658565	0.23577752139091465
-0.22398709197118655	0.2323302063684554
-0.23108784103525662	0.22526862162001576
-0.231524319271326	0.22481999854743118
-0.2319599265732436	0.22437052976060226
-0.23282852182334132	0.22346906181052384
-0.23455518923376953	0.2216560519463171
-0.23796606907583678	0.21799011933918463
-0.2446151528524462	0.2105017082018392
-0.24505700537691788	0.20998715740876894
-0.245497775539943	0.20947167914984985
-0.24637606099931303	0.2084379493455562
-0.24811955824362564	0.20635946059705118
-0.25155382842586244	0.20215888198446694
-0.2582081002435414	0.1935874973481994
-0.258614375656014	0.1930444168189485
-0.2590195088271973	0.1925004836561075
-0.2598263412932222	0.1914100690431302
-0.2614262209359915	0.1892191141720202
-0.264570445065195	0.1847972449981939
-0.2706336696997121	0.1757980630888321
-0.2709958259154924	0.17523927783832596
-0.2713568283927722	0.174679746523555
-0.2720753659890165	0.17355845523298652
-0.2734985290243453	0.17130702490685318
-0.27628886882954484	0.166769311091125
-0.2816429692829068	0.1575588144612211
-0.2819674681737775	0.15697735203712548
-0.2822907666154428	0.15639522129714667
-0.2829337566506262	0.15522896478583523
-0.28420527111154936	0.15288854121002196
-0.28669013617919986	0.14817661076725203
-0.2914248691329801	0.13863292470312838
-0.2916911842598985	0.1380717030603151
-0.29195641859581956	0.13750996982626548
-0.29248364096763235	0.13638497691181012
-0.2935250732465392	0.13412894369423647
-0.2955556732082805	0.12959315643705094
-0.2994061512159282	0.12043047278402012
-0.29963741358953283	0.11985392166422056
-0.2998675657293131	0.11927692645475872
-0.3003245359004258	0.11812161232014948
-0.301225116190754	0.1158057491525556
-0.302972651088119	0.11115356428632761
-0.3062517901021544	0.10177122982524987
-0.30646351923471304	0.10113186213648274
-0.3066739135487963	0.1004920539624066
-0.30709069406181994	0.09921112730710994
-0.3079081973352937	0.09664411091550122
-0.309478775436749	0.09149005254719307
-0.30966904077275487	0.09084397254523681
-0.30985795732846266	0.09019749686743234
-0.3102317408135171	0.08890336974902925
-0.31096308660929417	0.08631049140943686
-0.3123607171025316	0.08110687130021761
-0.31252930651160693	0.08045479931173714
-0.31269653468234165	0.07980237689801567
-0.31302690440123593	0.07849649216300915
-0.3136712773282247	0.07588064272393724
-0.31489440196889507	0.07063326248708746
-0.3170770051832443	0.060080903329949545
-0.31719347403192993	0.05946294806409503
-0.3173087385411995	0.05884476702571376
-0.3175356527954921	0.05760773702080774
-0.3179750102813556	0.05513107107148975
-0.31879574928445764	0.05016784228047979
-0.3188928987498583	0.04954655677068268
-0.31898883742336415	0.048925083139514595
-0.31917708094222697	0.0476815809523653
-0.3195390227577025	0.04519242299291279
-0.32020465008991966	0.040206022207002326
-0.3202823857507308	0.03958201029177174
-0.3203589053439586	0.03895784808916447
-0.3205082951701458	0.03770908230180853
-0.32079246953750346	0.03520985158940274
-0.32086046878139185	0.03458470376197157
-0.3209272497627962	0.03395942462123988
-0.32105715592854717	0.032708481896755986
-0.32130233826371574	0.030205125180781205
-0.32136058456725697	0.0295789933484685
-0.32141761070944425	0.028952749208840247
-0.32152800164830936	0.027699933519101563
-0.3217341323733943	0.02519305910081264
-0.32178261158307236	0.0245660954100454
-0.3218298690290186	0.02393903844523762
-0.3219207179166359	0.02268465421723663
-0.32208774694305903	0.02017487125267025
-0.322125699073673	0.019559554115963836
-0.3221624757021588	0.01894416560247032
-0.32223250192021424	0.01771318342808471
-0.32226575125424406	0.0170975942592967
-0.32229782457506684	0.016481942697913202
-0.3223584427132149	0.015250461384129638
-0.3223869873093322	0.01463463612565511
-0.3224143554498275	0.014018757462419913
-0.3224655619687577	0.012786848911719287
-0.3224894001603297	0.012170823519738468
-0.32251206152255424	0.011554753713949654
-0.3225538534324725	0.010322489853757362
-0.3225729838276589	0.00970630029613509
-0.3225909370884842	0.009090075318250972
-0.32260771314943326	0.008473817168835019
-0.3226233119492868	0.007857528096738432
-0.3226377334311217	0.00724121035092526
-0.32265097754231087	0.006624866180464186
-0.322663044234524	0.0060084978345203224
-0.3226739334637273	0.005392107562346858
-0.3226836451901838	0.004775697613277285
-0.3226921793784532	0.004159270236716896
-0.3226995359973927	0.003542827682134296
-0.3227057150201565	0.002926372199053622
-0.322710716424196	0.002309906037046188
-0.3227145401912602	0.0016934314457222788
-0.32271718630739527	0.0010769506747229376
-0.32271865476294503	0.0004604659737116171
-0.3227189455525508	-0.000156020407633603
-0.3227180586751514	-0.0007725062196285108
-0.32271599413398333	-0.0013889892125912586
-0.3227127519365804	-0.0020054671368501427
-0.32270833209477406	-0.0026219377427519563
-0.3227027346246933	-0.0032383987806701986
-0.3226959595467643	-0.0038548480010132846
-0.32268800688571075	-0.004471283154232897
-0.3226788766705536	-0.005087701990831766
-0.32266856893461077	-0.005704102261372164
-0.32265708371549734	-0.006320481716484401
-0.32264442105512514	-0.006936838106874604
-0.3226305809997028	-0.0075531691833330685
-0.3226155635997356	-0.008169472696742465
-0.32258199698966866	-0.009401988038456002
-0.3225634479020603	-0.010018195369061228
-0.3225437217148894	-0.010634366141235824
-0.32250073833409426	-0.01186658901630579
-0.32247748129732523	-0.012482636622569513
-0.32245304747470316	-0.013098638677155874
-0.32240064983284994	-0.014330497139804423
-0.3223726862048284	-0.01494634905256478
-0.3223435461733724	-0.015562146423060374
-0.32228173732980137	-0.016793568548786025
-0.3221440077678911	-0.019255659431937962
-0.3221034109675515	-0.019923222730935306
-0.3220614308098712	-0.020590700464442096
-0.32197332114960797	-0.02192538776873229
-0.32178050987192464	-0.024593609484621436
-0.32172885159371856	-0.025260408015407913
-0.3216758115668149	-0.025927098058765457
-0.3215655871840254	-0.027260141230573555
-0.32132856785449804	-0.0299247997736846
-0.3212658622971444	-0.03059065026098876
-0.32120177697952185	-0.03125636936874461
-0.3210694681703191	-0.032587402009769194
-0.32078830593573476	-0.035247764975942765
-0.32015987261123763	-0.04056104202894659
-0.32007512723276466	-0.041224447696086616
-0.31998900720794593	-0.04188767631405439
-0.3198126447046333	-0.043213591009610045
-0.3194434406112732	-0.04586317053311758
-0.3186392068532958	-0.05115269315315113
-0.3185325148192656	-0.05181292467939076
-0.3184244547640421	-0.05247293368147417
-0.31820423245225715	-0.05379227277581558
-0.3177473923878227	-0.05642815601857725
-0.31676824233767675	-0.06168810912336961
-0.31664834906139044	-0.0623006035092253
-0.31652727148390736	-0.06291286488366796
-0.3162815652411549	-0.06413667943948236
-0.31577596136298886	-0.06658141171676973
-0.314708095417017	-0.07145877720694345
-0.3145693101392118	-0.07206726912724143
-0.3144293483360542	-0.07267549150767515
-0.3141458972519731	-0.07389111855067969
-0.313564900106985	-0.07631903813475634
-0.312346649071153	-0.08116103113526742
-0.3121891046639254	-0.08176493802391392
-0.3120303926335873	-0.08236853910230059
-0.3117094680823493	-0.08357481479929665
-0.3110536339133188	-0.08598359721619518
-0.3096861641330186	-0.09078558203533711
-0.30672918773309527	-0.10032321542650753
-0.30651823364375397	-0.10096590813156149
-0.3063059329156606	-0.10160815725907377
-0.3058772952799669	-0.1028913134969605
-0.3050039017786434	-0.10545217902310748
-0.3031928587124444	-0.1105514929193342
-0.2993155620378014	-0.12065544530982814
-0.29906200730291227	-0.12128255418183899
-0.298807138687007	-0.1219091302183788
-0.298293464296813	-0.1231606727763526
-0.29725039859824465	-0.12565724290347347
-0.29510165807819555	-0.1306237097942698
-0.29055588574783925	-0.14044507616220098
-0.29026626779811526	-0.1410426741786709
-0.28997542074603966	-0.14163967496459154
-0.2893900442662794	-0.14283187473557407
-0.28820459661530967	-0.1452089964524392
-0.2857752053842305	-0.1499335657833786
-0.28068477102798933	-0.15925954123343147
-0.2803564582533347	-0.159836786993996
-0.2800269583383874	-0.16041335594229333
-0.2793644026735681	-0.16156445363927785
-0.27802510738674396	-0.16385842005678972
-0.27529010024094885	-0.1684128940142238
-0.2695970403492022	-0.17738370273468904
-0.2692560875206245	-0.1779008192617551
-0.268914142807459	-0.1784172804384357
-0.2682272827696326	-0.17944822913291014
-0.2668417157479718	-0.18150217876818037
-0.2640234809692646	-0.1855778641373756
-0.25820095324453274	-0.19359702968933298
-0.25782890282816245	-0.19409224360428168
-0.2574559026226254	-0.19458674252293517
-0.2567070583437721	-0.19557358808746397
-0.25519803300836164	-0.19753861928640948
-0.2521349476907927	-0.20143363749354046
-0.24583118441807672	-0.20908029780092485
-0.24539546954917504	-0.20959152102520218
-0.24495869155763908	-0.21010183623968473
-0.24408195378024553	-0.2111197337998889
-0.24231580432024158	-0.21314453579097978
-0.23873323978872532	-0.21714967736770144
-0.23137054898142512	-0.224978246114934
-0.23090177524656078	-0.22545933635337567
-0.23043200117984838	-0.2259394498381551
-0.2294894601959813	-0.2268967382310177
-0.22759246408388983	-0.22879950273796743
-0.22375127694317884	-0.23255732245451816
-0.2158838731599174	-0.2398785014760401
-0.21541738897772536	-0.24029750453747376
-0.21495009156575445	-0.24071560044332738
-0.21401306411198345	-0.2415490644782503
-0.21212932827284975	-0.24320503746309907
-0.20832353211965007	-0.2464728141724985
-0.2005618761554837	-0.25282894611557094
-0.20007025857161775	-0.253218154554534
-0.19957788569546595	-0.25360640706071563
-0.19859088150424622	-0.25438003841552564
-0.19660789159061653	-0.2559157656831838
-0.19260640579874988	-0.25894075501203967
-0.18446480887469402	-0.2648023346719973
-0.1839601038904244	-0.26515320540687815
-0.18345473151636557	-0.26550311419110717
-0.18244199193506694	-0.2662000408333606
-0.18040858492789416	-0.2675822950892541
-0.17631047344511525	-0.2703001278476893
-0.16799240339890503	-0.2755469008375478
-0.16746726306415366	-0.275866377006549
-0.16694151517407357	-0.27618485235852896
-0.1658882043595781	-0.27681879599346704
-0.16377437613745957	-0.27807462286534484
-0.15951832349559422	-0.28053778110991184
-0.15089610337671455	-0.285268133773546
-0.1503061898235749	-0.2855793960733815
-0.14971563421446382	-0.2858894384769727
-0.1485326069216558	-0.28650585830306285
-0.14615895884337116	-0.2877240012768132
-0.14138185741813977	-0.29010121087978014
-0.1317130183085525	-0.2946170785425868
-0.1311038233580544	-0.2948886733359183
-0.1304940683774425	-0.29515900846699766
-0.12927288874690546	-0.2956958951286745
-0.1268239238885034	-0.29675450205589293
-0.12190015838256424	-0.2988107989133318
-0.1119540074534915	-0.3026777863934211
-0.11137012937498576	-0.30289311059170165
-0.11078583716078841	-0.30310730846599715
-0.10961601901773486	-0.3035323220608004
-0.10727150880525055	-0.3043687985972986
-0.10256348139105093	-0.3059873762851425
-0.09307532779030808	-0.30900570466844873
-0.09247928234586351	-0.3091846123236276
-0.09188289301233699	-0.30936237025954094
-0.09068909155012776	-0.3097144343338399
-0.08829745962041206	-0.310404737053898
-0.08349857818048285	-0.31172989847423305
-0.07384234842305602	-0.31415736461252325
-0.0731854581844982	-0.3143110415993096
-0.07252824812784714	-0.3144633450569769
-0.07121288004959883	-0.31476382872871417
-0.06857843253549843	-0.31534828484057426
-0.06329533721344806	-0.316451011134352
-0.06263367527656022	-0.316582635155923
-0.061971739632530866	-0.31671287572158424
-0.060647058794779635	-0.3169692042146372
-0.057994539988205404	-0.31746523509271735
-0.052677523341790045	-0.3183906730661139
-0.052011829846819325	-0.31850009688680375
-0.0513459090618292	-0.3186081288723378
-0.05001339726297955	-0.318820015455638
-0.04734577429233137	-0.31922706623589653
-0.04667834401268867	-0.3193253424975082
-0.04601070975018715	-0.31942222331766756
-0.04467484094764853	-0.3196117969462644
-0.042000783978192395	-0.31997418068671585
-0.041331803575118495	-0.320061281904178
-0.040662642553395405	-0.3201469844641562
-0.039323790351626274	-0.32031419211970485
-0.03664404724094102	-0.3206318074719374
-0.03127706220728431	-0.32119976267207845
-0.030650019761127176	-0.32126020365049945
-0.030022860528622845	-0.3213194205251166
-0.02876820126371388	-0.32143418106506394
-0.026257586472192486	-0.3216490032839729
-0.025629676669973372	-0.32169964537548135
-0.025001669210514884	-0.321749061688773
-0.023745370891876214	-0.3218442162322093
-0.021231707679512952	-0.3220198080086527
-0.0206030836405076	-0.32206063886389485
-0.01997438109718495	-0.3221002425654198
-0.018716750080105184	-0.3221757679083837
-0.018087826398323206	-0.3222116892620471
-0.01745883379615597	-0.3222463828864431
-0.01620065141756747	-0.3223120864233365
-0.015571466435222222	-0.3223430960854825
-0.014942222120625466	-0.3223728775176593
-0.013683565085379072	-0.3224287552428785
-0.01305415716061404	-0.32245485132300905
-0.012424699495348435	-0.32247971874734715
-0.01116564453723233	-0.32252576725431725
-0.010536052041782651	-0.32254694816148965
-0.009906419400615752	-0.32256690006195143
-0.009276749012832456	-0.32258562287967946
-0.008647043277677418	-0.32260311654333385
-0.008017304594530539	-0.32261938098625814
-0.007387535362897271	-0.32263441614647964
-0.006757737982398893	-0.32264822196670956
-0.006127914852763934	-0.3226607983943434
-0.005498068373819614	-0.32267214538146094
-0.004868200945482119	-0.3226822628848265
-0.004238314967746885	-0.3226911508658892
-0.0036084128406800296	-0.32269880929078293
-0.002978496964409775	-0.3227052381303267
-0.0023485697391167335	-0.3227104373600246
-0.001718633565024188	-0.32271440696006587
-0.0010886908423895186	-0.32271714691532516
-0.00045874397149563064	-0.32271865721536225
0.00017120464735876406	-0.32271893785442246
0.0008011526138688667	-0.32271798883143643
0.0014310975277323649	-0.3227158101500204
0.002061036988658003	-0.3227124018184756
0.002690968596375304	-0.322707763849789
0.0033208899506442873	-0.3227018962616327
0.003950798651264041	-0.32269479907636417
0.004580692298081294	-0.3226864723210258
0.005210568491000135	-0.3226769160273453
0.005840424829991733	-0.3226661302317352
0.006470258915102902	-0.32265411497529267
0.007100068346464683	-0.32264087030379984
0.0077298507243020505	-0.32262639626772305
0.008989324720830307	-0.32259376032710446
0.009606668268571974	-0.32257596637954206
0.010223976632877125	-0.3225569910306212
0.011458478768002411	-0.3225154964110114
0.012075668017584933	-0.32249297729229226
0.01269281304127313	-0.32246927707615364
0.013926961370215648	-0.3224183337031416
0.01454396015552842	-0.32239109073284306
0.015160905675080327	-0.3223626670382741
0.01639462787910612	-0.3223022778970442
0.01886133369413229	-0.32216733579336754
0.019477843099335732	-0.32213065018578335
0.020094281168938577	-0.32209278480776543
0.02132693427104717	-0.32201351529946115
0.023791285130368604	-0.3218408254289119
0.024407160652487554	-0.32179470578274205
0.02502294678588646	-0.3217474075965004
0.026254241865845507	-0.3216492763010163
0.02871566015291978	-0.3214388791401872
0.029330757437554256	-0.3213833362653658
0.02994574730130095	-0.32132661635707127
0.031175395757183467	-0.32120964627529613
0.033633304542830596	-0.3209615911389509
0.034247479417990855	-0.3208966380541126
0.03486152886527387	-0.3208305097182834
0.036089242481103574	-0.3206947282667084
0.03854306565873185	-0.32040907329622326
0.0391561741686307	-0.3203347252256516
0.039769139273061485	-0.3202592039620371
0.04099463028636662	-0.32010464296633057
0.04344379270700585	-0.31978145511606604
0.04833433701152033	-0.31907888370522836
0.04899658634557868	-0.3189778623782505
0.04965862454970967	-0.3188754665519893
0.05098205615802577	-0.31866655317246234
0.05362626035604203	-0.31823225223277396
0.05890339494482536	-0.3172978604165048
0.05956192440614499	-0.3171749033608342
0.0602201972107114	-0.3170505795749645
0.06153596150451839	-0.3167978339613961
0.06416428547865845	-0.3162759659378674
0.06940748113802571	-0.3151668506093121
0.07006156435412753	-0.3150220934492854
0.07071534566974833	-0.31487597883567725
0.07202199133209214	-0.3145796797720379
0.07463153598320696	-0.3139708202965765
0.07983500935303066	-0.3126882048343355
0.09017447779688349	-0.30986465709237837
0.09077463634469993	-0.30968937269045144
0.0913744541724422	-0.309512925878074
0.09257305866339484	-0.3091565476754803
0.09496608002955743	-0.308429871777585
0.09973486974913559	-0.3069209962140759
0.10919943521742044	-0.30368244188479887
0.10978758071657689	-0.3034703103786579
0.1103753141311016	-0.3032570398051437
0.11154953588364572	-0.3028270846622889
0.1138929374119947	-0.3019535410764135
0.11855908053135646	-0.3001521057471981
0.1278048128291302	-0.29633337979145863
0.12842667677767938	-0.2960644032178798
0.1290479746451111	-0.2957941216469871
0.1302888611848634	-0.2952496482844124
0.1327637209626945	-0.2941450943957041
0.1376851772903823	-0.2918738325294576
0.14741019223788357	-0.28708496544630835
0.14801259612906945	-0.28677484817893434
0.1486143476080157	-0.28646346686089263
0.1498158827224385	-0.28583691756841767
0.15221100749249675	-0.2845687111385174
0.15696888498471856	-0.28197218179737527
0.16635047050449955	-0.27654125031150323
0.16692012783929425	-0.2761977789248703
0.16748907599591195	-0.27585313408216605
0.16862483510868795	-0.27516032989056705
0.17088773704079183	-0.27376070479525555
0.17537853837395545	-0.27090572241784205
0.1842158741145182	-0.2649755722423141
0.1847616541594972	-0.26459530100355944
0.18530664922464868	-0.2642139056031133
0.18639427515693363	-0.2634477488035135
0.18856000560753963	-0.2619020168807458
0.19285286672204066	-0.25875724909267506
0.20128012307463633	-0.25225751567788246
0.2017647845091639	-0.2518700337334486
0.20224870000862818	-0.2514816206121986
0.20321428604888586	-0.2507020065866236
0.20513642837553134	-0.2491316678269713
0.2089441970051406	-0.24594687373250923
0.21641053217216769	-0.2394034747573164
0.21687045025702864	-0.23898692425785878
0.21732956656038235	-0.2385694902111211
0.21824538703602867	-0.23773197765217008
0.2200673321240083	-0.2360464180891955
0.22367206265139514	-0.23263351123642578
0.23072191633975175	-0.22564339006811268
0.23119185043955484	-0.22516187610528646
0.23166077962743578	-0.22467938344077434
0.23259561511870783	-0.22371147039986078
0.23445313776783597	-0.2217639924598536
0.23811913907637655	-0.2178229045955523
0.24525142053185547	-0.20976006027846394
0.24568820848912745	-0.2092482888109743
0.2461239285237654	-0.20873560781272152
0.2469921572540855	-0.2077075261416662
0.24871571662239098	-0.20564054674584087
0.25211082503250126	-0.20146382817356914
0.2586897205189032	-0.19294343901457137
0.259064779482939	-0.19243955464606038
0.2594388569658298	-0.19193494120972754
0.26018406182304743	-0.19092353478337465
0.26166263165615733	-0.18889205741823029
0.2645720993672647	-0.1847948765450927
0.270197898315248	-0.17646710148619987
0.27054086560452595	-0.17594084857949188
0.2708828079348764	-0.175413929111216
0.27156361254081307	-0.17435809847753272
0.27291286550576455	-0.1722385264752063
0.27556166150814615	-0.16796819004736502
0.2806581872114264	-0.1593063844047495
0.2809616576156839	-0.15877055492365402
0.2812641050215016	-0.15823414734933655
0.28186592643662933	-0.15715960573550228
0.28305724508156904	-0.15500367146538957
0.2853903439821136	-0.15066483903913597
0.28985650570426424	-0.1418828681054612
0.290126712584531	-0.14132951852253237
0.2903958630958369	-0.14077565435025266
0.2909309910954424	-0.13966639030612008
0.2919885278055555	-0.13744177600301224
0.29405250973913083	-0.1329686567467545
0.29797444524557803	-0.12393051335933325
0.2982303734851467	-0.12331336704440339
0.29848502353089107	-0.1226956922172953
0.2989904846807424	-0.12145876761803817
0.29998602100005334	-0.11897869290538286
0.30191531262826066	-0.11399423740478068
0.3055249494546877	-0.10393289864921675
0.3057394615095909	-0.10330016377887892
0.30595266318726133	-0.10266698617150548
0.30637513176145514	-0.10139931360255282
0.3072043045540642	-0.09885877515107912
0.3087993956010634	-0.09375753536295534
0.3117350586804727	-0.08347931091234594
0.31189574269780707	-0.08287694400676936
0.31205526276031437	-0.0822742678150893
0.31237080864396005	-0.08106799657100419
0.3129879070510601	-0.07865184168673235
0.3141660029250193	-0.07380558764100868
0.3143079946657914	-0.07319854267734223
0.3144488134495222	-0.07259122454612169
0.3147269300481683	-0.07137577784776315
0.3152690649317097	-0.06894170623072264
0.3162968296212118	-0.06406135912145444
0.3164199934430774	-0.06345021599963784
0.31654197642619364	-0.06283883608976941
0.31678239805968705	-0.06161537503311845
0.317249051527248	-0.05916571191137131
0.31812550322580857	-0.05425593385284154
0.3182297214724206	-0.053641276387716944
0.31833275212661094	-0.05302641874024254
0.3185352491241707	-0.05179611207726278
0.31892597538946854	-0.04933319757317569
0.3196502768373822	-0.04439867879456312
0.3197452783191839	-0.04370925706878897
0.31983879285795025	-0.04301963207754166
0.32002135937377424	-0.04163978512768181
0.3203686304178257	-0.0388777932131502
0.32045172456619153	-0.03818683521151705
0.32053332848626537	-0.03749569962587374
0.32069206413050566	-0.0361129085595929
0.3209916364464223	-0.03334533689087123
0.32106279853101716	-0.032653048255091584
0.3211324675455824	-0.0319606077696176
0.32126732507561384	-0.030575284130776387
0.3215191095052067	-0.027802956387707543
0.32157831834689526	-0.027109543155515205
0.32163603172118155	-0.026416003853137592
0.32174697100094185	-0.025028559939336132
0.32195089260856896	-0.022252301217257558
0.3219981305857193	-0.021557969761086752
0.32204387114317296	-0.02086353805176052
0.32213085915510764	-0.019474386791631472
0.32217210620505965	-0.018779673700935907
0.32221185502625904	-0.01808487327726938
0.3222868572499765	-0.016695023355811706
0.32232211030370445	-0.01599998032137687
0.3223558644311008	-0.015304862880653624
0.3224188752859897	-0.013914417710967082
0.3224481317204566	-0.013219096448128234
0.3224758886425422	-0.012523713711220087
0.3225269034402201	-0.011132776750694432
0.3225501610785733	-0.010437228995488395
0.32257191873006796	-0.009741632703006209
0.3225921762935223	-0.009045991108047697
0.3226109336747306	-0.00835030744562365
0.3226281907864635	-0.007654584950940488
0.3226439475484686	-0.006958826859384922
0.3226582038874707	-0.006263036406509787
0.322670959737172	-0.005567216828018406
0.3226822150382529	-0.004871371359748972
0.3226919697383716	-0.0041755032376600805
0.322700223792165	-0.0034796156978162476
0.32270697716124835	-0.002783711976372288
0.3227122298142158	-0.0020877953095576967
0.3227159817266405	-0.0013918689336621685
0.3227182328810745	-0.0006959360850211225
0.322718983267049	-7.904335397641596e-17