3.984057480997577	0.
3.984050083655382	0.007677422634065732
3.984027891656267	0.015354816758240393
3.9839909050826408	0.023032153862738786
3.9839391240718527	0.03070940543798745
3.98387254881619	0.03838654297473054
3.9837911795628775	0.04606353796413569
3.983695016614078	0.053740361897899866
3.9835840603268897	0.06141698626835526
3.983458311113346	0.06909338256857514
3.9833177694404123	0.07676952229247969
3.9831624358299864	0.08444537693494189
3.982992310858896	0.09212091799189336
3.9828073951588943	0.09979611696043021
3.9826076894166613	0.1074709453389189
3.9821639108268254	0.12281937632620432
3.981919839627183	0.13049292193903816
3.9816609816812205	0.13816598297010968
3.981098909450291	0.15351053731409364
3.980795697252563	0.161181973645439
3.9804777024829865	0.16885281143209943
3.9797973700066356	0.1841925774319406
3.9794350348262575	0.19186144868133553
3.9790579221268114	0.19952960745868573
3.9782593698271786	0.21486367369804343
3.9764850002926146	0.24552200378093236
3.9760044872431917	0.2531843781017334
3.9755092094139433	0.26084581222953157
3.9744743668275895	0.27616574610764366
3.9722275888944334	0.3067930799719493
3.9716290121735205	0.3144471363430455
3.9710156869209845	0.3221000250236248
3.9697447999860644	0.3374021856425344
3.967026147618056	0.3679912444711169
3.9663096494819308	0.3756351638482209
3.9655784225674844	0.38327768831480424
3.9640717933198735	0.3985584390005037
3.960881912625275	0.4291019530725745
3.9537963441399278	0.4901106823550159
3.9527638122265576	0.4983695984356685
3.951714028635735	0.506626339402408
3.9495627248239615	0.5231331518589519
3.945053303709688	0.5561190904671689
3.9352083349127502	0.6219721639478554
3.9339003680838567	0.6301919595507829
3.9325752319062484	0.6384090047064446
3.9298734747138115	0.6548347002362902
3.92426418763601	0.6876515087820603
3.912223918787805	0.7531387794804814
3.9106419783013187	0.7613102714664414
3.9090429699764173	0.7694784407445775
3.90579377780106	0.7858046685934614
3.899090891444059	0.8184156842037738
3.8848687739089134	0.8834639898718069
3.8531734613893387	1.0128021960568894
3.8511904723734935	1.0203165966465433
3.8491928289022153	1.0278271147525342
3.8451536090546297	1.0428363892130519
3.8368996540876847	1.0728070918644064
3.819691460565486	1.132550730861917
3.782488903981777	1.2511961089883126
3.7800410180280464	1.258572172709315
3.7775787483550403	1.2659434473423856
3.772611095383369	1.2806715171670886
3.7625036007235906	1.3100689548396953
3.741602028645208	1.3686227643623432
3.69707066025927	1.4847163180024798
3.694224497860413	1.4917839559737658
3.6913648243718296	1.4988461379618285
3.6856049860102242	1.5129540306927152
3.6739236397053623	1.5411032092325483
3.649916677757258	1.5971293802701703
3.599345606521117	1.708047193935194
3.5960725203256483	1.7149275321282522
3.59278628201706	1.7218015982228574
3.5861743971843434	1.7355308135761436
3.572793334212226	1.7629128744499665
3.5454047916967917	1.8173659166238882
3.4881447332180944	1.9249832030476588
3.4841438267666245	1.932215258788932
3.4801279259382714	1.9394389990400172
3.472051210346768	1.9538614087550579
3.455718611400845	1.9826050768397052
3.4223407001446167	2.0396808926953285
3.3527665413023033	2.152131625021237
3.348294704042639	2.1590823483074413
3.3438084570469813	2.1660237797572406
3.334792811137748	2.1798786476950394
3.316589456141478	2.207475569809082
3.279498901114395	2.262211521825984
3.202618492824399	2.3697993166747127
3.1980243951350373	2.3759953661600304
3.19341831007548	2.3821825095419173
3.1841702469518394	2.394529985262122
3.1655310349378936	2.4191170452745325
3.127684195314044	2.4678544499778545
3.049748867277864	2.5635416630962222
3.044779957510593	2.5694413833038783
3.039799634789572	2.5753314723013703
3.029804825201301	2.587082668389178
3.00967907483286	2.6104685170302235
2.968887288100178	2.656769143612205
2.885177044919689	2.7474474392354167
2.8794061077362287	2.753494957072567
2.8736224945905953	2.7595303532441315
2.862017342312916	2.7715646743658837
2.8386560502250986	2.7954866911529384
2.79133529360745	2.842738343666924
2.6943480447024513	2.9348258254793986
2.688184377577075	2.9404725409436
2.682008876301804	2.9461063116138715
2.669622480098786	2.9573349194238996
2.6447088775673295	2.9796357100842568
2.5943245911150288	3.0236061132079683
2.4913776471913227	3.108979162195878
2.4849681872866345	3.1141045454618466
2.4785481832228915	3.1192167150320387
2.465676651627712	3.129401326373898
2.4398082601253965	3.1496110340352574
2.387576325418699	3.189387606138975
2.2811817249946937	3.266331879868148
2.274448580780871	3.2710239475241756
2.2677057856798775	3.275702135647679
2.254191357300692	3.285016793954579
2.2270479515033257	3.3034786867176242
2.1723094069771722	3.339728409953606
2.061077623610068	3.4094974763660746
2.0545226284453877	3.4134514470105786
2.04796004801095	3.4173928152385034
2.0348122282765457	3.4252376862852882
2.0084266335101004	3.440775562238845
1.955301087234541	3.4712406528721367
1.8476766458791654	3.529703248739967
1.8408910748643548	3.5332469574567695
1.8340987073045933	3.536777621473589
1.8204936828845308	3.5437997633148344
1.7932031805772846	3.557686940283008
1.7383060126470697	3.5848300124675094
1.6272925509226037	3.636568845162231
1.6197120639040856	3.6399514889537095
1.6121245454490687	3.6433183311170314
1.5969285460145821	3.6500045521638067
1.5664536212364646	3.663186736218606
1.5051794865675971	3.6887868907147325
1.381393813193266	3.736905824979287
1.3736048033052464	3.7397759098948042
1.3658098303728288	3.7426297598279343
1.3502021307575782	3.748288705261436
1.3189166656380495	3.759411235951045
1.2560730858457676	3.780872176483443
1.1293565653778694	3.8206370882525156
1.121922899249677	3.822826574673766
1.114484988408935	3.8250015977125935
1.0995965451688994	3.8293082207815785
1.069769961395747	3.837747547922883
1.0099243292303577	3.853928756622438
1.0024261333354025	3.855885872156876
0.9949241448350974	3.857828399231478
0.9799089035655627	3.861669658658764
0.9498341595721649	3.869176796322778
0.8895140023225865	3.883487974947883
0.8819585385080292	3.8852108241697176
0.8743997378683828	3.8869189739829233
0.8592722405190011	3.8902911495884487
0.8289784630709643	3.8968588272680935
0.7682421995580478	3.9092861157391603
0.760636785133842	3.9107730301046635
0.7530284928964536	3.9122451483488168
0.7378033901345621	3.9151449742504685
0.7073199181268489	3.9207668312861688
0.6462263701617295	3.9312981940321383
0.6387288481837856	3.932523295594137
0.6312290037667642	3.9337340983722293
0.6162224567025568	3.9361127900186275
0.5861826937247451	3.9406983976790664
0.5786673562456347	3.941808988612772
0.571149914713004	3.942905246999487
0.5561088288293927	3.9450547502399456
0.5260026116015205	3.9491815942649606
0.5184712074527532	3.9501774161340197
0.5109379181256414	3.9511588750282103
0.49586579350828924	3.9530786896697556
0.46570012779710124	3.9567458097358896
0.4052892747996047	3.9633892838863516
0.3977309983531972	3.9641548991987845
0.3901712757438113	3.9649061007137614
0.3750476019908644	3.9663652514781917
0.3447841103148421	3.96911047076888
0.33721503449367674	3.969760702158782
0.3296447325475667	3.970396499368344
0.3145005603883382	3.9716247820518213
0.2841987139950643	3.973908039053786
0.2766206001356547	3.974442735211233
0.2690414804746546	3.974962980164314
0.2538803339831523	3.975960108943419
0.24629836227907687	3.9764369891438496
0.238715495026064	3.9768994108887417
0.2235471841626008	3.9777808723389643
0.21596179570462712	3.978199908839272
0.20837562200246793	3.9786044804740066
0.1932010292026578	3.979370223315216
0.18561266528032488	3.9797313917374235
0.1780236264642427	3.9800780897255366
0.16284363452916192	3.9807280694096763
0.1546074414162578	3.9810564616633455
0.14637058651042667	3.9813678131136476
0.1381331050693009	3.981662122427853
0.12989503235319366	3.9819393883461762
0.121656403624951	3.98219960968179
0.11341725414979884	3.9824427853208233
0.09693753403065794	3.9828779954184905
0.08869703392766072	3.983070028014219
0.08045615415943422	3.9832450111875657
0.072214930000839	3.9834029441895193
0.06397339672820895	3.9835438263440524
0.05573158961920284	3.983667657048122
0.04748954395265162	3.9837744357716747
0.039247295008405576	3.9838641620576474
0.03100487806718603	3.9839368355219684
0.022762328410433397	3.9839924558535613
0.014519681320156188	3.9840310228143454
0.0062769720787799665	3.9840525362392345
-0.001965764031004548	3.9840569960361423
-0.01020849172638986	3.984044402185978
-0.01845117572460449	3.98401475474265
-0.026693780743065776	3.9839680538330624
-0.034936271499528236	3.9839042996571177
-0.04317861271223548	3.9838234924877134
-0.05142076910007125	3.983725632670743
-0.059662705382710415	3.983610720625093
-0.06790438628077088	3.9834787568426404
-0.07614577651596197	3.983329741888253
-0.08438684081123715	3.9831636763997853
-0.09262754389094685	3.9829805610880764
-0.1008678504809868	3.9827803967369455
-0.10910772530894988	3.9825631842031917
-0.11734713310427712	3.9823289244165863
-0.12558603859840864	3.9820776183798725
-0.13382440652493557	3.981809267168759
-0.14206220161974834	3.981523871931915
-0.15029938862118927	3.981221433890968
-0.166771797310497	3.98056543464802
-0.17500694848866866	3.980211876254007
-0.1832413505543809	3.9798412806718515
-0.1997077663632537	3.979048984361333
-0.2326300579910309	3.9772600201661255
-0.24085822954837985	3.9767702127670863
-0.24908537011866086	3.976263382911852
-0.2655364174383822	3.975198664583538
-0.2984245910410114	3.9728650587900365
-0.30664352891853225	3.9722391365658165
-0.3148611542168094	3.9715962112805494
-0.3312923263801193	3.9702593626077385
-0.36413737243666844	3.967381754493469
-0.3717956705548565	3.9666713994543863
-0.37945258307187746	3.9659462614983623
-0.39476213716513797	3.964451647700293
-0.4253633629286183	3.9612851476977538
-0.43300977754216546	3.960456608075089
-0.44065457842295497	3.9596133086966514
-0.45593922503037504	3.9578824432986206
-0.4864879002860664	3.954243737400113
-0.494120607653678	3.953297210808304
-0.5017514735418307	3.9523359511422305
-0.517007567132454	3.950369246971799
-0.5474964057360163	3.9462592030426613
-0.6083743281801629	3.937333449011411
-0.6159741633434433	3.936151653834758
-0.6235717029057076	3.934955189481582
-0.6387597819783741	3.9325182711361553
-0.6691071476654679	3.9274686041820552
-0.7296803788473037	3.9166670214122123
-0.8502903286843748	3.8922641699708125
-0.8584333336216092	3.890476349191709
-0.8665725795756566	3.8886714924534767
-0.88283965198743	3.8850107027872482
-0.9153271219376067	3.8774850446827225
-0.9801074017472514	3.8616192837892513
-0.9881859956408616	3.8595598777466886
-0.9962602623789457	3.857483571124755
-1.0123956729824093	3.853280292584391
-1.0446130139340521	3.8446713335488605
-1.1088258812922576	3.8266459434953224
-1.116831008919449	3.824317260558899
-1.1248312460690453	3.821971831366568
-1.1408169088284588	3.8172307753689503
-1.1727280086556218	3.8075481651066974
-1.2363014879404122	3.787383350389696
-1.3623913354377184	3.7438755135577075
-1.3700795543641149	3.7410688347858803
-1.3777619912696994	3.738246367925114
-1.393109389357044	3.7325541176489323
-1.4237333763884896	3.72098068858872
-1.484690884988423	3.6970808738686056
-1.6053865580360192	3.6462923650154577
-1.6128737978455046	3.6429867038072175
-1.62035423099195	3.63966566843704
-1.6352945510486423	3.6329775313375356
-1.665092124111216	3.61941738821534
-1.7243479698950548	3.5915648526250448
-1.8414466093614936	3.5329574575366482
-1.8482119192419522	3.5294230000758957
-1.8549704451428959	3.5258755876433194
-1.8684670458008266	3.5187419499942147
-1.8953777495076691	3.50431979113836
-1.9488636435332949	3.474858919554417
-2.0544495429513123	3.413495435379972
-2.060985588130895	3.40955311109968
-2.067514068331662	3.4055982718376248
-2.080548237971803	3.3976511064800614
-2.1065247449966606	3.381607237780507
-2.1581051000539615	3.348924661591216
-2.2597329210119366	3.2812072683065328
-2.26654626722231	3.2765045445464245
-2.273349826640371	3.2717876730629927
-2.2869274676327165	3.2623115684556816
-2.313964018355124	3.2431904867970003
-2.3675556717026414	3.2042774775729725
-2.472761588843569	3.1238060337723574
-2.479247401306022	3.1186609843024122
-2.485722508547162	3.1135024686668804
-2.4986404955755597	3.103145128053581
-2.524346779889308	3.0822698367850987
-2.5752343894780387	3.0398818811168353
-2.6748608115333377	2.9525977800601235
-2.6805824014101622	2.9474042819306083
-2.6862939076345755	2.942199696434306
-2.6976865832233927	2.931757341696146
-2.720349987774774	2.9107404480486645
-2.7651842490971728	2.868182365268579
-2.8528450124740368	2.7810050964884567
-2.858233460231589	2.7754667172757297
-2.8636111560597453	2.769917897480524
-2.874334211050431	2.7587890196747287
-2.8956504105007084	2.7364068981165492
-2.9377586906334794	2.6911499191795736
-3.0198435177911667	2.598703357435671
-3.025298312665017	2.5923510817940847
-3.0307397454794835	2.5859873563232507
-3.041582428855066	2.573225668372845
-3.063106397383296	2.5475661346081444
-3.105503437906894	2.495708798926914
-3.1876523129046737	2.3898926218402035
-3.192667898229158	2.3831881385047566
-3.1976693822605995	2.3764731291655443
-3.207629958145031	2.3630116511569006
-3.2273809266035443	2.3359636911751016
-3.2661972662470053	2.281374460682276
-3.3410494959471944	2.1702770047908064
-3.345520417261344	2.1633786422122783
-3.349977095346113	2.1564710692585636
-3.35884764599273	2.1426284098979584
-3.3764169977556198	2.114833863252545
-3.4108645349376254	2.058814497762607
-3.47696242527331	1.9451083016455153
-3.4809684562190606	1.9379299829200867
-3.484959667278515	1.9307434136453188
-3.492897561832923	1.916345645867253
-3.508594768885802	1.88745245228587
-3.539271133696515	1.8292823330681742
-3.59772275638716	1.7114628187801024
-3.6010104922462673	1.7045343782467552
-3.604284885433635	1.6975996219743348
-3.610793595312756	1.6837112650158095
-3.623650372499296	1.6558598943686245
-3.6487187055938954	1.5998643127909207
-3.6962539498999023	1.486748381449305
-3.699108949566502	1.4796306941699229
-3.7019502430813014	1.4725075244775656
-3.7075916695954265	1.458244843446858
-3.7187095889895634	1.429654855078606
-3.7402834034911736	1.3722223119674308
-3.7807653056955073	1.2563947290330035
-3.7833791619551413	1.2485015533736314
-3.7859765395016907	1.2406029397980485
-3.7911218132752866	1.2247895365331376
-3.8012141233075356	1.1930989903021798
-3.820603355918671	1.1294706763062707
-3.8229522355154484	1.1214946352346902
-3.825284464036475	1.1135137094324152
-3.829898927291251	1.0975373427023267
-3.8389275987978495	1.06552752338029
-3.856181744078932	1.0012873556203132
-3.858263028203107	0.9932373417737314
-3.860327507453458	0.9851830018280499
-3.8644060154381172	0.9690614839825439
-3.8723609821845186	0.9367680799150372
-3.887460803166611	0.8719876809542464
-3.914405659574335	0.7417158109310948
-3.91584350058143	0.7340869777124049
-3.917266473676474	0.7264553572677664
-3.920067794575565	0.7111838706159073
-3.9254917874893573	0.6806087262490597
-3.9356240435226173	0.6193362575688921
-3.936823381257529	0.611666311543144
-3.9380077714227077	0.6039940431056562
-3.940331691112781	0.5886426555262976
-3.9447999655942914	0.5579132937473681
-3.953017324008196	0.49635476021071645
-3.95397699281311	0.48865115593575875
-3.9549216489184182	0.48094569632046336
-3.9567659087403246	0.46552932810201136
-3.9602741219935944	0.43467561532782445
-3.9611135919670466	0.4269579878942205
-3.961938022144221	0.4192387393606367
-3.9635417506458674	0.40379549623522243
-3.9665685961903963	0.37289084677544215
-3.967287663346021	0.3651610715221781
-3.96799166726328	0.35742990980321526
-3.969354474747883	0.3419635443899223
-3.9718992170776475	0.31101546789626044
-3.97249770668627	0.303275423114178
-3.9730811132747177	0.2955342268375809
-3.974202668587912	0.2800484973740704
-3.9762646893451916	0.24906451405076294
-3.9767332191737186	0.24146824928547453
-3.9771872370947015	0.2338711033534826
-3.9780517306397836	0.21867427888661403
-3.9784622031091703	0.2110746558080377
-3.9788581573616	0.20347426247515435
-3.9796065054889027	0.18827127599069277
-3.9799588966329003	0.18066873831790128
-3.9802967640982025	0.17306554134817562
-3.9809289231139333	0.1578572805026636
-3.981223212357486	0.15025227212491118
-3.981502973308597	0.14264671544608823
-3.9820189063028986	0.12743406820401532
-3.982255076463344	0.11982703315480611
-3.9824767145658666	0.11221956083240722
-3.9826838198016636	0.10461167899802912
-3.9828763914149663	0.09700341541437844
-3.983054428703041	0.08939479784555493
-3.983217931016194	0.08178585405695007
-3.9833668977577728	0.07417661181514582
-3.983501328384166	0.0665670988878114
-3.9836212224048104	0.0589573430436075
-3.9837265793821874	0.051347372052081126
-3.9838173989318277	0.043737213683560934
-3.9838936807223133	0.0361268957090611
-3.983955424475276	0.02851644590017825
-3.984002629965401	0.02090589202899009
-3.9840352970204242	0.01329526186795408
-3.984053425521138	0.005684583189804299
-3.984057015401388	-0.0019261162325445852
-3.9840460666480735	-0.009536808626102202
-3.984020579301149	-0.017147466217907373
-3.9839805534536232	-0.024758061235124144
-3.9839259892515577	-0.032368565905144905
-3.983856886894069	-0.03997895245569176
-3.9837732466333255	-0.04758919311491783
-3.9836750687745477	-0.05519926011151042
-3.9835623536760068	-0.06280912567478698
-3.983435101749022	-0.07041876203480012
-3.983293313457963	-0.07802814142244227
-3.9831369893202426	-0.08563723606954195
-3.9829661299063206	-0.09324601820896669
-3.9827807358396967	-0.10085446007472446
-3.982366346507544	-0.11607021192758263
-3.9821373527542065	-0.12367746638931283
-3.9818938273725433	-0.13128426952683656
-3.9813631853319618	-0.1464964107959371
-3.9810760706094634	-0.15410169341531946
-3.9807744281314745	-0.1617064136863109
-3.9801275643650524	-0.17691405618059805
-3.9797823454371573	-0.1845169229081163
-3.9794226034748363	-0.19211911629588935
-3.9786595557509985	-0.2073213720869702
-3.9769592452023965	-0.23771658312356547
-3.976458066175182	-0.24595784159706832
-3.975939809208807	-0.25419804374029487
-3.9748520704350714	-0.2706751374817859
-3.9724717604653934	-0.3036150921771431
-3.9718340243531296	-0.31184690936993514
-3.9711792301608617	-0.32007738725461315
-3.9698184788583037	-0.336534183713779
-3.966892407936213	-0.3694301500294663
-3.9661182900261167	-0.3776502633562824
-3.965327138583733	-0.3858687547652708
-3.9636937487664703	-0.40230073065104577
-3.96022272114755	-0.4351436668497572
-3.952464533319785	-0.5007375807166581
-3.9514183275600026	-0.5089275120443678
-3.9503551514007653	-0.5171152576497748
-3.9481779062211455	-0.5334840510455505
-3.9436199768571045	-0.5661938625827078
-3.9336914827613936	-0.6314945212297762
-3.9323743393072412	-0.6396452668868076
-3.931040307243023	-0.6477932654199469
-3.928321600274294	-0.664080881151662
-3.9226817799640536	-0.6966216082141008
-3.9105938945759324	-0.7615572227995726
-3.9091137780377787	-0.7691186399041192
-3.907619040965081	-0.7766771804166109
-3.904585727632671	-0.79178551859705
-3.8983439041959573	-0.821966432715459
-3.8851607958839454	-0.8821788945668473
-3.8834474522228613	-0.8896909000976273
-3.88171958402224	-0.8971995780822498
-3.878220299906389	-0.9122068390922957
-3.871047725183653	-0.9421801957392356
-3.856008070237098	-1.0019559741621027
-3.8540631397968426	-1.009411376175275
-3.852103794717753	-1.016863002873958
-3.848141890009664	-1.0317548188623156
-3.840045430975962	-1.06149192174665
-3.8231636282598975	-1.1207737878106243
-3.786658915001368	-1.2385185801324976
-3.7840546268703164	-1.2464528040620333
-3.7814337141015084	-1.2543815519008679
-3.776142060781847	-1.270222479995919
-3.7653597700173673	-1.3018370920462798
-3.7430019291390444	-1.3647895699902424
-3.6951356007741096	-1.489525731158921
-3.6920053955777776	-1.4972675682446785
-3.688858970147239	-1.5050028273252531
-3.682517513948006	-1.5204534755654167
-3.669640571731953	-1.551274342658817
-3.64311375990031	-1.6125867866002703
-3.58699490975916	-1.7338343430831662
-3.5834194939359314	-1.7412118602779825
-3.5798289044951823	-1.748582004492091
-3.5726022656412204	-1.7633000491771045
-3.557967577794956	-1.7926462917298132
-3.527976053247912	-1.8509724416106363
-3.4651331957463203	-1.96610425655143
-3.4610800813223466	-1.9732305193682913
-3.4570123113143842	-1.9803484267455402
-3.4488328735066722	-1.9945590546565588
-3.432298892912413	-2.0228787214277033
-3.3985344531218664	-2.0791049956258614
-3.328252012275454	-2.1898521764441425
-3.324042852796794	-2.19623612680042
-3.3198214482212616	-2.2026119866701084
-3.3113419660278134	-2.21533934103013
-3.2942367477286365	-2.240695932474331
-3.2594448391782036	-2.291011425603838
-3.1875640811725985	-2.390010301298102
-3.182971013142814	-2.3961238576887807
-3.1783662196960845	-2.402228587247179
-3.1691215244474047	-2.4144114759454145
-3.1504921782103343	-2.438670344045759
-3.1126775202349903	-2.486755449761095
-3.0348557727478904	-2.5811556424422695
-3.029476748974773	-2.5874668383022796
-3.0240846006508737	-2.5937668245235543
-3.0132610238487385	-2.606333058925281
-2.9914574072859472	-2.63132981442593
-2.947229630913917	-2.6807744244072027
-2.856335122341352	-2.7774203284292374
-2.850547977481218	-2.7833595240231714
-2.844748483240387	-2.789286661315806
-2.8331125471702263	-2.8011046583373833
-2.809693591534923	-2.8245948264450855
-2.76227304561929	-2.870986177838181
-2.6651477120506906	-2.961368211628491
-2.6593888323683905	-2.9665409233932785
-2.6536199131335625	-2.971702436064853
-2.6420520431579457	-2.9819917862290772
-2.6187967893574164	-3.0024352429226586
-2.5718131552315	-3.042776874250058
-2.4759933085155788	-3.121245127842226
-2.4699241498532563	-3.126050016532753
-2.463845666893208	-3.130843103961666
-2.4516608199034327	-3.140393802701054
-2.4271802463711296	-3.1593527918734465
-2.3777807680919114	-3.196697144051184
-2.2772704423460275	-3.269060009285526
-2.2710397160096956	-3.273391608133582
-2.2648007505569185	-3.277711331427705
-2.252298192869333	-3.2863150887111074
-2.227195206001852	-3.3033794099762632
-2.176602856132502	-3.3369318270783705
-2.0739139195859875	-3.401704729402633
-2.067430913045562	-3.4056487534207562
-2.0609404060620946	-3.4095804220685815
-2.047936984980931	-3.417406636243333
-2.02184117538021	-3.432910175555126
-1.969298997056254	-3.463318563471456
-1.862855241502511	-3.5217161102365107
-1.8555725911894272	-3.5255587317075445
-1.848282014513071	-3.5293862932130655
-1.8336772066755478	-3.536996170991894
-1.8043738471774173	-3.5520344918813676
-1.7453991736766392	-3.581381819412957
-1.6260346095064648	-3.6371314879421
-1.6185139248682465	-3.640484402782182
-1.610986326499259	-3.643821766734095
-1.5959105172195274	-3.6504497850156574
-1.565677350685462	-3.6635185881121592
-1.5048920674646666	-3.688904156680501
-1.3821040101432516	-3.736643215111486
-1.374895869478231	-3.7393014534782374
-1.3676826161905082	-3.7419457870555854
-1.3532408790572992	-3.7471927005614463
-1.3242972347858557	-3.757519240912985
-1.2661752995640834	-3.7775010420470516
-1.14904134930429	-3.8147631629606753
-1.1416829990519628	-3.8169718287627528
-1.134320403391275	-3.8191663009540466
-1.119582585373285	-3.8235126319160537
-1.090057210122918	-3.8320346149991646
-1.0308136561564958	-3.8483941089984577
-0.9116047580190312	-3.8783618677284126
-0.9034952615071542	-3.8802590537652093
-0.8953818167501075	-3.8821392831950314
-0.879143224339589	-3.885848839441718
-0.8466202217551332	-3.8930641160926243
-0.7813989099266287	-3.9066775852965185
-0.7732305054439957	-3.9083025212160303
-0.7650587219689846	-3.909910377979519
-0.748705160898145	-3.9130748260079615
-0.7159590630769518	-3.9191984680404652
-0.6503189828675683	-3.9306232625901516
-0.6421008076556848	-3.9319741307262785
-0.6338798264839751	-3.933307816262211
-0.6174295899748589	-3.935923616295956
-0.5844970269595086	-3.9409487737559155
-0.5762574106477082	-3.9421620221099936
-0.568015276109597	-3.943358043343122
-0.5515235964367555	-3.945698383615532
-0.5185116038792567	-3.95017211378635
-0.5102528508535574	-3.9512474030473688
-0.5019918680393491	-3.9523054254846146
-0.485463357455903	-3.954369651469169
-0.4523811678704123	-3.958290703175925
-0.3861242137325512	-3.9653022713864043
-0.3783831966928188	-3.9660484324265735
-0.37064073789247	-3.9667794815577135
-0.3551516130202367	-3.9681962330083778
-0.3241573605569814	-3.970848274297255
-0.31640563576038744	-3.9714734652962016
-0.30865270535744466	-3.9720835237150145
-0.29314334590152663	-3.9732582335718396
-0.2621114598174123	-3.9754259639094203
-0.2543509175648925	-3.9759300324108637
-0.24658940615428512	-3.9764189513512322
-0.2310635941577064	-3.9773513331547266
-0.22329935273002877	-3.9777947924651804
-0.2155342604606259	-3.9782230951092283
-0.20000164174966875	-3.979034223927987
-0.19223417449234406	-3.979417047012037
-0.18446597476152776	-3.9797847072483754
-0.16892749627935527	-3.9804745336320826
-0.16115727673455627	-3.9807966971509936
-0.15338644312915442	-3.9811036925652843
-0.13784305217616946	-3.9816721744588057
-0.13007055405386164	-3.9819336587719385
-0.12229756032127578	-3.9821799706482652
-0.1145241005959928	-3.9824111091492598
-0.1067502044973691	-3.9826270733942097
-0.09897590164643094	-3.9828278625602227
-0.09120122166575441	-3.9830134758822284
-0.08342619417934549	-3.9831839126529807
-0.07565084881253431	-3.983339172223061
-0.06787521519186929	-3.983479254000881
-0.06009932294499716	-3.983604157452684
-0.05232320170054305	-3.983713882102549
-0.044546881088004635	-3.9838084275323893
-0.03677039073764632	-3.9838877933819568
-0.028993760280379276	-3.9839519793488423
-0.021217019347641437	-3.9840009851884775
-0.013440197571291689	-3.9840348107141335
-0.005663324583504036	-3.9840534557969245
0.002113569983352387	-3.984056920365808
0.009890456496833299	-3.9840452044075807
0.01766730532452511	-3.9840183079668856
0.02544408683415074	-3.983976231146207
0.03322077139368961	-3.98391897410587
0.040997329371497644	-3.9838465370640423
0.048773731136413076	-3.983758920296733
0.05654994705786227	-3.983656124137789
0.06432594750597972	-3.9835381489788966
0.07210170285172805	-3.9834049952695794
0.07987718346700373	-3.983256663517195
0.08765235972474306	-3.9830931542869346
0.09542720199904195	-3.982914468201821
0.11097576610020635	-3.982511568248262
0.11859704748510251	-3.982291896913205
0.1262178945204849	-3.9820576408429313
0.1414581739021396	-3.9815453779818997
0.14907755043244983	-3.981267373067252
0.15669638098153713	-3.9809747871696004
0.17193229252540612	-3.980345876764947
0.179549317720226	-3.980009554561265
0.18716568533410377	-3.9796586559812104
0.2023963362448822	-3.978913134885883
0.2328485199258249	-3.9772472363006437
0.2404595035842409	-3.976794342058535
0.24806960658441257	-3.9763268832154397
0.2632870591284633	-3.9753482786277035
0.2937101702125668	-3.9732163731423515
0.30131332840432046	-3.9726470130152096
0.30891538306694427	-3.9720631034762475
0.3241160704419631	-3.970851644770177
0.3545029780890032	-3.9682542320797425
0.362096528718039	-3.9675685395192737
0.3696887532057141	-3.966868316146373
0.38486911253896705	-3.9654242872744683
0.41521269439440406	-3.9623619761837126
0.42279485761657243	-3.9615601119086583
0.4303754723959823	-3.960743738826421
0.44553194557940645	-3.959067478253053
0.47582508944378643	-3.9555409865337725
0.4833940880840199	-3.9546231384922352
0.49096131634303153	-3.953690807049468
0.5060903508672059	-3.9517827076715473
0.5363259563631846	-3.947792861894336
0.5967011144195914	-3.939119418339989
0.6048767704870794	-3.937872281374534
0.6130498200956663	-3.936608175825152
0.6293879590744239	-3.9340290808361966
0.6620314106921259	-3.9286675124206876
0.7271791355759629	-3.917132180138392
0.7353088687582738	-3.915614240373812
0.7434354334400913	-3.9140794279368554
0.759678917244183	-3.9109592115729694
0.7921263229891153	-3.9045166026437252
0.856855062152719	-3.890824258991405
0.8649299051753527	-3.889037190748645
0.8730010211508269	-3.8872333643559878
0.8891319328603688	-3.883575468284444
0.921347502530369	-3.8760589251808093
0.9855858587508426	-3.8602246731146517
1.1132295324704737	-3.8253671745243394
1.120638660151798	-3.8232032388124413
1.1280435815470626	-3.821024952813477
1.1428406943186582	-3.8166253627127205
1.1723832225564774	-3.8076543424214395
1.2312552856909476	-3.7890268451610183
1.348098033757952	-3.749045972413609
1.3553588569425934	-3.746427148737851
1.3626145928254492	-3.7437942629519445
1.3771106937681763	-3.738486344632288
1.4060406510191703	-3.7277022010314003
1.4636455127285766	-3.705462970394153
1.5777867031703086	-3.6583197141846044
1.5854637901866926	-3.6549991220107843
1.5931338887709487	-3.6516624192745843
1.6084529854405065	-3.644940741016276
1.6390058321075058	-3.6313047096340374
1.6997626078671215	-3.6032653369949763
1.8198206787068665	-3.5441454131064707
1.8272575257896273	-3.5403169273862938
1.8346863186580449	-3.5364728366017104
1.8495196108084984	-3.5287379076842105
1.879088106164648	-3.513081539213588
1.9378254547539953	-3.4810266472407574
2.0536437917954604	-3.4139802559933945
2.060676373341541	-3.4097400042004242
2.067700199881664	-3.4054852657590637
2.0817214686154033	-3.3969324012995146
2.1096576354937615	-3.3796536320894823
2.1650978530661478	-3.344408063998937
2.2741972720493235	-3.2711986762800227
2.2809350816729315	-3.266504119863689
2.2876632004976822	-3.261795685352082
2.3010902514513636	-3.2523372621190836
2.327826808799839	-3.2332547626386505
2.380823398169851	-3.1944317113721064
2.484860270670964	-3.1141906568374678
2.490843553694581	-3.109407082212123
2.4968176279380416	-3.104612011944586
2.508738061772738	-3.0949874554358896
2.5324674545667065	-3.075601177567271
2.5794754394739634	-3.0362839901832896
2.6716494670960524	-2.9555038719071467
2.6773272864424285	-2.9503614377163316
2.6829952075684402	-2.945208095883471
2.6943012713776158	-2.9348687655405854
2.716793700810332	-2.9140600541392514
2.761295122695179	-2.871926749983811
2.8483275682076687	-2.7856317193916618
2.8541290381024442	-2.779687292799889
2.859918102074207	-2.7737307838579115
2.87145891165039	-2.7617816225393916
2.8943905561773486	-2.737739454404699
2.9396483832527145	-2.689085605690614
3.0276984229548023	-2.5895475032386948
3.0330906943085427	-2.5832295391605604
3.0384697818541406	-2.5769003466669043
3.049188312054102	-2.5642083865250522
3.0704661418418797	-2.5386909389871386
3.1123797191690143	-2.4871281622783665
3.193598051954884	-2.381941538838165
3.1982282613598434	-2.375720943236379
3.2028463541013874	-2.369491347085321
3.2120461196566006	-2.357005247574076
3.230299484070259	-2.331926082685336
3.266217689075777	-2.2813452214562453
3.3356697744734127	-2.1785364737725303
3.3399038030414023	-2.172039732215398
3.3441251782004064	-2.1655347617664464
3.3525299043678007	-2.152500232801934
3.369186815325917	-2.126333514603662
3.4018869540723027	-2.073614998886107
3.464805010982663	-1.966682548801963
3.468551439290363	-1.9600675817148516
3.472285238391853	-1.9534454779027717
3.479714894642288	-1.9401799565755151
3.4944220615761163	-1.9135643358567491
3.5232248299615447	-1.8600002175900952
3.578360864539825	-1.7515842928681897
3.5816966451990395	-1.7447530351493024
3.585019384683489	-1.7379154246787663
3.591625691782428	-1.7242212450904184
3.604681282744888	-1.6967577498633746
3.630161725760229	-1.6415358225510264
3.6785791331785003	-1.5299573761502223
3.6817386399640317	-1.52233852966039
3.684882367083873	-1.514713158537652
3.691122428499016	-1.4994429731484573
3.703412607032683	-1.4688257466303292
3.7272302599843994	-1.4072912281931507
3.771792251523989	-1.283081144447364
3.7744404637501474	-1.2752698528148185
3.7770724989972995	-1.267453095467858
3.782287993501106	-1.2518033176622185
3.7925243670605133	-1.2204396491203522
3.812216218944574	-1.157463395494084
3.8484578132096705	-1.030575796260613
3.850441503028153	-1.0231394057757006
3.8524108234938024	-1.015699197066022
3.8563063270232503	-1.0008074360501145
3.863924582077321	-0.9709793179627244
3.8784685101489322	-0.91115093572683
3.8802214385057834	-0.9036567932865142
3.8819598863749105	-0.8961592785151797
3.885393314753398	-0.881154243910996
3.8920861238240554	-0.8511049386703139
3.904774170738629	-0.7908556678846056
3.9062946630905957	-0.7833109325182982
3.9078005776529148	-0.7757632739362579
3.910768650983514	-0.7606592998033636
3.916529620541761	-0.7304175130100389
3.9273496656194737	-0.6698049087990968
3.9286362694655437	-0.6622167878667926
3.929908212145963	-0.6546261956265402
3.932408095077671	-0.6394377105397809
3.9372317217652713	-0.609032331668883
3.9461734287973296	-0.5481142962436588
3.947346249064816	-0.5396031892851324
3.9485007125983285	-0.5310895729566247
3.9507545480739634	-0.5140549705679832
3.955041707716637	-0.47995739614535077
3.9560675285718987	-0.47142732342513605
3.9570749521357604	-0.46289505837989287
3.9590345887351766	-0.44582411003808425
3.962732894035488	-0.4116576519656646
3.9636114101755155	-0.40311115218909216
3.964471493942087	-0.39456277778492715
3.9661363484416627	-0.3774605641157641
3.969244698716453	-0.34323539095509276
3.9699756486788083	-0.33467500771648867
3.970688136671461	-0.32611306810565116
3.972057713580111	-0.3089846790400747
3.974575183727603	-0.2747109768273692
3.975158349968237	-0.2661392578530312
3.975723030137539	-0.25756630122502366
3.976796921844178	-0.2404168344842506
3.9773061283874895	-0.23184040412334342
3.977796838871444	-0.22326289561211246
3.978722762619307	-0.20610480369886025
3.979157971577301	-0.1975243000888078
3.979574675864129	-0.18894287791199807
3.9803525627589837	-0.17177743749034619
3.9807137417495255	-0.16319349907164626
3.98105640883395	-0.15460880173810596
3.981686200996384	-0.1374372900189065
3.9819733231456094	-0.12885055548762359
3.982241927531161	-0.12026322174988496
3.9824920129039207	-0.11167532874021298
3.9827235781008925	-0.10308691639573435
3.9829366220452056	-0.09449802465599091
3.983131143746121	-0.08590869346275035
3.9833071422990347	-0.07731896275983104
3.9834646168854837	-0.06872887249290927
3.9836035667731475	-0.060138462609326315
3.983723991315855	-0.05154777305790985
3.9838258899535837	-0.04295684378879516
3.983909262212464	-0.03436571475323233
3.9839741077047814	-0.02577442590339335
3.984020426128979	-0.017183017192193416
3.9840482172696574	-0.008591528573112198
3.984057480997577	-9.758126483445498e-16