1.1339007802912116	0.
1.1338986749370275	0.002185067749879143
1.1338923588822938	0.0043701273855712075
1.1338818321504645	0.006555170792919249
1.1338670947806306	0.008740189857826583
1.133848146827519	0.010925176466286922
1.1338249883614921	0.013110122504414507
1.1337976194685484	0.01529501985847423
1.1337660402503216	0.017479860414911775
1.1337302508240799	0.01966463606038374
1.1336902513227265	0.02184933868178776
1.1336460418947987	0.02403396016629267
1.1335976227044664	0.026218492401368573
1.1335449939315334	0.02840292727481701
1.1334881557714347	0.030587256674801076
1.1333618521496394	0.03495556660901694
1.1332923871569676	0.037139530921653764
1.1332187137151781	0.03932335731769651
1.1330587425942116	0.043690563922232674
1.1329724455090822	0.0458739279132283
1.1328819411629298	0.04805712155269449
1.132688312047519	0.052422965348790825
1.132585187997297	0.054605599292983927
1.1324778581241215	0.05678803046083373
1.132250582518793	0.06115225205070175
1.1317455800158513	0.06987790537503802
1.131608821416288	0.07205869023135092
1.1314678606194812	0.07423920749976262
1.1311733345435544	0.07859940688475028
1.1305338801020213	0.0873162383894704
1.130363519454831	0.08949465587791632
1.1301889612347902	0.09167274103049745
1.1298272546846106	0.09602788197629988
1.1290535002756625	0.1047338200405817
1.1288495780683387	0.10690935244379669
1.1286414639101432	0.10908448784216541
1.128212662848004	0.11343353531665404
1.1273047923602177	0.1221265109085837
1.125288171949327	0.13949017748917078
1.1249943035129828	0.14184074382333592
1.1246955250845971	0.1441906910993235
1.1240832434891512	0.14888868745451397
1.122799819205108	0.1582768003783089
1.119997847131654	0.17701921354892106
1.119625587289784	0.17935864582178576
1.1192484408874168	0.18169729529111017
1.1184794950066725	0.18637220499483617
1.1168830383730188	0.1957121818887937
1.113456262954488	0.2143504840965943
1.1130060275950444	0.21667616869909237
1.112550934565904	0.2190009076272341
1.1116261834646644	0.2236475078797049
1.109718478039565	0.23292891414028
1.1056707276626159	0.25144228271124136
1.0966499392405271	0.2882531705094789
1.0960855616422869	0.29039184062974427
1.0955170132461782	0.2925294057581073
1.094367412729923	0.29680118850812043
1.0920182583760647	0.30533113650318233
1.0871206422760737	0.3223347463154964
1.0765324396358513	0.3561023532029804
1.0758357479324216	0.35820165133023235
1.0751349624852171	0.36029958643735505
1.0737211210414979	0.3644913356643849
1.070844431602107	0.37285812697563486
1.0648956447178735	0.3895230999644605
1.0522215922974232	0.4225644332502366
1.0514115473168242	0.42457595046570873
1.0505976569511484	0.4265859148562872
1.0489583519853625	0.4306011557638585
1.0456337293479858	0.4386126806133648
1.0388011188710504	0.4545582635672486
1.0244081093805184	0.48612653186228183
1.0234765578131266	0.48808474177340555
1.022541263028826	0.4900411665854528
1.020659457505996	0.4939486322975136
1.0168510792841512	0.5017418281384117
1.009056038706194	0.5172396836047891
0.9927592796111776	0.5478685903489211
0.9916205834530945	0.5499269024308256
0.9904776197522541	0.5519828478448651
0.9881789094161014	0.5560876032876679
0.9835304958886119	0.5642683255350418
0.9740308238084662	0.580512647421242
0.9542293542323669	0.6125171989963207
0.9529566266720207	0.6144954411766627
0.951679797963294	0.6164710388116884
0.9491138590981878	0.6204142664484462
0.9439330105455158	0.628268613848804
0.9333766846171778	0.6438469881563972
0.9114957867222746	0.6744675013168243
0.9101882626768643	0.676230956131328
0.9088773269114967	0.6779918761838013
0.9062452398891345	0.6815060856098816
0.9009403422697021	0.6885037975319892
0.8901687705276463	0.7023749280279848
0.8679876324055255	0.729608422056701
0.8665734332657846	0.7312875387308122
0.8651559858904887	0.732963914270597
0.8623113676978403	0.7363084168228
0.8565833870761835	0.7429642525250535
0.8449736552823341	0.7561418527127233
0.8211489211981872	0.781949761020535
0.8195064574017816	0.7836709423104828
0.8178603859055706	0.7853886736587239
0.8145574488154753	0.7888137562975449
0.807908602142622	0.7956221905709853
0.7944406632113575	0.8090704618148636
0.7668371665910881	0.8352794379604769
0.7650829281052595	0.8368865470700916
0.7633253215074336	0.8384899719678175
0.7598000349405135	0.841685740908929
0.7527093859011803	0.8480327587548057
0.7383695371426793	0.8605471551081463
0.7090698544447135	0.8848451395937998
0.7072456609882096	0.8863038725845492
0.7054184665634122	0.887758844831378
0.701755105834073	0.8906574824144394
0.6943927147417613	0.8964093580828936
0.6795270076573308	0.9077301501048053
0.6492460890172354	0.9296292247131878
0.6473297719173237	0.9309646319460714
0.6454107080828215	0.9322960889315418
0.6415643727933741	0.9349471295785997
0.6338391004648011	0.9402015604470089
0.6182599883043336	0.9505185776232591
0.5866023612357699	0.9703755197538928
0.5847367470553805	0.9715008575333891
0.5828689740348291	0.972622608544858
0.5791269790643558	0.9748553337110135
0.5716173869872284	0.9792775614905672
0.5564973495222643	0.987948217023399
0.5258664064163155	1.004587229735581
0.5239351681485162	1.0055958030551861
0.5220019955191619	1.006600663728686
0.5181298757318924	1.0085992323113637
0.5103627383328162	1.0125516554065022
0.4947384804377565	1.0202768327856702
0.4631429897922045	1.035002198331654
0.4609855108435993	1.035964931036415
0.4588260306810632	1.0369231664470027
0.4545011042214795	1.0388261287657692
0.4458276497971796	1.0425779041497771
0.4283884463107629	1.0498639524302513
0.3931578623401516	1.0635590603371026
0.39094103579288253	1.0643759138942437
0.38872251210627046	1.0651881468204614
0.384280411846248	1.0667987366960539
0.37537626990552375	1.0699643150763645
0.35749038735924105	1.076072303560852
0.32142565633574194	1.0873897769402452
0.31930996401368456	1.0880129256707376
0.3171930636059269	1.0886319579845636
0.312955670574396	1.0898576640095479
0.30446674018744524	1.092259577053298
0.2874341021461978	1.0968649034719031
0.2853000440366905	1.0974219172304154
0.2831649065155065	1.097974778974036
0.278891425554704	1.099068038065471
0.27033186640079504	1.1012046410877867
0.25316417399203506	1.1052777391008781
0.251013816886082	1.1057680784311414
0.24886251008786414	1.1062542341694273
0.24455707997543963	1.1072139875285647
0.2359351818100306	1.1090832112737468
0.21864906158768269	1.112620136170402
0.2164844880615282	1.1130433261889479
0.214319095482278	1.1134623050901529
0.209985885937972	1.1142876232157761
0.20130999889056012	1.1158876573794072
0.18392219210342967	1.1188849837212436
0.1817883257971352	1.1192336593173442
0.17965379850251545	1.1195782653430872
0.1753827919955208	1.1202552636863057
0.1668331887724832	1.1215603713884614
0.1646942520045375	1.1218764561669365
0.16255471640288013	1.1221884617657578
0.15827387981826754	1.122800230901424
0.14970536308146754	1.1239747700948026
0.14756185358600782	1.1242581905021996
0.1454178075508003	1.1245375230698782
0.141128137046352	1.1250839206382983
0.13254270070386345	1.126127618005679
0.11534919541970598	1.1280184141498066
0.11319803781188646	1.1282363155742494
0.11104646861228208	1.1284501146943802
0.10674212673189279	1.1288654029271032
0.09812884818622636	1.1296467185357832
0.0959746169732887	1.129831780594726
0.09382003679349046	1.1300127345481938
0.08950986087105023	1.1303623155218256
0.08088566620682205	1.1310121522544738
0.07872886268194705	1.1311643318836682
0.07657177289634069	1.1313123985621876
0.07225676591694358	1.1315961909286556
0.07009886441265997	1.1317319155847263
0.06794070802660225	1.1318635252263687
0.06362366199857306	1.1321143975671848
0.061464788053522776	1.1322336593541784
0.05930569062048345	1.132348804302387
0.0549868566934193	1.1325667420227366
0.05282713590281653	1.1326695340024484
0.05066722303101197	1.1327682075585208
0.046346852458524025	1.1329531979796015
0.044002753297833035	1.1330466615489534
0.041658465784559305	1.1331352751430408
0.03931399995336148	1.1332190383825562
0.0369693658396612	1.1332979509089531
0.03462457347960096	1.1333720123844484
0.03227963291000062	1.133441222492024
0.027589347292586358	1.1335650874391763
0.025244022321411815	1.1336197417485523
0.022898589293889746	1.13366954362961
0.02055305824958211	1.1337144928691736
0.018207439228470183	1.1337545892748395
0.01586174227091231	1.1337898326749758
0.013515977417600468	1.1338202229187242
0.011170154709516733	1.1338457598760001
0.008824284187891086	1.133866443437493
0.006478375894158175	1.133882273514668
0.004132439869914328	1.1338932500397645
0.0017864861568745727	1.1338993729657978
-0.0005594752031705966	1.1339006422665592
-0.0029054341683974515	1.133897057936615
-0.005251380696992513	1.1338886199913083
-0.007597304747196043	1.1338753284667573
-0.009943196277344267	1.1338571834198559
-0.012289045245912608	1.1338341849282734
-0.014634841611558683	1.1338063330904546
-0.016980575333165267	1.1337736280256183
-0.01932623636988353	1.1337360698737575
-0.021671814681175277	1.1336936587956392
-0.024017300226856404	1.1336463949728024
-0.026362682967140394	1.1335942786075592
-0.028707952862680537	1.1335373099229917
-0.031053099874613153	1.133475489162953
-0.03339811396460055	1.1334088165920653
-0.03574298509487403	1.1333372924957186
-0.03808770322827705	1.1332609171800698
-0.04043225832830749	1.1331796909720415
-0.042776640359161074	1.1330936142193202
-0.04746484507386939	1.132906910574356
-0.04980864768999199	1.1328062844812932
-0.052152237101559605	1.1327008094418938
-0.05683873618530407	1.1324753143507702
-0.06620873457106131	1.1319661580681277
-0.0685505507204889	1.1318267542079645
-0.0708920734411579	1.1316825055943172
-0.0755741985062232	1.1313794765971144
-0.08493448657642355	1.1307153101178995
-0.08727367473245196	1.1305371666795003
-0.08961248931590121	1.1303541840076614
-0.09428895772177652	1.1299737041173832
-0.10363697128078182	1.129154709386081
-0.1058165960109305	1.1289525355628012
-0.10799582638576376	1.1287461543802815
-0.11235307158492487	1.1283207730297493
-0.12106247247499176	1.1274195569100531
-0.12323871504631134	1.1271837466264107
-0.1254144983338877	1.126943735575418
-0.12976465462487816	1.1264511147649083
-0.1384590991389211	1.1254155043407998
-0.1406314404972346	1.1251461138397498
-0.14280325775292022	1.1248725301651612
-0.14714528758283923	1.1243127873893377
-0.15582270201464501	1.1231430296635747
-0.1731491397207198	1.1206026748848108
-0.17531212533597013	1.120266324699267
-0.1774744576012636	1.1199257995260916
-0.1817971298502867	1.1192322293086525
-0.19043427973994193	1.1177950459028472
-0.20767399940499195	1.1147208123634158
-0.24200074214990216	1.107775527958582
-0.2443183190664715	1.1072666971030747
-0.24663482614055252	1.1067530176510194
-0.2512645901910815	1.105711121975865
-0.26051083417774423	1.1035692478594328
-0.27894792003154745	1.0990537008968633
-0.2812471649504051	1.0984675742835461
-0.2835451783195045	1.097876637604052
-0.28813747016289554	1.096680344418165
-0.29730683285864373	1.094230152518464
-0.31558242771375966	1.0890999544868727
-0.31786076343208125	1.0884371890997628
-0.32013770727380775	1.0877696575684064
-0.32468737945168824	1.086420307785994
-0.3337695830008475	1.0836645445009534
-0.3518632019083742	1.0779254457928922
-0.38774957582389213	1.0655427002206013
-0.38993771630160123	1.0647438926570607
-0.39212421116100754	1.063940591652737
-0.39649222712204296	1.0623205229010784
-0.4052081060861912	1.0590266145414196
-0.4225571947717203	1.052224499188112
-0.4569083351604313	1.0377696048766996
-0.4590392750634563	1.0368287821497988
-0.46116827772522184	1.0358835837896898
-0.46542043539385114	1.0339800761440312
-0.47390110905571214	1.030120730002452
-0.4907658882642408	1.0221936325673473
-0.5240932785680542	1.0055134086151245
-0.5260187503236582	1.0045074682912791
-0.5279422912939506	1.003497840858819
-0.531783552643793	1.0014675395051826
-0.5394425957366487	0.9973628554592981
-0.5546651916102012	0.9889780102515107
-0.5847159462262871	0.9715133770431142
-0.5865761670600719	0.9703913539300179
-0.5884342348286904	0.9692657689336769
-0.5921438838977352	0.9670039298304449
-0.5995370456995451	0.9624376916865216
-0.6142173069975138	0.9531359186022424
-0.6431415547105989	0.9338629022235824
-0.6450806980641235	0.9325244621617824
-0.6470170560031574	0.9311819955229083
-0.6508813822055693	0.928485005718017
-0.6585762425600552	0.9230429633990488
-0.6738289385459149	0.9119679496139675
-0.7037715465796424	0.8890650087422836
-0.7056174707027443	0.8876006785622013
-0.7074603480176971	0.8861325157828808
-0.71113693040667	0.8831847178007539
-0.718453184246072	0.8772434106858245
-0.7329362835725828	0.8651793939801322
-0.761290914057944	0.8403375058378857
-0.7629193331399431	0.8388593867069277
-0.7645448823182341	0.8373781120055719
-0.767787346514943	0.8344061181921913
-0.7742375677347514	0.8284245096888397
-0.7869978263755274	0.8163120731835426
-0.8119469162087044	0.7915005905267497
-0.8134805198642714	0.7899243149481937
-0.815011063418123	0.7883450678802264
-0.8180629472021893	0.7851776830500765
-0.8241297409933924	0.7788075176545115
-0.8361141593726459	0.7659269495464905
-0.8594762845448123	0.7396157758255725
-0.8610287712228504	0.7378078575560759
-0.8625774549312695	0.735996680555906
-0.8656633860953312	0.7323645823761442
-0.8717893129489298	0.7250616341891573
-0.8838559152911502	0.7103025415622992
-0.9072362690898367	0.680186247724086
-0.9086637525386011	0.6782780877836805
-0.9100872226247921	0.67636693204215
-0.912922097578624	0.672535666933482
-0.9185434116920458	0.6648375593948911
-0.9295909123919476	0.6493009434332627
-0.9508945713046019	0.617681547246197
-0.9521670381781133	0.6157182074229556
-0.9534354512926152	0.6137522462390387
-0.955960094661288	0.6098124932798605
-0.960960499843234	0.6019019000518774
-0.9707645976696555	0.5859582540218121
-0.9895766880535696	0.5535963854704496
-0.9907168426916297	0.551553367456085
-0.9918527794486187	0.5495080012566405
-0.9941119799927983	0.545410259144267
-0.9985795549237694	0.5371869805135501
-1.0073103411037558	0.5206312094471993
-1.0239462307449902	0.4870986512895984
-1.0248819517464602	0.48512675099337166
-1.0258138752962196	0.4831530531775314
-1.027666316242623	0.47920029424587773
-1.031325477726457	0.4712735283646999
-1.0384601645607066	0.4553366514630343
-1.0519891487350057	0.4231427778998674
-1.052801708886341	0.4211170161736738
-1.0536103681360718	0.41908969410042696
-1.0552159719600207	0.4150303989655298
-1.058380237921633	0.40689341543205915
-1.0645203514149524	0.39054756556456083
-1.0760418871147015	0.35758193007987743
-1.076785815551102	0.35533545695999247
-1.0775250539884966	0.353087436157258
-1.0789894480075386	0.34858679067544324
-1.0818618157570228	0.33956735878458105
-1.087380176396114	0.3214581333949639
-1.0880486899455042	0.3191880759879519
-1.0887124644398287	0.3169166283399677
-1.0900257847195114	0.3123696019007483
-1.0925954307939354	0.3032593018412347
-1.0975061252030378	0.28497593703123775
-1.0980984785271717	0.2826848262665133
-1.098686049023841	0.2803924842526998
-1.0998468313188472	0.2758041464208067
-1.1021108907717938	0.26661313543638776
-1.106408443925963	0.24817601567103129
-1.11407720720342	0.21109939823421156
-1.114486430475839	0.20892815949565346
-1.114891422198599	0.206756127485991
-1.1156887048604271	0.2024097166439431
-1.1172324250066794	0.19370773876826144
-1.1201161617692692	0.1762690094381278
-1.1204575047343082	0.17408606960232764
-1.1207945934783512	0.1719024687859828
-1.1214560032000926	0.16753331737744717
-1.1227277167597753	0.1587874477545384
-1.125066455385385	0.14126730163623633
-1.1253395862857056	0.13907478234149914
-1.125608444428447	0.1368817349991957
-1.1261333383741527	0.132494089480642
-1.1271318093460914	0.12371282837775965
-1.1273707305118799	0.12151631795824402
-1.1276053712081178	0.11931934615820342
-1.1280618076446065	0.11492405178465198
-1.1289232767727835	0.10612829361494386
-1.1291279301475738	0.10392832581002225
-1.1293282963809717	0.10172796340373123
-1.1297161643968194	0.09732608820638577
-1.1304404223492015	0.08851797028839617
-1.130610758203403	0.08631507967756726
-1.1307768012861203	0.08411186134041039
-1.1310960066316347	0.07970447494957536
-1.1316828774177135	0.0708861376051977
-1.1318162254782498	0.06872416815928939
-1.131945443311407	0.06656194792492799
-1.1321914864244897	0.06223678665325473
-1.132308310806554	0.06007386139933517
-1.13242100316552	0.057910716923689036
-1.132633990184288	0.0535838018830026
-1.1327342840668568	0.05142004710775446
-1.1328304443718644	0.04925610469030695
-1.1330103628606474	0.04492768851613056
-1.1330941203878637	0.04276323055467177
-1.1331737430244027	0.04059861654149569
-1.1333205824783028	0.03626895195699721
-1.1333877987598169	0.034103917185500605
-1.1334508790789615	0.03193875796188118
-1.1335098232055443	0.029773482187244352
-1.1335646309244658	0.027608097763121394
-1.1336153020357216	0.025442612591440046
-1.1336618363544024	0.0232770345744957
-1.1337042337106953	0.021111371614922565
-1.1337424939498837	0.01894563161566431
-1.133776616932348	0.016779822479946756
-1.1338066025335665	0.014613952111248003
-1.1338324506441155	0.012448028413268608
-1.1338541611696706	0.010282059289904236
-1.1338717340310052	0.008116052645216316
-1.1338851691639924	0.005950016383403205
-1.1338944665196047	0.0037839584087713345
-1.1338996260639143	0.0016178866257058704
-1.1339006477780929	-0.0005481910613566275
-1.133897531658412	-0.002714266747958053
-1.133890277716243	-0.004880332529648607
-1.1338788859780569	-0.007046380502014131
-1.1338633564854246	-0.00921240276070546
-1.1338436892950163	-0.011378391401467259
-1.1338198844786016	-0.013544338520166873
-1.1337919421230491	-0.015710236212823678
-1.1337598623303264	-0.017876076575636397
-1.1337236452174986	-0.020041851705012978
-1.1336832909167298	-0.022207553697600406
-1.1336387995752808	-0.02437317465031207
-1.1335901713555099	-0.026538706660357084
-1.1335374064348707	-0.028704141825269126
-1.1334194672762834	-0.033034690011625435
-1.1333542934687193	-0.03519978723001944
-1.1332849838210535	-0.03736475599723714
-1.1331339580322086	-0.041694276576999006
-1.1330522424421534	-0.043858812590242865
-1.132966392114242	-0.046023188553767976
-1.13278228851308	-0.05035142873928464
-1.1326840359116608	-0.052515277166648305
-1.132581649916046	-0.05467893395509457
-1.1323644792518208	-0.0590056410334716
-1.1318805546430537	-0.06765640816619921
-1.1317379143089887	-0.07000194897685705
-1.131590413430458	-0.07234718914583732
-1.1312808325947963	-0.07703672727110802
-1.130603373661328	-0.08641175273446314
-1.1304218678776476	-0.08875460646652936
-1.1302355072016073	-0.09109707901872485
-1.1298482243947923	-0.09578084034374204
-1.129015436685887	-0.10514334629444717
-1.1287951153410065	-0.10748286899456273
-1.12856994609028	-0.10982193008138601
-1.128105067760299	-0.11449862723434506
-1.1271171801747715	-0.12384604030767467
-1.1249091258799961	-0.14251469417895618
-1.124611365736469	-0.14484562679408905
-1.1243087756553027	-0.14717593733179554
-1.1236891108990004	-0.15183465214512906
-1.1223918807041429	-0.16114417666932698
-1.1195661365335483	-0.1797293673064111
-1.1191912649365539	-0.18204914730570687
-1.118811586679961	-0.1843681454473263
-1.1180378167311267	-0.18900375632276245
-1.116432670048132	-0.19826515779182552
-1.1129923425079205	-0.21674645340524107
-1.1125710872159125	-0.21889850487433932
-1.1121456707802446	-0.2210497376378865
-1.111282360857912	-0.22534971486798755
-1.109505878340005	-0.23393949105269182
-1.1057538399035738	-0.25107653232335353
-1.105266205946615	-0.25321452078700657
-1.1047744381670912	-0.2553515621992673
-1.103778508512876	-0.25962277190206107
-1.1017371252964945	-0.26815347524959454
-1.097456695970224	-0.2851662322490824
-1.0969031502058026	-0.2872881108114379
-1.0963455018976052	-0.28940891488326065
-1.095217906007895	-0.29364726783115125
-1.0929135764996742	-0.3021107311031982
-1.0881088543379662	-0.3189829159317736
-1.0777192645678435	-0.35249420750469757
-1.0769780593121496	-0.3547523633540085
-1.0762321225258955	-0.3570089606556457
-1.0747260674910941	-0.3615174399667971
-1.0716573246404992	-0.37051526026519604
-1.0652940697581401	-0.3884321362646987
-1.0516708559010235	-0.42393323813240563
-1.0507799696295475	-0.426136638849965
-1.049884466924621	-0.4283381674044733
-1.048079627971672	-0.4327355693443518
-1.0444147273279967	-0.4415074822530249
-1.0368649435264319	-0.4589575889240179
-1.020892983215216	-0.49346580060522427
-1.0198753857505307	-0.49556551240499463
-1.018853469729492	-0.4976631257840928
-1.0167966993454114	-0.5018520217606937
-1.0126315275206208	-0.5102042424522485
-1.0040956534153354	-0.5268044213343784
-0.9862099764398761	-0.5595720346081259
-0.9850564213945802	-0.5616002370141253
-0.9838986952302181	-0.5636260613822722
-0.9815707491710197	-0.5676705417025455
-0.9768650205045609	-0.5757305891297094
-0.9672553387147764	-0.5917331233527336
-0.9472522853209375	-0.6232528279111773
-0.9460543183638875	-0.6250697611067573
-0.9448528663354087	-0.6268843916726439
-0.9424395247806054	-0.6305067181849254
-0.9375712164118135	-0.6377234460964177
-0.927669107207486	-0.6520437156187339
-0.907211157496863	-0.6802197404208586
-0.9059039265023949	-0.6819597169133687
-0.9045933583423643	-0.6836971812051744
-0.9019622298493568	-0.687164547594093
-0.8966601401241755	-0.6940688529659809
-0.8858977275864047	-0.7077543329448874
-0.8637489155724893	-0.7346215286747096
-0.8622179940728288	-0.7364177552463315
-0.8606833372007637	-0.7382107914477916
-0.8576028439498455	-0.7417872616823205
-0.8513973265968356	-0.7489015768502425
-0.8388096793608242	-0.7629739847174408
-0.8129402347842335	-0.7904803313264498
-0.8112931581283713	-0.7921706830722226
-0.8096425667209085	-0.7938576029103693
-0.8063308682696929	-0.7972211176458269
-0.7996656100009224	-0.8039066436638467
-0.786169270083129	-0.8171100649985769
-0.7585264732498104	-0.8428336543614185
-0.7568874411333039	-0.8443058574946036
-0.7552455516643369	-0.8457748732589836
-0.7519532254732061	-0.848703320510448
-0.7453345583088741	-0.8545217233842181
-0.7319625676560297	-0.8660033366537397
-0.7046913248396832	-0.8883361504749824
-0.7029639843643657	-0.8897036676509738
-0.7012339901049305	-0.8910678260752862
-0.6977660663675511	-0.8937860460820435
-0.6907986615139182	-0.8991819553325108
-0.6767390985598319	-0.9098105143519966
-0.6481329006487403	-0.9304056763808294
-0.6463595764715051	-0.9316384907508892
-0.6445839073631009	-0.9328679252249676
-0.6410255601291049	-0.9353166366563709
-0.6338810105003808	-0.9401733053389862
-0.6194819449077685	-0.9497226434482369
-0.5902556935716025	-0.9681576295992945
-0.5884105680406875	-0.9692801364739989
-0.5865633078121035	-0.970399126892405
-0.5828624100763875	-0.9726265421347309
-0.5754352936229423	-0.9770389973783525
-0.560481288244281	-0.9856935147768041
-0.5301863795851582	-1.0023140138935507
-0.5281136678052755	-1.0034076606356348
-0.5260387001067613	-1.0044970211678117
-0.5218820324176134	-1.006662865007287
-0.513542016652639	-1.0109429146481808
-0.49675726175919116	-1.0192954441350794
-0.46278496766021365	-1.035162331836294
-0.46064450903975607	-1.0361166033977742
-0.4585020827055415	-1.037066449028074
-0.454211363511016	-1.0389528462844126
-0.44560671579015354	-1.0426723523656565
-0.4283066440911317	-1.0498973274432177
-0.3933599911697656	-1.0634843190625523
-0.39130848554679226	-1.0642408790701916
-0.38925552482260634	-1.064993481642069
-0.38514526861214476	-1.0664868032988957
-0.3769076312335688	-1.069425835232588
-0.36036557379229384	-1.0751128465283861
-0.3270281336997089	-1.0857180017453445
-0.32493387699468745	-1.0863466091106557
-0.32283841200593133	-1.0869711768388834
-0.3186438883500617	-1.0882081841091675
-0.31024068478322986	-1.090633621822769
-0.29337940394324297	-1.0952896899391165
-0.25945141388274795	-1.1038188000660532
-0.2571433737838175	-1.1043587573176092
-0.25483420997663236	-1.104893888556998
-0.2502125516062548	-1.1059496636663468
-0.2409561946927763	-1.1080032002590043
-0.2223935869174889	-1.1118777235123438
-0.22006878104790273	-1.1123401957823462
-0.2177430134848389	-1.1127978071615525
-0.21308863393654937	-1.1136984392698384
-0.20376878198962262	-1.1154412862322625
-0.18508698873668966	-1.1186928917917567
-0.18274801764258	-1.1190773617550869
-0.18040824794552562	-1.1194569413864224
-0.1757263536448964	-1.120201423039485
-0.16635343192421254	-1.1216316308093557
-0.16400835848844694	-1.1219769328693632
-0.161662568341441	-1.122317331926344
-0.1569688789209095	-1.1229834151025255
-0.14757335079450737	-1.1242566814034505
-0.14522283086733803	-1.1245627189889833
-0.14287167632107944	-1.1248638422716872
-0.13816750447190013	-1.1254513406864937
-0.12875199760141767	-1.1265673094221502
-0.10989463614140475	-1.1285628686486042
-0.1076914688167701	-1.128775233201502
-0.10548789115330481	-1.128983296760872
-0.10107953839674376	-1.1293865177442661
-0.09225827835713507	-1.1301413140044017
-0.09005206350270989	-1.1303192493291099
-0.08784550552121233	-1.1304928777770964
-0.08343139380902917	-1.1308272114129998
-0.07459942288177371	-1.131444168154454
-0.07239069849524409	-1.1315876308604602
-0.07018169827707374	-1.1317267818568066
-0.06576290401480642	-1.131992146616114
-0.0635531268077244	-1.1321183593679505
-0.06134310744296753	-1.1322402583878826
-0.056922375924829356	-1.132471113390576
-0.05471168061584462	-1.1325800684937062
-0.052500776837913925	-1.1326847081056732
-0.04807837757296609	-1.1328810392777213
-0.04586689893670016	-1.132972730089718
-0.04365524553292647	-1.1330601039143855
-0.039231448131904045	-1.1332218992864955
-0.03701932099073387	-1.1332963202174458
-0.0348070527941488	-1.1333664229280853
-0.03259465197159499	-1.1334322071513008
-0.030382126953023964	-1.1334936726364329
-0.028169486168862463	-1.1335508191492787
-0.02595673804997834	-1.1336036464720918
-0.023743891027646426	-1.1336521544035831
-0.021530953533518384	-1.1336963427589224
-0.019317933999592637	-1.1337362113697373
-0.01710484085818019	-1.1337717600841162
-0.014891682541870508	-1.133802988766607
-0.0126784674835014	-1.1338298972982184
-0.010465204116128881	-1.1338524855764203
-0.00825190087299305	-1.133870753515144
-0.006038566187483927	-1.1338847010447834
-0.003825208493111338	-1.1338943281121934
-0.001611836223474792	-1.133899634680692
0.0006015421877706618	-1.1339006207300597
0.0028149183069485894	-1.133897286256539
0.005028283700391291	-1.1338896312728355
0.0072416299344699175	-1.133877655808117
0.009454948575628626	-1.1338613599080138
0.011668231190418725	-1.1338407436346187
0.013881469345528799	-1.1338158070664863
0.016094654607814812	-1.1337865502986324
0.01830777854433428	-1.1337529734425351
0.0205208327223804	-1.133715076626133
0.022733808709512162	-1.1336728599938246
0.02494669807358449	-1.133626323706469
0.02715949238278235	-1.133575467941384
0.03158476211114573	-1.1334607987695917
0.03375385152573641	-1.133398278211237
0.03592281732031032	-1.1333316066980528
0.04026034627543657	-1.1331858117991067
0.042428893550233424	-1.1331066889473036
0.04459728543356375	-1.1330234162085864
0.04893357126037244	-1.1328444223055187
0.05110144932264916	-1.1327487017967148
0.05326914023111423	-1.1326488327120885
0.05760392883154136	-1.1324366502935999
0.06627091092255934	-1.1319625196580108
0.0684370695059191	-1.1318336216345848
0.0706029774455381	-1.1317005783867229
0.07493400966483807	-1.1314220581819008
0.08359271741734606	-1.1308152975352792
0.08575664879821268	-1.1306532522094996
0.08792026610415757	-1.1304870659822661
0.09224652679635544	-1.1301422732731607
0.10089493070517361	-1.1294030248334812
0.1030561276820025	-1.1292078701869772
0.10521694722634432	-1.1290085799325826
0.10953742236385827	-1.128597595534786
0.11817349533891364	-1.127726032573693
0.1203314513510742	-1.1274978143485523
0.12248896666164841	-1.1272654667784248
0.12680264357296753	-1.1267883870221265
0.13542436141442135	-1.1257847138243238
0.1375785706609292	-1.12552348551237
0.139732276040046	-1.1252581350862063
0.14403814364708628	-1.1247150717936165
0.15264348551978515	-1.1235795236089832
0.16982683168305968	-1.1211109787998297
0.1721537014228999	-1.120756031717614
0.1744798293396625	-1.1203962552144757
0.1791298196133673	-1.119662220167449
0.1884204574711932	-1.1181362666291461
0.20696212169976333	-1.1148532009760526
0.20927592134822462	-1.114421180832844
0.2115888192112074	-1.1139843585660552
0.21621186971887613	-1.11309631521162
0.22544671105038017	-1.1112626872263753
0.24386912794445034	-1.1073657155522885
0.24616730532963227	-1.1068570988758062
0.2484644219616241	-1.1063437126699345
0.25305543337687064	-1.1053026405394417
0.2622242919489594	-1.1031633606392506
0.2805071411775256	-1.098656781389634
0.3168357488646029	-1.0887360046340089
0.3189444573105029	-1.088120127879237
0.32105196860724844	-1.0875001668958164
0.325263368115864	-1.0862480015663745
0.3336714535866215	-1.0836947635780148
0.3504270045905729	-1.0783932000892333
0.3836815657600497	-1.067014262154417
0.38574806533087413	-1.066268919943982
0.38781311700706056	-1.0655195755227993
0.39193884567652315	-1.064008891313777
0.40017258759845936	-1.060939621128258
0.4165674809835086	-1.0546101238524466
0.4490531530709607	-1.0411927032312733
0.45123812530084473	-1.0402476310090774
0.45342110855625223	-1.0392979735670793
0.4577810696636956	-1.0373849197875304
0.4664767014012059	-1.0335039751229158
0.4837686596047197	-1.0255237020806838
0.5179383323202241	-1.0086976075407155
0.5200549299723086	-1.0076079839682275
0.5221692353181269	-1.006513919045485
0.5263909318232374	-1.0043124844585387
0.5348064077836846	-0.9998565325778143
0.5515236177424679	-0.9907334044117411
0.5844866217577775	-0.9716513616165003
0.5864881615800811	-0.9704445454900733
0.5884872096441369	-0.9692336063252636
0.5924777965354382	-0.9667993794772163
0.6004286962332468	-0.9618816768629402
0.6162075112389738	-0.9518504518240712
0.6472582470540015	-0.9310143614174807
0.6491758919740617	-0.9296782458596629
0.6510907788002847	-0.9283381804634867
0.6549122456405615	-0.9256462229464641
0.6625217250178885	-0.920215161483628
0.6776050601168546	-0.9091657505917458
0.7072149468895053	-0.8863283807038408
0.7089178463385071	-0.8849669297142075
0.7106181248807939	-0.8836022069550997
0.7140107941108542	-0.880862966322348
0.7207644057575868	-0.8753454466311749
0.7341433268751882	-0.8641553998845629
0.7603769347841536	-0.8411646073113593
0.7619928963554701	-0.8397010214646761
0.7636060407988089	-0.8382343311989711
0.7668238544564663	-0.8352916591116821
0.7732254145258296	-0.8293693012623371
0.7858909438862799	-0.8173777608074192
0.8106612084590075	-0.7928173715584189
0.8123123621564372	-0.7911255310207399
0.8139599850097836	-0.7894302517308868
0.8172446095529892	-0.7860294063847743
0.823771174429751	-0.7791867758911514
0.8366519839260519	-0.7653394262270955
0.8617118655163823	-0.7370099323437198
0.8632465574039143	-0.7352117794726285
0.8647774970538314	-0.7334104308873232
0.867828093039276	-0.7297981779073115
0.8738839664583571	-0.7225356688164448
0.8858129705610123	-0.7078604104842237
0.9089284831657124	-0.6779232936218491
0.9102462849500079	-0.6761528527483467
0.9115606382162623	-0.6743798502326261
0.91417897928973	-0.6708261871526824
0.9193740609998474	-0.6636884174864492
0.9295967249239179	-0.6492926216704946
0.9493634512326737	-0.6200322709412834
0.950568496169881	-0.6181832362935357
0.9517699398261352	-0.6163318596246453
0.9541620051025017	-0.6126221082884552
0.9589027209236801	-0.6051748105714425
0.9682094924793138	-0.5901706178877157
0.9861165719241617	-0.5597366221014649
0.9871828411739574	-0.5578539393396192
0.988245516031141	-0.5559692253977394
0.9903600671037208	-0.5521937314306745
0.9945458671685246	-0.5446186717723016
1.0027434099255148	-0.5293738125332321
1.0184356515481985	-0.49851760570777726
1.0193850465582868	-0.496573364567994
1.0203307299255806	-0.4946273153744651
1.022210947972147	-0.4907298211754638
1.025926693753955	-0.48291344834048366
1.0331786710045507	-0.46719676082598083
1.0469587272193794	-0.43544047014970433
1.0478579530027767	-0.43327207372948584
1.0487526877427278	-0.4311018203364757
1.0505286687724804	-0.42675577984620044
1.0540265708724657	-0.4180418249886602
1.0608053022023896	-0.40052851379685245
1.0734880702646161	-0.3651771385842341
1.07424177673696	-0.3629539704398308
1.0749908790866964	-0.3607292467009438
1.0764752585956963	-0.35627517058637037
1.0793886281998564	-0.34734877120532726
1.0849931171720195	-0.32942512841974114
1.0953078207655782	-0.2933117067468978
1.0958723978189369	-0.2911952390469185
1.0964328852173477	-0.2890776846437322
1.0975415826979278	-0.28483934734152544
1.0997098107898842	-0.2763499802741002
1.1038491515166575	-0.2593222517274089
1.1043480516558017	-0.25718934726977544
1.1048428305099476	-0.2550554830145508
1.1058200169928258	-0.25078490696811273
1.1077248543260607	-0.24223258792599725
1.1113359935642437	-0.22508507048134804
1.1117687401981828	-0.22293776679415211
1.1121973378540675	-0.22078963113186134
1.1130420798492773	-0.21649089595133908
1.1146817067644226	-0.20788379482242542
1.1177611948528656	-0.1906328692175417
1.1181273745859501	-0.18847321758422003
1.118489381611374	-0.18631286259307178
1.119200872150961	-0.18199007478856313
1.1205737223397423	-0.17333641379315792
1.123118617494781	-0.1559985595498568
1.1234524133355255	-0.1535762172851065
1.1237809846745965	-0.15115316082971178
1.1244224477600715	-0.14630495042296968
1.1256426143081815	-0.13660045533767798
1.125934572713342	-0.13417271523615457
1.1262212950737989	-0.13174435117800593
1.1267790263514632	-0.12688579636613084
1.127831599334102	-0.11716169633672989
1.1280816334115285	-0.11472928093819813
1.1283264214595632	-0.11229633200276333
1.1288002549384084	-0.10742887878034763
1.1296849210906448	-0.09768806787649242
1.1298929564256324	-0.09525170111217192
1.1300957373078535	-0.0928148913894608
1.130485531966388	-0.08793998839942524
1.1312020279954278	-0.07818536566423208
1.1313680026728636	-0.07574577264134097
1.1315287160379797	-0.07330582737040414
1.1318343558661985	-0.06842492547285631
1.131979280907954	-0.06598399154438525
1.1321189417947026	-0.06354275076404291
1.132382468529746	-0.05865939406009458
1.1325063331525365	-0.0562173008460444
1.1326249311693166	-0.05377494619912891
1.1328463252032281	-0.04888949803956074
1.1329491201907889	-0.04644642724618996
1.1330466465132032	-0.044003140458413026
1.1332258913729503	-0.0391159643496224
1.133307609076723	-0.03667209775592625
1.1333840564482327	-0.03422806062235439
1.133455233131969	-0.031783864314652965
1.1335211387969317	-0.029339520199309382
1.133581773136633	-0.026895039643498413
1.1336371358690995	-0.0244504340150283
1.133687226736872	-0.022005714682290966
1.1337320455070083	-0.019560893014207093
1.1337715919710831	-0.017115980380171234
1.1338058659451895	-0.014670988150000997
1.1338348672699399	-0.012225927693886139
1.1338585958104668	-0.009780810382333699
1.1338770514564227	-0.007335647586113106
1.1338902341219816	-0.004890450676205308
1.1338981437458389	-0.0024452310237519097
1.1339007802912116	-2.777255922268637e-16