0.6049225627642709	0.
0.6049214395828862	0.0011657076227877562
0.6049180700429031	0.0023314109167533376
0.604912454156834	0.003497105553090644
0.6049045919455336	0.0046627872030257245
0.6048944834381981	0.005828451537832856
0.6048821286723648	0.006994094228850609
0.6048675276939129	0.008159710947497933
0.6048506805570629	0.009325297365290221
0.604831587324376	0.010490849153855394
0.6048102480667544	0.011656361984949955
0.604786662863441	0.012821831530475091
0.6047608318020185	0.013987253462492716
0.60473275497841	0.01515262345324156
0.6047024324968778	0.016317937175153233
0.6046350510187882	0.018648378503252357
0.6045979922724501	0.019813497455412072
0.6045586883686258	0.02097854283071128
0.6044733456806717	0.023308395545565734
0.6044273072134593	0.024473194233279042
0.604379024222595	0.0256379020404801
0.6042757253954348	0.02796702771326147
0.6042207099427362	0.029131436929699692
0.6041634507335788	0.03029573796737361
0.6040422019047406	0.032623998212450885
0.60377278908345	0.03727903034797377
0.6036998299992287	0.03844245309804853
0.6036246290928216	0.03960573309316468
0.6034675029387987	0.04193184753983834
0.6031263616094455	0.046582173339654274
0.6030354762329788	0.04774433312716476
0.6029423515013851	0.048906315617449146
0.6027493853643947	0.05122973144705798
0.6023365966017916	0.05587424572612906
0.6022278065326754	0.05703486635502707
0.6021167801076905	0.05819527518656749
0.6018880198475921	0.06051544022179701
0.6014036817541051	0.06515303917623712
0.6003278387806437	0.07441634851465691
0.6001710634695064	0.07567034766125368
0.6000116687360878	0.07692401654768503
0.5996850237965231	0.07943034165516856
0.5990003322251689	0.08443878809783163
0.5975055134924113	0.09443764232266226
0.5973069172999822	0.09568570158014977
0.5971057141857216	0.09693334322127087
0.5966954907156509	0.09942735187513493
0.5958438001136532	0.10441011831912735
0.5940156562370233	0.11435343058514597
0.593775461034572	0.11559415562421264
0.593532674323187	0.11683437615727214
0.5930393306234524	0.11931328205602623
0.5920215924978519	0.12426480176462147
0.58986216587604	0.13414146342320965
0.5850496826806031	0.1537796336860602
0.5847485939530634	0.15492058872599415
0.5844452801545305	0.15606095426590746
0.5838319819695962	0.15833989949076785
0.582578736097678	0.1628905251637598
0.5799659162335967	0.17196174850418922
0.5743172362189787	0.18997636464330783
0.573945559492037	0.19109631519384662
0.5735716988015434	0.1922155385893785
0.5728174312286282	0.19445178688283926
0.5712827516709456	0.19891537040803564
0.568109144711768	0.20780593503592903
0.5613476886795934	0.22543309285766266
0.5609155393291958	0.22650621333714174
0.5604813385116539	0.22757850540303257
0.5596067888347407	0.22972058861008368
0.5578331422503282	0.23399464170877574
0.554188025929819	0.24250142032017805
0.5465095267716589	0.2593427155119471
0.5460125551042181	0.2603873971793882
0.5455135864751341	0.26143112651773054
0.5445096656389549	0.2635157129414618
0.5424779412112298	0.26767329011412166
0.5383193798933178	0.27594121144288514
0.529625252992746	0.2922813684340196
0.5290177721530375	0.2933794534174646
0.5284080146300897	0.2944762758117879
0.5271816800408842	0.29666611395736464
0.5247018067815017	0.30103043185286266
0.5196338448574733	0.3096965841270011
0.5090699966525216	0.3267706312530166
0.5083910116558735	0.3278259998975231
0.5077098387454045	0.32887995770859707
0.5063409409184025	0.3309836226932687
0.5035770199138054	0.33517382349465186
0.4979453457453609	0.34348470066631254
0.4862721472960496	0.35982037978049874
0.485574598789008	0.3607611619232137
0.48487523016999895	0.3617005918005718
0.48347104308885336	0.3635753806789857
0.4806409433844286	0.3673085766543163
0.4748944381377084	0.3747086595839007
0.46306106510271	0.38923740432702136
0.462306606703227	0.39013319307621225
0.46155041540875824	0.39102751946288383
0.4600328454792793	0.392811771745108
0.45697703603162476	0.3963625808285192
0.45078338237884436	0.4033926735978009
0.43807317047153965	0.4171608853359896
0.437196935596109	0.4180791150567856
0.4363187760557959	0.41899550427476606
0.43455669845260697	0.42082274507358
0.43100961793314896	0.4244549636774369
0.4238246329017772	0.43162945623180893
0.40909849618238997	0.4456116328851844
0.40816263084126664	0.4464690064562479
0.4072249686525034	0.4473244145441436
0.4053442702513681	0.44902931921610545
0.4015614934307773	0.45241537765082335
0.39391135489006945	0.4590916590725245
0.3782803230979566	0.4720543444331371
0.3773071376130655	0.47283256111178357
0.37633235114732805	0.47360877147833474
0.3743779918248547	0.47515516010928716
0.37045024385515124	0.47822371727984414
0.3625195661599589	0.4842632250052532
0.34636505667816936	0.49594612051474085
0.3453427243266122	0.49665854437024115
0.34431892662486174	0.4973688608157897
0.34226695255359807	0.4987831594299935
0.33814561176586877	0.5015863357237512
0.3298343409584868	0.5070903415228631
0.31294537392520466	0.5176837836750414
0.3119500909773962	0.5182841379788576
0.3109536563140708	0.5188825787846457
0.3089573465604005	0.520073711071469
0.3049510686183009	0.5224329169279531
0.2968847086938913	0.5270586083966722
0.28054346532797847	0.5359353235261347
0.2795131727110481	0.5364733853811362
0.27848184813526433	0.5370094665836542
0.27641611834147783	0.5380756791217416
0.2722724430372023	0.5401842497739514
0.26393708751805184	0.5443055399073039
0.24708126952646947	0.5521613470630495
0.24593028020060886	0.5526749534959435
0.2447782232509484	0.5531861606759538
0.24247092648991567	0.5542013684108108
0.23784374184593024	0.5562028958986278
0.22854013446781246	0.5600899158873757
0.20974503747730622	0.5673960928618884
0.20856238691432355	0.5678318745067885
0.20737883094771248	0.5682651911001178
0.20500902335955784	0.5691244216183782
0.2002587696727966	0.5708132199856895
0.19071686433570056	0.574071759102685
0.17147675982625996	0.580109496371832
0.17034806316802945	0.5804419387985282
0.16921872201046484	0.580772185165955
0.16695812329087067	0.5814260847334627
0.16242938002333104	0.5827074767381397
0.15334267046846023	0.5851643635380529
0.15220417588134172	0.585461523744793
0.15106510544094828	0.5857564689010344
0.14878525424085556	0.5863397096067922
0.1442188313672553	0.5874795618745868
0.13506007191566669	0.589652511158418
0.13391288200804763	0.589914101351707
0.13276518545091506	0.5901734596484981
0.13046828975891156	0.5906854766359826
0.12586860976506561	0.5916826852436219
0.11664667048527391	0.5935695925550711
0.11549189628677942	0.593795359390234
0.11433668513321239	0.5940188796444453
0.11202496944512282	0.5944591770358268
0.10739648702567703	0.5953127762074629
0.09812029917454987	0.5969118141159464
0.09698190691216121	0.5970978283941202
0.09584316202037267	0.5972816716049723
0.09356463091191841	0.5976428421587677
0.08900351940887374	0.5983391015754591
0.0878624221155778	0.5985077290405507
0.08672100535162817	0.5986741803118756
0.08443723001383024	0.5990005518602507
0.07986602837643264	0.5996271545324379
0.07872249158746418	0.5997783559445563
0.07757866856092988	0.5999273765428668
0.07529018043210194	0.60021887313862
0.07070995238656355	0.6007756732548208
0.061537422073353575	0.6017843904803939
0.060389805107521836	0.6019006382953659
0.05924196856237448	0.6020146975798414
0.05694565342920211	0.6022362489063694
0.05235057189983857	0.6026530714789837
0.051201315202279586	0.6027517998835425
0.0500518723350563	0.6028483366627535
0.04775244480992682	0.6030348339490582
0.043151539661309656	0.6033815141070795
0.04200091066596553	0.6034627001269613
0.040850128953930274	0.6035416919366388
0.03854812411744692	0.6036930917844922
0.03739690936316404	0.6037654992721732
0.03624555863249003	0.6038357114486622
0.033942465987844304	0.6039695488548718
0.03279073244799311	0.6040331735979552
0.03163887967996126	0.6040946020565737
0.029334833212472315	0.6042108692349797
0.028182647890603874	0.6042657075320157
0.02703036009570176	0.6043183486990858
0.02472549384617899	0.6044170388856984
0.023474944859613694	0.6044669005868984
0.022224295389188582	0.6045141748840529
0.02097355078827454	0.6045588615748057
0.019722716410649495	0.6046009604678763
0.018471797610475956	0.6046404713830617
0.017220799742277786	0.6046773941512363
0.014718588221571393	0.6047434746254458
0.01346738527971119	0.6047726320486246
0.012216124691076415	0.6047992007590829
0.010964811811653812	0.6048231806430936
0.009713451997653827	0.604844571598012
0.00846205060548807	0.6048633735322742
0.007210612991746134	0.6048795863653993
0.005959144513172379	0.6048932100279887
0.004707650526643422	0.6049042444617265
0.003456136389145064	0.6049126896193805
0.0022046074577493618	0.604918545464801
0.000953069089591697	0.6049218119729224
-0.0002984733581522887	0.6049224891297625
-0.0015500145282892235	0.6049205769324228
-0.002801549063631203	0.6049160753890885
-0.004053071607018993	0.604908984519028
-0.005304576801344557	0.6048993043525938
-0.006556059289574115	0.6048870349312215
-0.007807513714771087	0.6048721763074302
-0.009058934720119014	0.6048547285448217
-0.010310316948944617	0.6048346917180806
-0.011561655044740346	0.6048120659129741
-0.012812943651187543	0.6047868512263512
-0.014064177412179671	0.604759047766143
-0.015315350971844813	0.6047286556513611
-0.016566458974568748	0.6046956750120983
-0.017817496065017868	0.6046601059895272
-0.019068456888162104	0.6046219487359002
-0.020319336089297976	0.6045812034145484
-0.021570128314071124	0.6045378701998807
-0.022820828208499486	0.604491949277384
-0.025321929592393533	0.6043923451062324
-0.026572320375963115	0.6043386622839304
-0.027822597417441645	0.6042823926065034
-0.030322788867528684	0.6041620936607894
-0.035321571419873035	0.6038904648474954
-0.03657090244711748	0.6038160945482463
-0.037820076933613625	0.603739139630709
-0.04031793489682512	0.6035774772694461
-0.04531153711145913	0.6032231523622831
-0.04655946613552164	0.6031281149593911
-0.04780719586306202	0.6030304958830889
-0.050302036065960294	0.6028275143927259
-0.055289089975047785	0.6023905904569098
-0.056451893811629766	0.6022827331298597
-0.05761448726434731	0.6021726312267601
-0.05993902568806364	0.601945695342079
-0.06458538734345258	0.6014649072747217
-0.06574638683857706	0.6013391052966416
-0.0669071413112941	0.6012110622592067
-0.06922789788692255	0.6009482549233762
-0.07386628049381684	0.6003957690951045
-0.07502519873826176	0.6002520524709413
-0.0761838373801962	0.6001060988386313
-0.07850025858562032	0.5998074827336551
-0.08312955584645078	0.5991834309174988
-0.09237300402367353	0.5978281818958819
-0.09352693109061094	0.597648743077458
-0.09468050960312704	0.5974670769528523
-0.09698660376967087	0.597097065501513
-0.10159442037677077	0.596330345269802
-0.11079160551182407	0.5946902782872826
-0.1291045139721816	0.590985051768063
-0.13034091365735898	0.5907135965662702
-0.1315767425943095	0.5904395546959605
-0.13404666657982842	0.5898837157611062
-0.13897942763403573	0.5887410514273734
-0.14881539337146396	0.58633206089808
-0.15004201315417623	0.5860193693300036
-0.15126797591975893	0.5857041116489047
-0.15371790892902287	0.5850659034807805
-0.15860965473009955	0.5837587552814021
-0.1683594669429097	0.5810218557266091
-0.16957493191614179	0.5806682782853987
-0.1707896543397861	0.5803121581629922
-0.17321685026505385	0.5795922961233587
-0.17806209769939568	0.5781221292289235
-0.187714827911302	0.5750603884145765
-0.2068597810276732	0.5684543411167482
-0.20802712791416542	0.5680281867945258
-0.20919359688289058	0.5675996352751576
-0.21152388137979886	0.5667353478893989
-0.21617369901056338	0.5649780870063755
-0.22542923121557656	0.561349239471158
-0.2437551555283525	0.553637725498039
-0.2448919865894472	0.5531358077774094
-0.24602778415540036	0.5526315557085725
-0.24829625963305577	0.5516160570483127
-0.25282059803608864	0.5495571418423818
-0.26181775690271947	0.5453281297638347
-0.27959752273694904	0.5364294289285912
-0.2806247389882961	0.5358927717454715
-0.2816509251886729	0.5353541475338152
-0.2837001923735823	0.534271005940324
-0.2877862006527744	0.532081205884153
-0.29590727426680724	0.527607990820156
-0.31193899398279007	0.5182908169882022
-0.3129313996444138	0.5176922310194364
-0.31392265667141206	0.5170917448283777
-0.31590171027187464	0.5158850806028392
-0.31984587404864984	0.5134490469319701
-0.32767761862522177	0.5084866617654754
-0.3431083603239217	0.49820473704805657
-0.34414287020994555	0.49749069521444705
-0.34517589411050986	0.49677450524992056
-0.347237466119588	0.49533569330721694
-0.3513425824813152	0.4924324285388336
-0.35947971414680446	0.486524040575823
-0.37545373894900685	0.4743055943698159
-0.37643851748573953	0.4735243916573167
-0.37742167058660875	0.47274114429876596
-0.37938308350704114	0.4711685291803589
-0.38328621780176164	0.4679989125890292
-0.39101277881454477	0.4615629033458183
-0.40613963650577367	0.44831005186171247
-0.4070083786933257	0.4475214929081325
-0.4078755898214269	0.4467312504953246
-0.4096054058561604	0.4451457271890897
-0.4130465220618313	0.4419546102869823
-0.4198539680859276	0.4354927696573091
-0.4331640103954897	0.4222561391375967
-0.43398216968218845	0.4214152148881593
-0.43479869644106456	0.4205727053845082
-0.43642684009525795	0.41888294329772063
-0.4396634023339703	0.41548453592090606
-0.4460569468179553	0.408612906228789
-0.4585203623798858	0.39457620838604995
-0.4593485955341967	0.39361170551960756
-0.4601747998495051	0.3926454641591588
-0.46182110737545895	0.3907077830345822
-0.46508921639874895	0.3868117471469693
-0.47152660504825555	0.37893794699523003
-0.48399974536535145	0.3628712628847429
-0.48476129078549696	0.36185328228063945
-0.48552069512450424	0.3608337034523126
-0.48703306715210604	0.35878976914302535
-0.4900319712878989	0.3546829204472484
-0.4959256813476171	0.34639432085586375
-0.507290929674185	0.3295257495425727
-0.5079697755975113	0.32847833112810854
-0.5086464588886819	0.32742951424894146
-0.5099933260601208	0.325327702963379
-0.5126609826753193	0.32110749568278407
-0.5178913521096074	0.3126017503971723
-0.527927378297955	0.29533707891956473
-0.5285356372193624	0.29424715313901656
-0.5291416459514486	0.2931559746296927
-0.530346902537155	0.29096987801237895
-0.5327303005588852	0.28658285679316753
-0.5373880710117708	0.27775055009043875
-0.5462631200200752	0.2598613296495388
-0.5467623160309433	0.25880934432468283
-0.5472594861465472	0.2577564000445195
-0.5482477413309029	0.2556476502275283
-0.5501998604059076	0.25141881502905267
-0.5540061308656442	0.24291668099282918
-0.5612236828071929	0.2257416328407869
-0.5616571739712255	0.22466091308447447
-0.5620885840507075	0.22357936090159117
-0.5629451545697947	0.2214137752888995
-0.5646332527773597	0.2170727914763885
-0.5679089302039934	0.20835247523331504
-0.5740555322908906	0.19076570128698614
-0.5744524092523342	0.18956723463057124
-0.574846784155161	0.18836794230378737
-0.575628020924985	0.1859669015370162
-0.5771603949125689	0.1811551420348339
-0.58010437459587	0.17149408595058852
-0.5804610186132027	0.17028303735785447
-0.5808151344010948	0.16907124708811802
-0.581515775130094	0.16664546263291807
-0.5828866507091182	0.16178522604490098
-0.5855064476953621	0.15203126865369346
-0.5858224611395058	0.15080898834534237
-0.5861359230021552	0.14958605118026505
-0.5867551865328904	0.1471382275890473
-0.5879630352885596	0.14223493268377227
-0.5902557287171398	0.1323989488549342
-0.5943469225990601	0.11261901499445014
-0.5945652383414929	0.11146068498451372
-0.594781296602576	0.11030193177389012
-0.5952066374078945	0.10798317335066832
-0.5960301937218976	0.1033407717850539
-0.5975686329425809	0.09403741736366646
-0.5977507353494068	0.09287284495769871
-0.5979305681799947	0.09170791992648192
-0.5982834223898755	0.08937702968185424
-0.5989618664292454	0.08471121239179699
-0.600209555634183	0.07536442308350681
-0.600355267716813	0.07419474015027705
-0.6004987003341584	0.07302477550995917
-0.6007787250032782	0.07068401887788153
-0.6013113973761075	0.06599932065473227
-0.6014388589727653	0.06482750850396315
-0.6015640369898937	0.06365545021217851
-0.6018075403931004	0.06131061300704908
-0.6022671239138254	0.05661818077139252
-0.6023763040520776	0.055444524146683
-0.6024831970514523	0.054270657006842186
-0.6026901200188222	0.051922309010589085
-0.603076503011296	0.04722328299641546
-0.6031673751609984	0.046048067089561835
-0.6032559571682361	0.04487267634461511
-0.6034262494186806	0.04252138819226762
-0.6037393379940629	0.03781691023581819
-0.6038104775963291	0.03666352528312327
-0.6038794137714751	0.03551000653777525
-0.6040106748421998	0.03320258450728912
-0.6040729992587801	0.03204868964240283
-0.6041331192902455	0.03089467782533611
-0.6042467453283151	0.02858632017996692
-0.604300250920275	0.027431982775330533
-0.6043515512978322	0.026277545265815393
-0.604447535668965	0.023968386783606174
-0.6044922193122741	0.022813674237500588
-0.604534697040649	0.021658878439662223
-0.604613034140607	0.019349053945413374
-0.6046488932263221	0.01819403367802179
-0.6046825458253681	0.017038947016904765
-0.6047139918149398	0.015883798177207954
-0.6047432310802843	0.014728591374304191
-0.6047702635147015	0.013573330823777817
-0.6047950890195448	0.012418020741409321
-0.6048177075042208	0.01126266534315994
-0.6048381188861901	0.010107268845156005
-0.6048563230909673	0.008951835463674377
-0.6048723200521215	0.007796369415126495
-0.6048861097112768	0.006640874916042485
-0.6048976920181116	0.005485356183056555
-0.60490706693036	0.004329817432891352
-0.604914234413811	0.0031742628823425655
-0.6049191944423088	0.002018696748263548
-0.6049219469977535	0.0008631232475496511
-0.6049224920701002	-0.00029245340287635313
-0.6049208296573599	-0.0014480289860801983
-0.6049169597655993	-0.00260359928513205
-0.6049108824089403	-0.0037591600831210887
-0.6049025976095602	-0.004914707163171165
-0.6048921053976922	-0.006070236308456191
-0.6048794058116244	-0.007225743302215523
-0.6048644988977001	-0.008381223927769627
-0.6048473847103178	-0.009536673968534647
-0.6048280633119305	-0.010692089208038347
-0.604806534773046	-0.011847465429936012
-0.6047827991722264	-0.013002798418025053
-0.6047568565960876	-0.014158083956260649
-0.6047287071392993	-0.015313317828771123
-0.6046657880027196	-0.017623613714088385
-0.6046310185525331	-0.018778667296156064
-0.6045940426809057	-0.019933652351050893
-0.6045134722211093	-0.0222434000204877
-0.6044698779269583	-0.023398154206291114
-0.6044240777994014	-0.02455282300747559
-0.6043258607206545	-0.026861887601830677
-0.6042734441278786	-0.028016274968755403
-0.6042188224185235	-0.029170560098599915
-0.6041029644554251	-0.03147880679855364
-0.6038447964396619	-0.036093888042666146
-0.6037686995201289	-0.03734520613232027
-0.6036900095580073	-0.03859636383321974
-0.6035248518689518	-0.041098176575769356
-0.6031634355957431	-0.04609964101414516
-0.6030666044216856	-0.04734952557937083
-0.6029671832203704	-0.048599206789674915
-0.6027605724550502	-0.05109793767808467
-0.6023162901299423	-0.05609272310555545
-0.6021987513162352	-0.0573408306049044
-0.6020786262024929	-0.05858869183905924
-0.6018306191496416	-0.06108365407580255
-0.601303592887426	-0.06607038763293319
-0.6001256222166808	-0.0760298921499637
-0.5999667707261074	-0.07727341694127293
-0.5998053425213229	-0.07851660986168343
-0.5994747587533668	-0.0810019787343866
-0.5987827018930065	-0.08596849920176676
-0.5972752010295241	-0.09588347707730899
-0.5970752114968393	-0.09712105208088462
-0.5968726576685008	-0.09835820997270099
-0.5964598606155534	-0.10083125316967857
-0.5956035339757214	-0.10577210056023738
-0.5937681602035658	-0.11563165167792881
-0.5935434255219705	-0.11677974550810785
-0.5933164709197872	-0.11792740256862526
-0.5928559053573021	-0.12022138921284709
-0.591908173089967	-0.12480393251252479
-0.589906505266815	-0.13394633994695956
-0.5896463583579659	-0.1350869313312086
-0.5893840061040075	-0.13622701747481822
-0.5888526894939192	-0.13850565698581147
-0.5877636358586265	-0.1430566856303516
-0.5854800777883041	-0.15213278888620518
-0.5851847677151113	-0.15326478582996336
-0.5848872689836709	-0.1543962095458183
-0.5842857100049472	-0.1566573203693588
-0.5830563776543617	-0.1611724772343828
-0.580493115600089	-0.17017358691111575
-0.5749503931864065	-0.18805146188235233
-0.5745549690094396	-0.18925616113578744
-0.5741570206172663	-0.19046002892259922
-0.573353558191672	-0.1928652489440291
-0.5717164204262587	-0.19766547891900274
-0.5683216997259427	-0.2072239188942934
-0.5610538773707838	-0.2261633339613272
-0.5605786001544347	-0.2273388220040467
-0.5601008601258166	-0.22851331127007388
-0.5591380000380809	-0.23085927283674
-0.557182819189648	-0.2355389839096054
-0.5531550994412007	-0.24484840800684957
-0.5446342488237873	-0.2632581279836241
-0.5440913726948532	-0.26437829922352507
-0.5435461926675338	-0.26549735098098726
-0.542448930161518	-0.2677320770993233
-0.540226860595644	-0.27218788737243244
-0.5356730734134212	-0.2810438851160308
-0.5261312777459114	-0.29852501657105385
-0.525515869866828	-0.29960703840097686
-0.5248982367453963	-0.30068779157602543
-0.5236563052461114	-0.3028454736615435
-0.5211458550426497	-0.3071454129775649
-0.5160192042486246	-0.3156825744128262
-0.5053478134775521	-0.33249796142946586
-0.5047087123724452	-0.3334672736516158
-0.5040677520232345	-0.33443535744824626
-0.5027802630440117	-0.33636782550459204
-0.500183078505502	-0.340217863902018
-0.4949004211683097	-0.3478575571533885
-0.4839863486295517	-0.36288913083960966
-0.4832889564616977	-0.3638173875771422
-0.4825897839557583	-0.3647443040855166
-0.48118610823860825	-0.3665941027614542
-0.47835750651232756	-0.37027746745461276
-0.4726158875920172	-0.37757850804422516
-0.46079976015077784	-0.391911837007099
-0.45998303176231364	-0.39287010249196064
-0.4591643105971558	-0.39382666595233484
-0.45752090413310437	-0.39573467023059783
-0.4542103345262144	-0.39953007264895307
-0.4474949746309465	-0.4070375346590801
-0.433693934026194	-0.4217118430044105
-0.4328152382451774	-0.4226136255305354
-0.43193466738603864	-0.423513577174812
-0.4301679157010303	-0.4253079722303881
-0.42661207979059473	-0.4288746207436813
-0.4194119431711345	-0.43591848878741807
-0.40466484025610816	-0.4496417173726119
-0.40379043614103605	-0.4504271202118331
-0.4029145076624543	-0.45121082262775497
-0.40115809084749865	-0.4527731143617997
-0.3976271107364318	-0.4558771630041263
-0.39049331296895784	-0.46200246694992964
-0.3759444296971831	-0.4739167571641174
-0.37502291412434163	-0.47464631129187135
-0.3740999827892769	-0.4753740735656037
-0.3722498867745729	-0.4768242115681742
-0.3685328592593494	-0.47970286489390684
-0.36103224985739873	-0.48537307455626144
-0.34577118394043616	-0.4963603482327354
-0.3448251366102372	-0.49701804001768835
-0.34387783828718527	-0.497673928668386
-0.3419795024138814	-0.4989802870555583
-0.3381679702707477	-0.5015712619601087
-0.3304862402542494	-0.5066657201191964
-0.3148943832191694	-0.5165005656902151
-0.31391003072185814	-0.5170994097400377
-0.3129245393887623	-0.5176963778023025
-0.3109501545204118	-0.5188846773079981
-0.306987876341352	-0.5212386696329427
-0.29901009255772387	-0.5258557515991574
-0.28284811956738914	-0.5347225899459319
-0.28174235251655744	-0.5353060374586944
-0.2806353819600015	-0.5358871983295154
-0.27841784924921786	-0.5370426502250385
-0.27396855015909194	-0.5393260057377341
-0.2650140833115544	-0.5437819807494818
-0.24689026898270533	-0.5522467763807596
-0.24574835979921794	-0.5527558688944763
-0.2446054008638745	-0.5532626002266162
-0.2423163532713791	-0.5542689706979397
-0.23772587618426477	-0.5562532828970242
-0.22849649395781443	-0.5601077210593332
-0.20985287080077147	-0.5673562192820027
-0.20875841698210879	-0.5677598350362743
-0.20766318688427782	-0.5681613395456953
-0.20547041414466333	-0.5689580088657807
-0.2010757327044661	-0.5705259474017421
-0.19225074205740095	-0.5735599002019509
-0.1744656147805438	-0.579217624214371
-0.17334835376872718	-0.5795529787577366
-0.1722304481519274	-0.579886178202826
-0.16999271973372104	-0.5805461068501157
-0.16550971070380197	-0.5818400489860053
-0.1565144181751264	-0.5843240058773855
-0.13841423952319498	-0.5888741845577109
-0.13718292761665485	-0.5891622453211144
-0.135951016225143	-0.589447731464499
-0.13348541652345502	-0.590010974912207
-0.12854726034322544	-0.5911065122290096
-0.1186443301555145	-0.5931735242433217
-0.1174040739099916	-0.593420247691828
-0.11616330461245106	-0.5936643779129822
-0.11368024855202061	-0.594144854417207
-0.10870821852760296	-0.5950746425162545
-0.0987417043069371	-0.5968093353591704
-0.09749389108282328	-0.5970144455059893
-0.09624565181354892	-0.5972169467189276
-0.0937479169604159	-0.5976141188148723
-0.08874757484370195	-0.5983771176278843
-0.0874965060929869	-0.5985613321647274
-0.08624505498536038	-0.5987429310078454
-0.08374102757622653	-0.5990982784500144
-0.07872862521127948	-0.5997775508583455
-0.07747465082226232	-0.5999408182656535
-0.07622033787151865	-0.6001014639509262
-0.07371071821153546	-0.6004148873587604
-0.06868765742454662	-0.6010102433892632
-0.058627479656229387	-0.6020748504716433
-0.05745211612585575	-0.6021881444315842
-0.05627653368460266	-0.602299143862698
-0.053924729987648704	-0.602514257455417
-0.04921869280809963	-0.6029169322713994
-0.04804170345687551	-0.6030118586481156
-0.04686453105144454	-0.6031044873573911
-0.04450965502024906	-0.6032828503705967
-0.03979790370969542	-0.6036119894448809
-0.03861957555297937	-0.6036885250900509
-0.03744110024336784	-0.6037627604894652
-0.035083726127466526	-0.6039043294283509
-0.033904836303523714	-0.6039716624283995
-0.032725817291345195	-0.604036694103849
-0.030367409672507388	-0.6041598524985548
-0.02918803005213306	-0.6042179787485382
-0.028008539216058708	-0.604273802735379
-0.02564924187415899	-0.6043785430775767
-0.02446944435800872	-0.6044274590338394
-0.023289553605474352	-0.6044740719287727
-0.02092951037462912	-0.6045603878329869
-0.019749366888835423	-0.6046000905133768
-0.018569148151657694	-0.6046374894746562
-0.017388858660105075	-0.6046725845743233
-0.01620850291145631	-0.6047053756786545
-0.015028085403243671	-0.6047358626627051
-0.013847610633234751	-0.6047640454103101
-0.012667083099414266	-0.6047899238140843
-0.011486507299967967	-0.6048134977754226
-0.010305887733266596	-0.6048347672045008
-0.009125228897847658	-0.6048537320202754
-0.007944535292397206	-0.6048703921504848
-0.006763811415733785	-0.6048847475316481
-0.005583061766792353	-0.604896798109067
-0.0044022908446060705	-0.6049065438368251
-0.0032215031482880816	-0.6049139846777878
-0.002040703177015443	-0.6049191206036032
-0.0008598954300130597	-0.6049219515947017
0.00032091559346453637	-0.6049224776402966
0.0015017253941514031	-0.6049206987383833
0.0026825294727862584	-0.6049166148957399
0.0038633233301285474	-0.6049102261279273
0.005044102466976661	-0.6049015324592887
0.006224862384186157	-0.6048905339229498
0.007405598582685825	-0.6048772305608184
0.008586306563493754	-0.6048616224235845
0.009766981827735553	-0.6048437095707204
0.010947619876662568	-0.6048234920704795
0.012128216211667939	-0.6048009699998971
0.013308766334302691	-0.6047761434447891
0.014489265746293915	-0.6047490124997531
0.01685009444624174	-0.6046878378621866
0.01800727781743764	-0.604654483888856
0.019164395238826775	-0.6046189154305572
0.021478415281149466	-0.6045411355882276
0.02263530942722165	-0.6044989244890575
0.02379212067379699	-0.6044544994746394
0.026105477521966562	-0.6043590083589748
0.02726201465112885	-0.6043079426074548
0.02841845193596142	-0.6042546636401384
0.030731010031686767	-0.6041414668467359
0.03535474176294472	-0.6038885237990276
0.036510361570581934	-0.6038197582385646
0.03766584766276834	-0.6037487812502302
0.03997640177389675	-0.6036001940378294
0.04459571924409797	-0.603276494458714
0.04575015086572863	-0.6031900452071937
0.04690441493212885	-0.6031013868340612
0.04921242349037196	-0.6029174440298585
0.05382624398267221	-0.6025230637909317
0.05497921683231251	-0.6024189511111008
0.056131988326215784	-0.6023126321337108
0.058436910359934674	-0.6020933768518619
0.06304415244592042	-0.6016284083914828
0.06419539627950653	-0.6015066566862003
0.0653464050040446	-0.6013827020245434
0.06764770026504799	-0.6011281856560575
0.0722472840582113	-0.6005927379576824
0.07339652903694159	-0.6004533757641993
0.07454550520841925	-0.600311814471875
0.07684263429859019	-0.6000220966725696
0.08143348170744263	-0.5994162952392076
0.09060059225064561	-0.5980993559811995
0.09184194954637061	-0.5979099959398698
0.09308291108831801	-0.5977180594599912
0.09556362552302898	-0.597326460503959
0.10052007017881928	-0.596512382463716
0.11041182723377134	-0.5947609060355203
0.11164621179139621	-0.594530428434007
0.11288011525720759	-0.5942973889567519
0.11534645764756153	-0.5938236284027881
0.12027313552103484	-0.5928454097091687
0.13010127554313683	-0.5907664217297239
0.13132732580934628	-0.5904950807898903
0.13255281017636122	-0.5902211953629274
0.13500206009245858	-0.5896657957793426
0.13989353694956652	-0.5885245154290801
0.14964721928422073	-0.5861203090678514
0.16902809885119718	-0.580827692814352
0.17015306969466806	-0.5804991299001013
0.17127740187332177	-0.5801683880985053
0.17352413335799508	-0.5795003728071709
0.17800974682552034	-0.5781382507466596
0.186948633745798	-0.5753099297612312
0.2046895461041745	-0.569239401883742
0.20579199901545425	-0.5688417706906874
0.20689367949218743	-0.5684420043658608
0.20909470660441884	-0.567636072330948
0.2134873098648894	-0.5659986532386327
0.22223379024052145	-0.5626219418193936
0.2395645094302678	-0.5554639077048377
0.24073016609427572	-0.554959722929075
0.24189476166408688	-0.5544530919931531
0.2442207489925283	-0.553432500584147
0.24885976496900392	-0.5513620628233914
0.2580848187422236	-0.5471046821917053
0.27631393221242584	-0.5381281611350592
0.2774431118534443	-0.5375468599353647
0.2785710685763686	-0.536963189328201
0.28082329338604595	-0.5357887501927491
0.2853128495918081	-0.5334115529299076
0.2942312820210885	-0.5285444726998098
0.31181665210984444	-0.518364430114858
0.31288444976888796	-0.5177206080832726
0.3139509181045805	-0.5170745864598107
0.31607984868755395	-0.5157759554253633
0.3203215589897947	-0.5131524196451194
0.32873936888687966	-0.5078008805478279
0.345304566663813	-0.4966850744510143
0.34632760739160645	-0.49597227271259686
0.3473491767091836	-0.49525736378245366
0.34938788375897084	-0.49382123650539894
0.3534474503861782	-0.49092382989299205
0.36149423003541303	-0.4850291007686005
0.37729075200717815	-0.47284563590156065
0.3781992285835462	-0.47211931801198714
0.37910630693739394	-0.4713912546723621
0.3809162555686424	-0.4699299024161562
0.3845192269540284	-0.4669863713685547
0.39165672204191604	-0.46101661469048444
0.4056520394477024	-0.4487513006479346
0.4065141357016606	-0.44797049502843955
0.40737472905139166	-0.4471880332383667
0.40909139431710223	-0.44561815272381183
0.41250655037851186	-0.4424586453400064
0.4192634594596768	-0.4360613013134705
0.4324781006224028	-0.4229586261365669
0.4333589714565426	-0.4220560493576899
0.4342379586274125	-0.4211516380454799
0.4359902667049182	-0.41933732755368625
0.4394721113424041	-0.41568686567360164
0.4463438698122938	-0.4082994695346534
0.4597130182048883	-0.39318602192123425
0.4605317580503807	-0.39222672877854575
0.46134849612179074	-0.3912657307603815
0.4629759527507557	-0.389338636813537
0.4662066891009906	-0.38546417470211874
0.4725706707283341	-0.37763509914819327
0.48490252142240786	-0.3616640038205138
0.4856055529807482	-0.36071949469851927
0.48630674479578156	-0.3597736189709078
0.4877035985768913	-0.3578777820380077
0.4904751128014841	-0.354069866924121
0.49592878226420234	-0.3463898812945301
0.5064740953497808	-0.330779832639347
0.5071169724730105	-0.32979339467475877
0.5077579283557391	-0.3288057072697818
0.5090340666937931	-0.32682659911101514
0.511563182127639	-0.32285355446817887
0.516528233919075	-0.3148489963549744
0.5260814475491237	-0.2986128220386927
0.5266502894957863	-0.29760843320594554
0.5272172138767957	-0.29660296076283926
0.5283453016920209	-0.2945887796934239
0.5305783761782821	-0.2905475755763773
0.5349516676153465	-0.28241462472197354
0.5433232916435724	-0.2659532058443494
0.5438297825751959	-0.2649159763500656
0.5443342933895899	-0.26387778228064046
0.5453373673260878	-0.26179851554037664
0.5473196734502043	-0.25762857371738673
0.5511885169502607	-0.24924390809699923
0.5585400128354379	-0.2323023052039783
0.5590197390820824	-0.23114549153702715
0.5594970694105317	-0.22998768719720616
0.5604445341399085	-0.2276691263522446
0.5623106232540531	-0.22302033520944142
0.5659269956912737	-0.2136771922530394
0.5726931014145422	-0.19481765457341432
0.5730951948417159	-0.19363162084388205
0.5734948320243086	-0.1924447572232182
0.5742867308150197	-0.19006856065927993
0.5758409788037859	-0.18530643289317042
0.5788309069270864	-0.17574438291808925
0.5843336784573846	-0.156478302527076
0.5846348735918547	-0.15534919221395804
0.5849338869441135	-0.1542195021576206
0.5855253638466257	-0.15195839968086614
0.5866820877124537	-0.14742942344949375
0.5888903766951556	-0.13834533305150193
0.5891565339780327	-0.13720745392391934
0.5894204926044432	-0.136069062755752
0.589941809955834	-0.13379076129287837
0.5909580179885806	-0.1292282009326981
0.592884517767423	-0.12008020458420081
0.5931153829430893	-0.11893464363912576
0.5933440346883734	-0.11778863884524553
0.5937946944828623	-0.11549531481968255
0.5946694159159247	-0.11090352886859031
0.596312286137766	-0.10170036549808625
0.5965076386645655	-0.10054821707080369
0.5967007651015204	-0.09939569341049688
0.597080336831314	-0.09708953759647766
0.597812736057881	-0.0924729125110894
0.5991704073161697	-0.0832233737472149
0.5993484834220626	-0.08193108299642396
0.5995237723185308	-0.08063841123342946
0.5998659852355064	-0.0780519487183286
0.6005169295580707	-0.07287471616027334
0.6006726858903179	-0.07157954572784628
0.6008256488550711	-0.07028404242199032
0.601123191849734	-0.06769206128994158
0.6016847270009761	-0.06250436972767753
0.6018181172036501	-0.06120670507997422
0.6019487087121179	-0.059908755796686974
0.6022014932302422	-0.057312027468585186
0.6026734520870517	-0.05211542085380807
0.6027844364607937	-0.05081564819951291
0.6028926176465597	-0.049515639232191516
0.6031005684548587	-0.04691493654178314
0.6034828105536655	-0.04171096147947106
0.6035713560675002	-0.04040946765464971
0.6036570947338687	-0.039107785909690856
0.6038201499423868	-0.03650388287356512
0.6038974657262642	-0.03520167369158559
0.6039719731461357	-0.033899300807787
0.6041125615209654	-0.03129408816168066
0.6041786418221317	-0.02999126051465049
0.6042419124517109	-0.02868829339630006
0.6043600235322414	-0.026081964983527495
0.6044148634339289	-0.02477861580957169
0.6044668925655048	-0.023475151405172458
0.6045625175635692	-0.0208679011520677
0.6046061129853632	-0.019564127428115426
0.6046468967476589	-0.0182602627231704
0.6046848686607955	-0.016956313100722847
0.6047200285481885	-0.015652284624658428
0.6047523762463305	-0.014348183359229515
0.6047819116047916	-0.013044015369026428
0.6048086344862207	-0.011739786718950871
0.6048325447663457	-0.010435503474186638
0.6048536423339743	-0.009131171700170328
0.6048719270909945	-0.007826797462564228
0.6048873989523746	-0.0065223868272291695
0.6049000578461647	-0.005217945860195248
0.6049099037134955	-0.00391348062763254
0.60491693650858	-0.002608997195823965
0.604921156198713	-0.0013045016311381504
0.6049225627642709	-1.4816329604425566e-16