0.08100259215794314	0.
0.08100244175752956	0.00015609492017059737
0.08100199055684733	0.0003121892606871386
0.08100123855757196	0.00046828244189772006
0.08100018576249599	0.0006243738841547431
0.08099883217552893	0.0007804630078170669
0.08099717780169731	0.0009365492332521603
0.08099522264714458	0.001092631980838255
0.08099296671913114	0.0012487106709664969
0.08099041002603437	0.0014047847240431003
0.08098755257734841	0.001560853560491498
0.08098439438368435	0.0017169166007544952
0.08098093545677004	0.0018729732652964207
0.08097717580945013	0.00202902297460528
0.08097311545568595	0.0021850651491949055
0.08096409269025338	0.00249712457641384
0.0809591303120908	0.002653140670219323
0.08095386729449539	0.002809146911662221
0.08094243942029869	0.0031211275202000033
0.08093627460613448	0.0032771007287637514
0.08092980923741146	0.003433061767906945
0.08091597693344081	0.0037449450213514427
0.08090861004955908	0.003900866077483136
0.08090094271385008	0.004056772647859355
0.08088470680195561	0.004368540015582816
0.08084863088376636	0.004991875451829089
0.08083886124496104	0.005147664414470744
0.08082879141333867	0.0053034342614066855
0.08080775132233348	0.005614914294446933
0.08076207054652716	0.0062376195254152155
0.0807499004746267	0.006393239370143602
0.08073743054026247	0.006548835473759026
0.08071159127048305	0.006859954146534427
0.08065631649344097	0.00748188118162494
0.08064174888075483	0.007637294924208974
0.08062688180722281	0.00779268030591505
0.08059624949956672	0.008103363678723965
0.08053139385775697	0.008724364712281055
0.08038733232828274	0.009964774831791319
0.08036633921714724	0.010132692492151046
0.08034499535038149	0.010300565928785076
0.0803012557241075	0.010636177200364996
0.08020957160530898	0.01130683683436187
0.08000940682453721	0.012645740622508886
0.07998281365812274	0.012812862897732402
0.07995587140995977	0.012979929251735108
0.07990094014026485	0.013313891279708027
0.07978689389579495	0.013981112214957363
0.07954209497117228	0.0153125786170417
0.07950993145931128	0.015478718798456673
0.07947742092957698	0.015644791423630802
0.07941135938556598	0.0159767311062856
0.07927507842766142	0.016639767924890185
0.07898591884805785	0.01796230942930482
0.07834149981404862	0.020591972785323195
0.07830118231078209	0.02074475319303025
0.07826056685777903	0.020897454663311766
0.07817844272189223	0.021202618467677244
0.07801062592932174	0.021811973281239513
0.07766075440053431	0.02302666198661808
0.07690436382822047	0.025438922156466575
0.07685459418797183	0.025588889942868533
0.07680453210250827	0.025738760359054723
0.07670353135902862	0.026038206800019576
0.07649802898573967	0.026635906171989094
0.07607306485643167	0.027826403642138373
0.07516766720873055	0.030186780926485093
0.07510979993821312	0.0303304778984386
0.07505165796450781	0.03047406394107295
0.07493455075912081	0.030760901138211446
0.07469704933372685	0.0313332213016927
0.074208947403243	0.0324723276284406
0.0731807524342021	0.0347274734104008
0.07311420508455821	0.03486736226271261
0.07304739033032487	0.03500712359270944
0.07291295958652802	0.03528626164159932
0.07264090006134799	0.03584298501217952
0.07208404490808783	0.03695010698218409
0.07091985157352566	0.03913814749186732
0.07083850641344797	0.03928518735373377
0.07075685639245871	0.03943205814769306
0.07059264317461367	0.03972529000432523
0.07026057395683608	0.04030969714053979
0.06958194485937252	0.04147014451256848
0.06816738514473086	0.043756457110191146
0.06807646516893509	0.043897777009876474
0.06798525221896076	0.04403890799089325
0.0678019489679135	0.04432060076824913
0.06743184413190097	0.04488169262936821
0.06667773073968698	0.04599456663250425
0.06511462268028936	0.0481820075288444
0.06502121694424262	0.048307983640344665
0.06492756748478987	0.048433778675776785
0.06473953880070883	0.048684823633013054
0.06436057225815459	0.049184719933216395
0.063591082327565	0.05017563337632046
0.062006525974721026	0.05212111542218105
0.06190549967847214	0.05224106666086325
0.06180424133767009	0.05236082208083735
0.06160103004148862	0.052599743669847744
0.06119183967294023	0.05307521732171476
0.06036247401246439	0.054016586965492684
0.05866050391787289	0.055860229290679526
0.05854317105476272	0.055983185503853415
0.058425580468013015	0.05610589526317006
0.05818962819539563	0.05635057326050631
0.057714653819574566	0.056836948112937415
0.05675254321570223	0.057797653714107826
0.054780629254861136	0.059669947165617
0.05465531153122499	0.05978475439215934
0.054529753199409364	0.059899298429260214
0.054277916923269956	0.06012759491927709
0.053771381464214445	0.06058100751667974
0.05274698414411283	0.06147499979672047
0.05065389955576734	0.06321077753121145
0.050523584451357205	0.06331498519697093
0.05039305496645191	0.06341892420606195
0.050131355071501765	0.06362599449125401
0.049605407146142165	0.06403689185283386
0.04854344402817842	0.0648456164917042
0.046380262782160085	0.06641002304294019
0.046243366631114516	0.06650542067325337
0.04610627426129419	0.06660053610931667
0.045831503192988024	0.06678991878552631
0.04527963208167286	0.06716528012935266
0.04416670536846159	0.06790229799647121
0.041905176054173134	0.06932082050996531
0.04177190197304995	0.06940121138611327
0.04163847367062964	0.06948134603392737
0.041371156372927036	0.069640845462077
0.04083469283496223	0.06995675662422006
0.03975456109021402	0.0705761631773116
0.03756637510873237	0.07176480612038247
0.03742841303260946	0.07183685568123414
0.037290312771291835	0.07190864002138617
0.037013699733037864	0.07205141198046423
0.036458837902172476	0.07233376165477076
0.03534268610825713	0.07288562598317504
0.03308559564031119	0.07393756350754259
0.0329314715843084	0.07400633834745482
0.0327772045673705	0.07407479191367883
0.03246824433010107	0.07421073403778547
0.0318486378322983	0.07447875001994307
0.030602831574711283	0.07499924423563165
0.02808606055341903	0.07597758313407811
0.027927696876618998	0.07603593678961125
0.02776921196109295	0.07609396036063548
0.027451881166422467	0.07620901624303184
0.026815795019664822	0.07643515600670539
0.025538079301972726	0.07687149303787603
0.022961719227829247	0.07767998060252339
0.02281058028756739	0.07772449654549403
0.022659355045157255	0.07776871842356398
0.02235664794281462	0.07785627931687408
0.021750223308540408	0.07802786503765624
0.020533460910445313	0.07835685623699618
0.02038100997144748	0.07839664768885102
0.02022848192240145	0.07843614253277088
0.019923196802768918	0.07851424180022508
0.019311726653663097	0.07866687454043328
0.018085316362171228	0.07895784488184979
0.01793170107000897	0.07899287330539326
0.01777801793457811	0.07902760286522609
0.01747045045996037	0.07909616486930414
0.01685452699217637	0.07922969680729613
0.015619656560211052	0.07948236449205023
0.015465025688107814	0.07951259596298085
0.015310336305220369	0.07954252660386847
0.015000784348335584	0.07960148494369186
0.014381004070973575	0.07971578675655602
0.013138869444928676	0.07992990708123707
0.012986432207797615	0.07995481545734659
0.012833947751572376	0.07997943311512018
0.012528839399763004	0.08002779591867452
0.011918080473563051	0.08012102903814795
0.011765281017316942	0.08014360922050887
0.011612438782122484	0.08016589799807353
0.011306628197999664	0.08020960101570304
0.01069451814508016	0.0802935066985533
0.010541392026406169	0.08031375343271968
0.010388227578884433	0.08033370814343987
0.010081785925078935	0.08037274120537978
0.009468467184465689	0.08044729992661512
0.008240212895814112	0.08058237293439385
0.008086540418113807	0.0805979391819188
0.007932838537486839	0.08061321237268886
0.007625348803018199	0.08064287936289466
0.007010041095938047	0.08069869429017629
0.006856149048777903	0.08071191458841138
0.006702232072434557	0.08072484141547323
0.006394325570875622	0.08074981446913496
0.0057782380478581565	0.08079623692578979
0.005624162242173116	0.08080710819834964
0.005470065986849381	0.08081768565360917
0.005161814368554334	0.0808379589594558
0.005007660126396034	0.08084765473632848
0.004853487676220987	0.08085705654847228
0.004545090394189212	0.08087497814290104
0.004390866683675136	0.0808834978600225
0.004236627007825518	0.0808917234820883
0.003928102003457834	0.08090729232248786
0.0037738177967468222	0.0809146354842128
0.0036195198683103124	0.08092168443766466
0.0033108850904379995	0.08093489961829808
0.003143429426246231	0.0809415763853675
0.002975960306690725	0.08094790668423163
0.002808478448618471	0.08095389048779383
0.002640984568930966	0.08095952777044059
0.0024734793845812026	0.08096481850804166
0.0023059636125705605	0.08096976267795017
0.001970903173795573	0.08097861123151961
0.0018033599412482768	0.08098251557730454
0.001635808989468045	0.08098607327964512
0.0014682510356521467	0.08098928432331266
0.0013006867970278052	0.08099214869456242
0.0011331169908491818	0.08099466638113352
0.0009655423343942698	0.08099683737224908
0.0007979635449617872	0.08099866165861622
0.0006303813398681619	0.08100013923242612
0.000462796436444442	0.0810012700873541
0.00029520955203322593	0.08100205421855955
0.0001276214039855916	0.08100249162268601
-0.00003996729034199207	0.08100258229786118
-0.00020755581359068191	0.08100232624369695
-0.000375143448402367	0.08100172346128935
-0.0005427294774227753	0.08100077395321854
-0.0007103131833044905	0.0809994777235489
-0.0008778938487100399	0.0809978347778289
-0.0010454707563149663	0.0809958451230911
-0.001213043188810897	0.0809935087678522
-0.001380610428908633	0.08099082572211287
-0.0015481717593411658	0.08098779599735784
-0.0017157264628667821	0.08098441960655574
-0.0018832738222721716	0.08098069656415914
-0.002050813120375442	0.08097662688610441
-0.002218343640029207	0.0809722105898117
-0.0023858646641236572	0.08096744769418485
-0.0025533754755896272	0.08096233821961128
-0.0027208753574016857	0.08095688218796199
-0.0028883635925811488	0.08095107962259135
-0.0030558394641991863	0.0809449305483371
-0.003390751249303464	0.08093159297994461
-0.003558185729208964	0.08092440454289748
-0.0037256049783977083	0.08091686971114867
-0.004060394918159133	0.08090076099403923
-0.0047297605019513515	0.08086438834184213
-0.004897053074421626	0.08085442973327045
-0.005064324685190072	0.08084412502952237
-0.005398802157708049	0.08082247751441426
-0.006067474064642071	0.08077503138211069
-0.006234578900864864	0.08076230533011648
-0.006401657050143087	0.08074923357728186
-0.006735730427289312	0.08072205319438401
-0.007403525478645181	0.08066354657956172
-0.0075592315652291036	0.08064910386637483
-0.007714909480209887	0.0806343605916128
-0.008026178474759092	0.08060397257826307
-0.008648352884108144	0.0805395923052632
-0.008803817359047549	0.08052274670063488
-0.008959249024084726	0.08050560100533694
-0.009270011607537496	0.08047040959944339
-0.00989111757664179	0.08039642858604554
-0.010046303360207533	0.08037718410780982
-0.010201451703397407	0.08035764008138443
-0.010511633755975433	0.08031765367642602
-0.011131523145260882	0.08023408956779278
-0.012369273741653218	0.08005261396987684
-0.012523791177994186	0.08002858608544866
-0.01267826194090392	0.08000425995197943
-0.012987061143890758	0.07995471330166168
-0.013604074150742277	0.07985204507592263
-0.014835629861098768	0.07963243072348443
-0.017287833079410765	0.07913627969347879
-0.017453394071192882	0.07909993028885501
-0.017618878636521944	0.07906323451451745
-0.017949615589605433	0.07898880450096371
-0.018610140517061717	0.07883579520903744
-0.019927232604795397	0.0785132175943672
-0.020091484011682707	0.07847134640436833
-0.020255647440217305	0.07842913159715394
-0.020583707487203885	0.07834367187199805
-0.02123874023760132	0.07816863724938389
-0.022544295875469886	0.07780215074010065
-0.02270705358954667	0.07775480469776468
-0.02286971187198523	0.07770711817586887
-0.023194727293336773	0.07761072453014345
-0.02384353364639267	0.07741386077156605
-0.025136089448895275	0.07700387615908182
-0.0276997082071076	0.07611928863006516
-0.02785602263406711	0.07606222412812035
-0.028012219502814687	0.07600483862776237
-0.028324257929439874	0.07588910560187564
-0.028946895113664734	0.07565379831564681
-0.030186263830515765	0.07516787486859375
-0.032640209945935486	0.0741352590269389
-0.032792438129281024	0.07406804937247469
-0.03294452792171408	0.07400052713542975
-0.0332482897670272	0.07386454605474717
-0.03385412456474197	0.07358884552879605
-0.035058895613326445	0.07302255661560988
-0.037439707983677815	0.07183096966074594
-0.037577258116848	0.07175910819349592
-0.03771467032029994	0.0716869833298707
-0.0379890789210361	0.07154194447341618
-0.03853621880730672	0.07124871771717335
-0.039623677028134366	0.07064972862705254
-0.04177041602198185	0.06940210574367779
-0.041903304818022784	0.06932195165771042
-0.04203603980531557	0.06924154312110611
-0.04230104640537431	0.0690799638774981
-0.04282919250122221	0.06875376503144626
-0.04387790790856676	0.06808927326586331
-0.045944172507464576	0.06671246471919927
-0.04608269930004779	0.06661685043236018
-0.04622102711067605	0.06652094849850099
-0.046497083397769215	0.06632828334735467
-0.04704678196561627	0.06593951958412979
-0.04813639045140846	0.06514835263163317
-0.05027540376620508	0.06351223277803358
-0.05040727124658527	0.06340762526525694
-0.050538921071803584	0.06330274396267574
-0.05080156548387689	0.06309216180076127
-0.05132421749733159	0.06266773200453861
-0.0523588482236876	0.0618059135438909
-0.054384421015343166	0.06003128090530779
-0.05450075056467773	0.059925688349762425
-0.05461687509639202	0.05981987036939469
-0.054848507360411886	0.059607559727277167
-0.05530929250835266	0.059180250916429505
-0.056220848479099236	0.05831497348534282
-0.058003139296422514	0.0565425129266986
-0.05811269550592782	0.05642990835843514
-0.05822203311061734	0.05631709151556258
-0.05844005086117455	0.05609082270433732
-0.05887344506260456	0.05563575651293469
-0.059729577249034056	0.05471560598181972
-0.061398499900959386	0.05283601183111726
-0.061509405058974585	0.05270685937899415
-0.06162003854383956	0.05257747413257697
-0.061840488540748265	0.05231800754374784
-0.06227810703712499	0.05179630604761767
-0.06314011020816782	0.05074195915814145
-0.06481033506044902	0.04859053823182456
-0.06491231034931227	0.048454224804661127
-0.06501399893516116	0.04831769736613009
-0.065216514202542	0.048044002867951255
-0.06561808462425407	0.04749407233066357
-0.06640728612152168	0.04638418142298542
-0.06792915789757821	0.04412538321229584
-0.0680200592506605	0.04398512789389962
-0.06811067101492387	0.0438446853130785
-0.06829102423514506	0.0435632407566391
-0.06864823871865006	0.042998130856274505
-0.06934861511093568	0.04185916289776203
-0.07069249643767328	0.03954732460882307
-0.07077394578734217	0.03940137731090657
-0.07085509382378674	0.039255262265439635
-0.07101648457636757	0.038962531420848656
-0.07133563520785012	0.03837508417969408
-0.07195933732045827	0.03719238777904122
-0.07314775716037351	0.03479691881062313
-0.0732146023623287	0.03465605195679632
-0.07328117628531704	0.0345150566933673
-0.07341350930870524	0.034232683027871476
-0.073674909221702	0.03366641779993888
-0.07418459061345563	0.0325279334083809
-0.07515106211292896	0.030228096195506017
-0.07520910905996918	0.030083381636906024
-0.07526687733788134	0.029938555611625544
-0.07538157703116947	0.029648571307905117
-0.07560762303944711	0.029067288738906138
-0.07604625498833341	0.027899588501543317
-0.07686932017493667	0.025544618849165587
-0.07692246427076574	0.025384137306964788
-0.07697527332663072	0.02522354520277759
-0.07707988539987802	0.02490203210679286
-0.07728507904413967	0.024257709979450974
-0.07767929476741835	0.022964039295006525
-0.0777270514418422	0.022801872959546304
-0.07777446957187895	0.022639607309292032
-0.07786828937413763	0.022314780891858153
-0.07805185745749618	0.0216639674053662
-0.07840266326286009	0.02035785670439401
-0.07844497927107016	0.020194186377951527
-0.07848695360791956	0.020030428094635268
-0.07856987653773922	0.0197026505107939
-0.07873161439670892	0.019046071269267262
-0.07903861916421145	0.017728976758990298
-0.07958645343235628	0.015080330446162579
-0.07961568715933967	0.014925223430563048
-0.07964461859665437	0.014770059745970204
-0.07970157416403131	0.014459564726556911
-0.07981185306637122	0.013837920595885922
-0.0800178588800465	0.012592148210652361
-0.08004224343420116	0.012436205302508992
-0.0800663240791124	0.012280215175827267
-0.08011357327663544	0.011968095636116727
-0.08020442081515662	0.011343316005972123
-0.0803714935382265	0.010091727440873935
-0.08039100521976772	0.009935100203890813
-0.08041021166786562	0.009778435244716834
-0.08044770857319383	0.009464994539277197
-0.08051903645154727	0.008837686644166206
-0.08053610428859849	0.00868077429277246
-0.08055286634128546	0.008523828981688464
-0.08058547284015516	0.008209841864170604
-0.08064701370304128	0.0075814983405355085
-0.08066163354821648	0.007424339003528169
-0.0806759471324103	0.007267151477340309
-0.08070365530163015	0.006952694244804348
-0.08075539419497398	0.006323467776500177
-0.08076756249573501	0.006166099642692466
-0.08077942413331722	0.006008708097063768
-0.08080222723996178	0.005693857160804962
-0.08084415159151037	0.005063900646237318
-0.08085367759127192	0.004909455802095074
-0.08086290853953539	0.004754993042351098
-0.08088048514790247	0.004446016030785146
-0.08088883074386549	0.004291502906483066
-0.08089688116004942	0.004136974121614895
-0.08091209633664695	0.003827871825863075
-0.08091926104153724	0.0036732994429565092
-0.08092613045560214	0.003518713655433939
-0.08093898331206177	0.0032095041230473316
-0.08094496670755386	0.0030548815065517053
-0.0809506547184153	0.0029002477421727446
-0.08096114450429755	0.0025909490269635095
-0.08096594624103898	0.002436285204827092
-0.0809704525165912	0.0022816124921909734
-0.08097466331450992	0.0021269314534872728
-0.08097857861942907	0.0019722426531785303
-0.08098219841706092	0.0018175466557556086
-0.08098552269419607	0.0016628440257356355
-0.08098855143870358	0.0015081353276599418
-0.08099128463953094	0.001353421126091965
-0.08099372228670414	0.0011987019856152998
-0.0809958643713277	0.0010439784708315622
-0.08099771088558473	0.0008892511463582598
-0.08099926182273694	0.0007345205768268387
-0.08100051717712461	0.0005797873268805866
-0.08100147694416673	0.00042505196117257243
-0.0810021411203609	0.00027031504436358624
-0.0810025097032834	0.0001155771411200423
-0.0810025826915892	-0.0000391611838879736
-0.08100236008501197	-0.0001938993659888364
-0.08100184188436403	-0.0003486368405115146
-0.08100102809153639	-0.0005033730427875227
-0.08099991870949876	-0.0006581074081530179
-0.0809985137422995	-0.0008128393719508608
-0.08099681319506559	-0.0009675683695326758
-0.08099481707400272	-0.0011222938362609475
-0.08099252538639512	-0.0012770152075109733
-0.08098993814060562	-0.001431731918672996
-0.08098705534607561	-0.0015864434051543357
-0.080983877013325	-0.0017411491023813425
-0.08098040315395216	-0.0018958484458014935
-0.08097663378063391	-0.0020505408708854506
-0.08096820854826037	-0.002359902708055763
-0.08096355271995047	-0.0025145709912179157
-0.0809586014391858	-0.002669230098199553
-0.08094781259364325	-0.0029785185261269097
-0.08094197506823607	-0.0031331467184163115
-0.08093584216911535	-0.003287763477216719
-0.08092269034033198	-0.003596960437482488
-0.080915671458663	-0.0037515395106253167
-0.08090835729926772	-0.003906104893638165
-0.08089284325513912	-0.0042151923331640905
-0.08085827308074602	-0.004833178116475492
-0.08084808326783964	-0.005000736767971202
-0.08083754623169483	-0.005168273942495013
-0.08081543067219712	-0.0055032809825932396
-0.0807670349654075	-0.006173005686269213
-0.08075406871719135	-0.006340372380642185
-0.08074075564950679	-0.006507711844627682
-0.08071308928592766	-0.006842306206824062
-0.08065359734067891	-0.00751113655272656
-0.080637858221037	-0.007678265287811336
-0.08062177278102309	-0.007845361046577638
-0.08058856321769882	-0.008179450764753918
-0.0805179913858602	-0.008847202919149902
-0.0803602543734063	-0.01018083755628707
-0.08033898324996565	-0.010347352640545824
-0.08031736708974972	-0.010513823285392472
-0.0802731000318185	-0.010846628397236302
-0.0801804296586823	-0.011511673903267532
-0.07997856666804692	-0.012839346168354705
-0.07995178692540036	-0.013005064541994814
-0.07992466380889442	-0.013170727061983894
-0.0798693879217278	-0.013501881695327955
-0.07975472088526726	-0.014163489429486868
-0.07950895383626856	-0.01548373973457918
-0.07947886057660598	-0.01563747606714392
-0.07944847005687565	-0.015791153913752035
-0.0793867976929792	-0.016098331850227982
-0.07925989092002786	-0.016711960616616974
-0.07899185614616598	-0.01793618127945552
-0.07895702098666663	-0.018088912991585743
-0.0789218905188395	-0.018241577049103664
-0.07885074418487392	-0.018546699916633217
-0.07870491367219702	-0.01915610869039135
-0.07839913218143225	-0.02037145084436516
-0.07835958847304475	-0.020523031711741427
-0.07831975169079572	-0.020674535820621783
-0.07823919950178522	-0.020977311496612788
-0.07807458486654	-0.021581916833856917
-0.07773134941202596	-0.022787216918518233
-0.07698914716870318	-0.025181166663636435
-0.07693619760902752	-0.02534248278623742
-0.07688291004249367	-0.025503687570700383
-0.07677532182677686	-0.025825760292795104
-0.07655609971326839	-0.026468538550478718
-0.07610152718894188	-0.02774846835082635
-0.075128324193469	-0.03028456438826705
-0.07506468185494891	-0.030441968962624202
-0.07500070973177525	-0.03059923979506785
-0.07487177725711996	-0.030913377471028392
-0.07460996735514355	-0.03154001755818289
-0.07407063263663165	-0.03278660270774071
-0.0729296419877673	-0.03525176954199833
-0.07285694776809165	-0.03540176687996854
-0.0727839450432407	-0.03555161431283519
-0.07263701531580774	-0.03585085692584187
-0.07233946748758893	-0.036447515414883024
-0.07172968932985241	-0.03763338418145423
-0.07045198829754537	-0.03997420769982318
-0.0703695816615416	-0.04011909661352932
-0.0702868770528559	-0.04026381564708928
-0.07012057531951507	-0.04055274162330193
-0.06978441167398235	-0.04112852809938898
-0.06909792380104375	-0.04227170286008387
-0.06766896352150452	-0.04452337938916322
-0.0675833842269778	-0.04465317584153182
-0.0674975559690281	-0.04478280780069503
-0.06732515382847101	-0.04504157632986202
-0.06697737595923357	-0.04555711849888613
-0.06626999791758907	-0.04658011713498379
-0.06480854116087734	-0.04859293085321093
-0.06471515635954232	-0.04871722974129442
-0.06462153316075162	-0.048841349165025645
-0.06443357295123531	-0.049089047791171396
-0.06405480699652508	-0.04958227139758721
-0.06328597137299839	-0.050559922504708206
-0.061703724303827694	-0.05247923725954195
-0.06159435969978273	-0.05260755449058484
-0.06148472825153701	-0.0527356438108109
-0.06126466672341518	-0.05299113650012554
-0.06082136251196044	-0.0534993625989578
-0.05992213740072556	-0.054504654715305176
-0.05807409910247875	-0.05646962856032921
-0.0579564367100308	-0.056590382400035666
-0.05783852323389421	-0.056710891074187426
-0.05760194507497892	-0.056951170838580506
-0.057125798302212864	-0.05742876548073243
-0.05616165881400719	-0.05837197971257374
-0.05418693735961404	-0.06020959853620797
-0.05406984964579039	-0.06031476846998331
-0.0539525578109713	-0.060419710707350055
-0.053717363550285994	-0.060628910509034205
-0.05324454511126537	-0.061044560381744904
-0.05228928877489175	-0.06186477362540052
-0.050341110064823814	-0.06346016525149747
-0.05021771385726135	-0.06355785672327453
-0.050094128071037074	-0.06365530825554619
-0.0498463896295293	-0.06384949003090962
-0.04934865837864053	-0.06423495818115167
-0.04834428386573448	-0.06499423169647717
-0.04630073982479427	-0.06646549050434204
-0.046174058674565664	-0.06655355919726487
-0.0460472100092366	-0.06664138644019445
-0.0457930119746628	-0.06681631530243538
-0.0452826260133981	-0.0671632616661579
-0.044253998413940676	-0.06784543876109143
-0.04216615954969632	-0.06916238085213396
-0.04203434911843219	-0.0692425694966314
-0.041902386190540784	-0.0693225069356616
-0.041638004760423536	-0.06948162703821074
-0.04110743304247	-0.06979684007865197
-0.040039162149751936	-0.07041509377009977
-0.03787498149723768	-0.0716024141554597
-0.03772691296259597	-0.07168054111555507
-0.03757868327165205	-0.07175836188121167
-0.037281742954286996	-0.07191308350082441
-0.03668595634990038	-0.07221883786796404
-0.035486902006930596	-0.07281551841645142
-0.033060019574710706	-0.07394900298195924
-0.03290711140172281	-0.0740171733822677
-0.03275406266095534	-0.07408502760685376
-0.032447546091763854	-0.07421978637081174
-0.03183285494584473	-0.0744854971273125
-0.03059698786073774	-0.07500162845002727
-0.028100500052388577	-0.07597224383359874
-0.027953946424261824	-0.07602629029234277
-0.027807288847913034	-0.07608005404332205
-0.02751366403234922	-0.07618673262334516
-0.026925191043777462	-0.07639668856411355
-0.02574347430483604	-0.07680295220251834
-0.02336194400664188	-0.07756055381788221
-0.023212336364862748	-0.07760545970993628
-0.023062642406788326	-0.07765007702200095
-0.022762997768651653	-0.07773844524358867
-0.022162697210458687	-0.07791171149874451
-0.020958176075204487	-0.0782443275382107
-0.018534458595353017	-0.07885362249689748
-0.01836957888623965	-0.078892195481228
-0.018204618902658662	-0.07893042370920755
-0.017874460995921097	-0.07900584522939659
-0.017213213630222757	-0.0791525439441234
-0.01588715461946583	-0.07942932867904184
-0.015721077212188524	-0.0794623663604003
-0.015554931104310683	-0.07949505679377945
-0.015222435691262689	-0.0795593953466933
-0.014556652424021762	-0.07968389929284518
-0.013222079147462502	-0.07991618458938282
-0.013054989817515376	-0.07994365001155902
-0.012887843437683682	-0.07997076608256186
-0.012553382450309574	-0.08002394969858918
-0.011883808031925373	-0.08012611960507272
-0.011716282768340174	-0.08015078698552103
-0.011548706304976912	-0.08017510410961409
-0.011213402708352065	-0.0802226871652053
-0.010542213353727951	-0.08031364562706983
-0.01037429900854978	-0.08033550806702647
-0.010206339328019384	-0.08035701944340268
-0.009870286897010309	-0.08039898863093228
-0.009197670318693705	-0.08047871020968647
-0.007850554957217329	-0.08062126718905988
-0.007693167055775675	-0.08063643789849598
-0.007535749840914785	-0.08065130135739425
-0.007220829870283536	-0.08068010629821017
-0.006590664566821911	-0.08073402675993382
-0.006433058958666406	-0.08074673794488786
-0.006275428838505277	-0.08075914145902573
-0.005960097464741036	-0.08078302528698006
-0.005329167006445072	-0.08082709889216295
-0.005171382124574355	-0.08083734745294222
-0.005013577538089014	-0.0808472879976542
-0.004697911656490121	-0.08086624488854349
-0.004540051564164219	-0.080875261162489
-0.0043821741727944185	-0.0808839692759039
-0.004066369899239244	-0.08090046088959342
-0.003908444220368841	-0.08090824432702971
-0.003750503649079895	-0.08091571947825904
-0.00343458023651627	-0.08092974480934068
-0.00327659859901052	-0.080936294935752
-0.0031186044766194957	-0.08094253666907457
-0.0028025811852585374	-0.08095409486249665
-0.0026445532204381014	-0.08095941127855576
-0.0024865151790268002	-0.0809644192134455
-0.0023284676631998872	-0.080969118648084
-0.002170411275168717	-0.08097350956456496
-0.002012346617178593	-0.08097759194615756
-0.001854274291506329	-0.08098136577730664
-0.0016961949004578138	-0.08098483104363269
-0.0015381090463658553	-0.08098798773193194
-0.0013800173315880325	-0.08099083583017642
-0.0012219203585042554	-0.08099337532751394
-0.0010638187295143255	-0.08099560621426824
-0.0009057130470357851	-0.08099752848193889
-0.0007476039135017657	-0.08099914212320146
-0.0005894919313585482	-0.08100044713190746
-0.0004313777030631234	-0.08100144350308439
-0.0002732618310810413	-0.08100213123293576
-0.00011514491788425822	-0.08100251031884109
0.00004297243405130183	-0.08100258075935596
0.00020108962224818717	-0.08100234255421195
0.00035920604422957003	-0.0810017957043167
0.0005173210975213981	-0.08100094021175391
0.0006754341796548343	-0.08099977607978325
0.0008335446881686964	-0.08099830331284043
0.0009916520206116083	-0.0809965219165372
0.0011497555745441515	-0.08099443189766119
0.0013078547475413053	-0.08099203326417609
0.001465948937194886	-0.08098932602522142
0.0016240375411156968	-0.08098631019111266
0.001782119956935682	-0.08098298577334108
0.001940195582310363	-0.08097935278457377
0.0022563240524781413	-0.08097116115059905
0.0024112775265899378	-0.08096669486273868
0.002566222169645284	-0.08096193204267109
0.0028760826927460136	-0.08095151687677359
0.0030309974379589726	-0.08094586456908813
0.0031859010824550026	-0.08093991580548428
0.0034956728000642315	-0.08092712899875396
0.0036505397386703184	-0.08092029100245784
0.003805393307549407	-0.0809131566439039
0.004115058067636372	-0.0808979989456232
0.0047342022006694445	-0.08086412842434677
0.00488894630467496	-0.08085492032236552
0.005043672503416574	-0.08084541609753983
0.005353068918500411	-0.0808255194196725
0.005971621956722234	-0.08078217419401426
0.006126206955823387	-0.08077059814462496
0.006280769518320532	-0.08075872628121253
0.006589825069308903	-0.08073409528731947
0.007207642030739377	-0.08068128551692016
0.007362031691924803	-0.08066734423342053
0.007516394390425003	-0.08065310751405465
0.00782503663812034	-0.08062374797736797
0.00844197271330761	-0.08056148604025277
0.008596130849350988	-0.08054518279032526
0.008750257502947677	-0.08052858455193522
0.009058414105026195	-0.08049450335400507
0.009674324690988386	-0.08042280384368233
0.00982821516893032	-0.0804041424486281
0.009982069652043174	-0.08038518658165714
0.010289668380010894	-0.0803463917107388
0.010904409114129515	-0.08026527143277945
0.012131937664568482	-0.0800889257313962
0.012298162508767398	-0.08006356933845768
0.012464334359271228	-0.0800378679456566
0.012796516215238005	-0.0799854306049497
0.013460212512449604	-0.07987642089769525
0.014784775376804156	-0.07964188818306304
0.014950066531477641	-0.07961102591356592
0.015115293265204782	-0.07957982059424944
0.015445550622203943	-0.07951638134550017
0.016105260976955638	-0.07938539226564433
0.017421305156633086	-0.07910700388047534
0.017585480302002236	-0.07907066977618163
0.017749579670231504	-0.07903399495050327
0.01807754824713483	-0.07895962376859823
0.018732544984396114	-0.07880679979997696
0.02003861885372211	-0.07848486281278272
0.02263382951350002	-0.07777615121526577
0.022784469545848687	-0.07773215476120783
0.02293502405732428	-0.07768786654166807
0.02323587425757102	-0.07759841547217584
0.023836523564860483	-0.07741601953502855
0.02503349166643117	-0.07703729117312468
0.027409101334069548	-0.07622441275841212
0.02755672608646373	-0.07617116766665509
0.027704247405452718	-0.07611763666853785
0.027998977528736507	-0.07600971775800368
0.028587172237152767	-0.07579045797321345
0.02975837600156065	-0.07533829699466142
0.03207905845704035	-0.07437979527274768
0.03223514655353877	-0.07431228204663042
0.0323910925634533	-0.07424444126567235
0.03270255557463496	-0.07410777823679499
0.03332374635554995	-0.0738305347748277
0.034559033836004546	-0.0732604471500684
0.03700001642571011	-0.07205843962231803
0.03715122004013061	-0.07198060006582238
0.0373022598988215	-0.07190244323211031
0.03760384568671579	-0.0717451791124375
0.03820502294921315	-0.07142685879804718
0.03939925207741099	-0.0707751289087254
0.04175403374522767	-0.06941196296250712
0.04189701796107087	-0.06932575150891461
0.042039824172911786	-0.06923924551738511
0.04232490015843487	-0.0690653513918853
0.04289288943642522	-0.06871404494061366
0.044020082343300446	-0.0679974432371918
0.046238257101750446	-0.06650897320285809
0.04637524810842697	-0.0664135249718603
0.04651204208485701	-0.06631779457583434
0.04678503662308155	-0.06612548891677845
0.04732863582086815	-0.06573750959415567
0.048406145654743875	-0.06494817163829782
0.05052139032498029	-0.06331673598612818
0.05064304053631365	-0.06321947786515929
0.050764503517651736	-0.06312198601844207
0.05100686599481557	-0.06292630259035564
0.05148932447735839	-0.06253214694196398
0.052445075906089246	-0.06173276236740592
0.05431912897952973	-0.06009036664234364
0.054434568600332044	-0.059985812302592166
0.05454980697365961	-0.05988103619212471
0.054779678274466496	-0.05967082020931181
0.05523698721056233	-0.05924774409381546
0.05614177599550833	-0.058391103126899706
0.057911292053442164	-0.05663657995506966
0.058029245697947665	-0.05651571976037547
0.058146947109164134	-0.056394613911171884
0.05838159118639717	-0.0561516673559251
0.05884783010438161	-0.05566284962443003
0.05976799787957712	-0.05467363501517834
0.061558203339587975	-0.05264985790966592
0.061667837289237366	-0.05252140306936037
0.061777203189884174	-0.052392719936474354
0.06199512894383256	-0.05213467103131702
0.0624277430254632	-0.05161585838725151
0.06327991657624747	-0.050567500377309865
0.06493122193963158	-0.048428879335912556
0.06502536188761794	-0.04830240416056323
0.0651192554834496	-0.04817574598890289
0.06530630219669908	-0.04792188257674659
0.06567742380831289	-0.04741198095639253
0.06640770135199403	-0.04638358694032234
0.06781977910810479	-0.044293312114064655
0.06790586403306226	-0.04416122242680035
0.06799169169292445	-0.044028965432319454
0.06816257391768747	-0.04376395152659164
0.06850123694435988	-0.043231938117539184
0.0691660857862793	-0.04216008198890422
0.07044531574909701	-0.03998596535431021
0.07052148694032731	-0.03985147194309534
0.07059740135854549	-0.03971683343025361
0.07074845877124551	-0.039447123061123794
0.07104748022126772	-0.038905982708506974
0.07163308896603923	-0.037816934057239224
0.07275409732082642	-0.035612655887167284
0.07282191935440789	-0.035473764923478104
0.07288947623896332	-0.035334744797658774
0.07302379357804736	-0.035056319084821215
0.07328923570963235	-0.034497940016818704
0.0738072959894902	-0.03337518531822493
0.07479170334936222	-0.031106607761166645
0.07485594143849354	-0.030951703792568445
0.07491985870047055	-0.030796667167204944
0.07504672964855857	-0.03048619860465112
0.07529660965758436	-0.02986369887303723
0.07578086261764061	-0.028612598575319104
0.07668688288558194	-0.026087198577062893
0.07674072549601774	-0.025928381874905423
0.07679423920125097	-0.025769454045577293
0.07690027898009676	-0.0254512677304955
0.07710840167826662	-0.02481359157657677
0.0775087701605506	-0.023533178376602935
0.07824562275201327	-0.02095333998329848
0.0782859545037766	-0.020802145652280505
0.07832599410241896	-0.020650873690328503
0.07840519624374116	-0.020348099132019903
0.07856008818745516	-0.019741643302555605
0.07885579071674302	-0.018525231624551847
0.07889143069971248	-0.01837286309910717
0.07892677627000168	-0.018220426008498606
0.07899658364601787	-0.017915348407546373
0.07913265971573503	-0.017304395471086472
0.07939062905839742	-0.016079426420678545
0.0794215432262911	-0.015926029255920876
0.07945216100319266	-0.015772572657268755
0.07951250692807957	-0.015465483449222335
0.07962963713259763	-0.014850617038928033
0.07984962685481949	-0.013618260808640812
0.07987578567584784	-0.01346398154232594
0.07990164641070965	-0.01330965203016226
0.07995247323701062	-0.013000844572225759
0.0800505456837967	-0.012382652059734602
0.08023234563306156	-0.011144085898942913
0.08025619104248521	-0.010971040773700012
0.08027966322862017	-0.010797944628743129
0.08032548749614009	-0.010451602499785101
0.08041265266524415	-0.009758341439244372
0.08043350932927629	-0.009584910708154584
0.08045399194541901	-0.009411435403408164
0.0804938346547668	-0.009064354300066604
0.08056902742428519	-0.008369692719022171
0.08058688913560191	-0.00819592799823649
0.080604376085752	-0.008022125163117606
0.08063822537901011	-0.007674408383063935
0.0807014233702022	-0.006978553025481425
0.08071628481283222	-0.006804506030552347
0.0807307708925541	-0.006630427391957014
0.08075861669555504	-0.006282178422051576
0.08080980109954512	-0.0055853363871863
0.08082165785045187	-0.00541105891767626
0.08083313874842381	-0.005236756284584643
0.08085497277374838	-0.004888078770077193
0.0808653257995641	-0.004713705510150828
0.08087530276937162	-0.004539310329614288
0.08089412835712362	-0.004190457450837634
0.08090297688752159	-0.004016001374902503
0.08091144918681882	-0.003841526622959618
0.08092726493626257	-0.0034925243366426086
0.08093460831285952	-0.003317998425268271
0.080941575311257	-0.0031434570838782794
0.08095438004560665	-0.002794331357866572
0.0809602177220117	-0.0026197485968186872
0.08096567890112331	-0.0024451536528953344
0.0809707635575448	-0.002270547338032546
0.0809754716676305	-0.0020959304642193064
0.0809798032094858	-0.0019213038434937038
0.08098375816296735	-0.0017466682879390804
0.080987336509683	-0.0015720246096804738
0.080990538232992	-0.0013973736208806955
0.0809933633180051	-0.0012227161337364087
0.08099581175158449	-0.001048052960474498
0.08099788352234401	-0.0008733849133484337
0.08099957862064909	-0.0006987128046343519
0.08100089703861683	-0.0005240374466271328
0.08100183877011607	-0.00034935965163676694
0.08100240381076741	-0.00017468023198472166
0.08100259215794314	-1.9839913041772712e-17