2.4100462616052205	0.
2.410041786786022	0.004644246175223463
2.4100283623450447	0.009288475104170555
2.410005988332139	0.013932669540628953
2.409974664830391	0.01857681223851441
2.4099343919561185	0.023220885951934826
2.4098851698588746	0.027864873435254255
2.4098269987214436	0.032508757443156976
2.409759878759843	0.037152520730711514
2.4096838102233202	0.04179614605343469
2.409598793394354	0.046439616167355646
2.409504828588652	0.051082913829079916
2.4094019161551494	0.05572602179585338
2.4092900564760096	0.060368922825626385
2.409169249966619	0.06501159967711773
2.4089007982847557	0.07429621188435696
2.408753154109171	0.07893811276196094
2.4085965650971075	0.08357972050512338
2.408256554922715	0.09286198764336179
2.408073135023004	0.09750261256900215
2.407880772812046	0.10214287542145781
2.40746922434692	0.11142224598228595
2.407250039621026	0.11606131923197918
2.4070219156404264	0.1206999614912572
2.406538853336831	0.12997588413836655
2.4054654971706917	0.14852179974218066
2.405174823985393	0.15315694285317877
2.4048752192516436	0.1577915172202161
2.404249219622249	0.16705889088314285
2.4028900929569623	0.18558605617497556
2.4025280003929366	0.19021616757052123
2.4021569861093646	0.19484557260372695
2.4013881979277087	0.20410219482114825
2.399743623769988	0.22260620668028144
2.3993101978812676	0.22723018597944267
2.398867862222218	0.23185332146575693
2.397956468196618	0.2410969923315121
2.396026837391929	0.2595734531398158
2.391740617145131	0.29647901000834187
2.3911160152939592	0.30147501468950527
2.390480977513851	0.30646970359518605
2.3891796052987484	0.31645504688946785
2.386451754721719	0.33640898540753533
2.3804963109667407	0.3762449953833761
2.379705092320596	0.3812173352048975
2.3789034875480257	0.3861880112188101
2.37726913366321	0.3961242850539099
2.3738759493488257	0.41597591298116154
2.3665925190607986	0.45559064060048804
2.3656355675675727	0.46053376047424266
2.364668291353792	0.46547487036706514
2.362702781696161	0.4753509739576854
2.3586480545031665	0.4950781130950212
2.350044774715872	0.5344273008632014
2.330871565038916	0.6126669000120153
2.3296720102415174	0.6172125304743461
2.3284635906333824	0.6217558123347094
2.3260201754116125	0.6308352611065983
2.3210271718200675	0.6489652153623015
2.3106175472940755	0.6851054905735391
2.2881128814240754	0.7568767567698943
2.2866320999795904	0.7613387041391158
2.2851426174987783	0.7657977544809921
2.282137572132232	0.7747070962239225
2.276023320559512	0.7924902695595387
2.263379488012055	0.8279107900755898
2.2364414585246335	0.8981384000639926
2.2347197506722734	0.9024137737382729
2.232989869656891	0.9066858469651996
2.2295056134740805	0.9152200295911709
2.2224393035308063	0.9322481028131959
2.2079169505849747	0.9661395977791434
2.177325368571074	1.0332362858775994
2.1753454048815626	1.0373983576900292
2.1733574851820774	1.0415566353685888
2.169357806864368	1.0498617475048413
2.1612632999587644	1.0664257739424015
2.14469535262995	1.099365647764561
2.1100574513109844	1.164465772465765
2.107637212726981	1.1688406061588301
2.1052079037060865	1.17321040962426
2.100322116211756	1.1819348506703187
2.0904421586007875	1.199322544031329
2.0702511069839513	1.2338489928305743
2.0281641285148906	1.3018729780138818
2.0254590132595096	1.306077627357238
2.022745181229703	1.3102766558591032
2.0172914136013143	1.318657778078797
2.006279793446063	1.3353517789284295
1.9838428798447307	1.3684627912978362
1.9373361862355827	1.4335450758798858
1.9345571128877448	1.4372932060135584
1.931770788109207	1.4410359486443192
1.9261764260638485	1.4485052153006552
1.914901146164466	1.4633784826542013
1.8920067389466786	1.4928608384098143
1.8448619005811582	1.5507441925931484
1.8418560949505964	1.5543130664607558
1.8388433853668031	1.5578761141920285
1.8327972995363255	1.5649846778450105
1.8206227790458944	1.579131305337369
1.7959469068758267	1.6071395990269328
1.7453086920414647	1.6619929460024223
1.7418177219308943	1.6656512259908338
1.7383190838448006	1.6693021733102344
1.7312988653877175	1.676582005684333
1.7171670927084701	1.6910529733856479
1.6885416993433777	1.719636564119255
1.62987192418031	1.7753423596157654
1.6261433828668013	1.7787581852055705
1.6224076828090104	1.7821661801974573
1.614914872274467	1.7889586184101745
1.599844071983448	1.8024488698481071
1.569365480299673	1.829047558791481
1.5070905511525952	1.8806916423762472
1.5032133242411163	1.8837921023566457
1.4993297189299197	1.886884569074332
1.4915434390506626	1.8930454702680075
1.4758950653684924	1.9052707784192338
1.4442987895675805	1.9293325243541926
1.3799382952148107	1.9758778516084796
1.375865264361524	1.9787161891996268
1.3717863954688365	1.9815461307483901
1.3636112128194056	1.9871807777226733
1.347191554222312	1.998348793206374
1.3140789735855651	2.02027706868578
1.2467923581302962	2.0624819511416805
1.2428270936563703	2.0648737971970488
1.2388572406816236	2.0672580197662827
1.230903827873125	2.0720035592644592
1.2149425862669476	2.081402771006198
1.1828057446656841	2.0998317917069347
1.1177012917849172	2.1351971350251544
1.1135965467768192	2.1373408043838125
1.1094876903853315	2.1394765827091264
1.1012577041466767	2.143724434747827
1.0847490635518529	2.1521251014289753
1.0515405280390069	2.16854455821612
0.9843859802713096	2.1998425454842425
0.9798003726370663	2.201888783035502
0.9752105115282362	2.203925461825362
0.9660181086065623	2.2079701077961853
0.9475831390097351	2.2159443083574453
0.9105170324346806	2.231430419422403
0.8356362856635793	2.260538648455203
0.8309245378407222	2.2622748275776488
0.826209182837766	2.2640011857929423
0.8167677331876536	2.2674244095671194
0.7978424494502763	2.2741526793363023
0.759826950109048	2.287134886482492
0.6831732678030359	2.311189578817934
0.6786764754380358	2.3125140485550144
0.674177115350642	2.3138297690657335
0.6651707601103093	2.316434942529484
0.6471279866157507	2.3215400819318077
0.6109260134360154	2.331328460166966
0.6063901855591306	2.332512363511684
0.601852063449698	2.3336874419678915
0.5927690052204072	2.3360111064648876
0.5745761140094416	2.340552343419627
0.5380870898996828	2.349209498269703
0.5335166193661082	2.3502516886362317
0.528944130311749	2.351284986998821
0.5197931658469513	2.3533248921082066
0.5014677763572745	2.3572978285215873
0.4647270401803149	2.3648153757117156
0.46012635339593994	2.365714843760307
0.4555239257574394	2.3666053613012523
0.4463139175763666	2.3683595314172496
0.4278737775675079	2.37176031958278
0.3909169119640859	2.3781309785244718
0.3863814917548066	2.3788720701010027
0.3818446666497287	2.3796045120205283
0.37276686774140577	2.3810434362672934
0.3545951373360366	2.3838173738050776
0.3500489401281348	2.3844891953188774
0.34550147013078525	2.385152346751621
0.3364027779113136	2.3864526297605093
0.3181908478306913	2.38894905082425
0.31363493153180555	2.3895514459413376
0.3090778748460043	2.3901451525708595
0.2999604065961732	2.3913064917638556
0.28171251478667103	2.3935248154322255
0.24516862677264978	2.397543602840981
0.24059645481460812	2.39800674081787
0.2360234080399514	2.3984611595634617
0.22687475655490805	2.3993438327833405
0.20856768761205344	2.4010044778720134
0.20398898286855702	2.401397817510783
0.19940953641441678	2.4017824255881894
0.19024848498091293	2.4025254414968775
0.17191821440420443	2.4039066351739558
0.16733404234745092	2.4042300849438183
0.16274926185862168	2.4045447928541015
0.15357794226853755	2.405147978550563
0.14899143651450206	2.4054364541435396
0.14440438902270825	2.4057161834905374
0.13522873554237694	2.406249399409984
0.130640162916817	2.406502884043642
0.12605111527933194	2.4067476185537475
0.11687166171396654	2.4072108336756703
0.11228128916288098	2.4074293126032216
0.107690508353339	2.4076390380386963
0.09850778872922898	2.4080322254149706
0.09352552968394957	2.408230877298652
0.08854287030519675	2.4084192208158894
0.08355983192110783	2.4085972551604837
0.07857643586144182	2.408764979570363
0.07359270345748993	2.4089223933275887
0.06860865604198298	2.409069495758354
0.05863970151387435	2.409332764165976
0.05365483707311003	2.4094489290159187
0.04866974296428222	2.40955478028558
0.043684440525949976	2.4096503175218666
0.0386989510975636	2.4097355403158347
0.03371329601937483	2.4098104483026894
0.028727496632344512	2.4098750411617895
0.023741574278050088	2.4099293186166473
0.018755550298595915	2.4099732804349294
0.013769446036521348	2.4100069264284585
0.008783282834709397	2.410030256453214
0.0037970820362953515	2.4100432704093318
-0.0011891350154250952	2.4100459682411066
-0.006175346977085613	2.41003834993699
-0.011161532505341656	2.410020415529593
-0.016147670256962898	2.4099921650956815
-0.021133738888922986	2.409953598756182
-0.02611971705849142	2.4099047166761767
-0.03110558342332494	2.4098455190649033
-0.03609131664155885	2.4097760061757563
-0.04107689537189893	2.409696178306283
-0.04606229827371116	2.4096060357981846
-0.05104750400711416	2.409505579037314
-0.05603249123307158	2.4093948084536736
-0.06101723861348186	2.4092737245214133
-0.06600172481127009	2.4091423277588304
-0.07098592849047936	2.409000618728365
-0.07596982831636202	2.4088485980365975
-0.08095340295547167	2.4086862663342496
-0.08593663107575275	2.4085136243161775
-0.09091949134663294	2.4083306727213705
-0.10088402302586941	2.4079338439781552
-0.10586565178132022	2.4077199685283617
-0.11084682738174229	2.407495786899055
-0.12080773383238774	2.4070165089844275
-0.14072317085593541	2.405934324178769
-0.14570057748127102	2.4056380286316816
-0.15067736043926733	2.405331435816768
-0.16062897014406943	2.4046873636769823
-0.18052376840440815	2.4032757128798954
-0.1854955893684784	2.4028970784039294
-0.1904666163237487	2.4025081583926995
-0.20040620309799909	2.401699468467515
-0.2202749125326373	2.3999587383923995
-0.22490758985670445	2.3995290286016853
-0.22953942899936258	2.3990903762909697
-0.23880052369623597	2.3981862506818987
-0.2573118956088085	2.3962707633853695
-0.2619373843327937	2.3957695610734753
-0.2665618968734234	2.395259430252293
-0.2758079244701302	2.3942123907199164
-0.2942875073948565	2.392011255422646
-0.2989047042965018	2.3914386801310044
-0.3035207872456736	2.390857192470321
-0.31274954247828496	2.3896674887433442
-0.3311929288620582	2.387181230436657
-0.36801935772273586	2.381781840433469
-0.37261666948629346	2.381066945866546
-0.37721259258900136	2.3803431775837667
-0.38640020430510513	2.3788690306930036
-0.40475801052968635	2.3758143732180237
-0.4414001247711152	2.3692802520869796
-0.5143598047214264	2.3545184166542925
-0.5192856921366604	2.353436923526834
-0.5242093056581515	2.3523451249633203
-0.5340496247901534	2.3501306306966843
-0.5537020283701415	2.345578190309607
-0.5928890812491784	2.335980633569723
-0.5977760049708328	2.3347348523886837
-0.6026603110984771	2.3334788476658592
-0.612420985031978	2.3309361896392105
-0.631909981485896	2.3257284360767043
-0.6707537937706639	2.3148244709306924
-0.6755962760901596	2.3134157980809262
-0.6804358000494153	2.3119969950431187
-0.6901058881333251	2.309129023298831
-0.709409632421399	2.303271793884741
-0.7478666644341958	2.2910736424884663
-0.8241412581208223	2.26475477033173
-0.8287920352168708	2.2630569470162203
-0.8334393146380719	2.2613495731294884
-0.8427233020208319	2.257906202504525
-0.8612484427379538	2.250905174137451
-0.8981230150599506	2.236447636967368
-0.971134550914461	2.205724522032946
-0.9756637512080456	2.2037248529832265
-0.9801888339975803	2.201715883756068
-0.9892265706947928	2.197670078721717
-1.0072517949559605	2.1894672421927885
-1.0430969930462848	2.1726186149840236
-1.1139326021285323	2.1371656793502125
-1.1180250907193137	2.135027606285073
-1.1221134755278215	2.1328816964651773
-1.1302778737864227	2.128566398096649
-1.146556765638556	2.119842108800972
-1.1789115897242757	2.102020562861144
-1.2427828825919933	2.0649004067541936
-1.2467366837923697	2.0625156058473118
-1.2506859087663733	2.0601232343455886
-1.2585705720685916	2.05531581471078
-1.2742843472697325	2.045610516540392
-1.3054864678392861	2.0258400887942276
-1.366963429741333	1.984876309704741
-1.3710849765919122	1.982031525995804
-1.3752006031910047	1.9791781840098166
-1.3834140245763875	1.9734458745257397
-1.3997690441276924	1.9618791008059453
-1.4321878444134473	1.9383397435412768
-1.4958292774283026	1.8896607515280677
-1.4997526917246982	1.8865483950171595
-1.5036696301911823	1.8834278925188541
-1.511484012010156	1.8771625034916346
-1.5270343233963755	1.8645345687990535
-1.5578173866017384	1.8388931380258693
-1.6180836571504646	1.7860930159260677
-1.6215447759618393	1.7829513517278497
-1.6249997949443555	1.779802980531301
-1.631891481458285	1.7734861645417996
-1.64560108622047	1.760772571375221
-1.6727223424792583	1.7350282268735575
-1.7257503161150634	1.6822927300282962
-1.7290099097418832	1.678942439481373
-1.7322629992840182	1.6755858331905402
-1.7387496171896462	1.668853723907568
-1.7516442671895023	1.6553142735744926
-1.7771165159210138	1.6279373058929687
-1.8267714799293044	1.5720142948441018
-1.830071208423747	1.5681716599836082
-1.833362853906984	1.564322098863063
-1.839921837721783	1.556602265882906
-1.8529421719247372	1.5410802349586268
-1.8785890983318927	1.5097105625602099
-1.9282828063237514	1.4456999695349988
-1.9313168470520015	1.4416442762937098
-1.9343423575899255	1.4375822156352476
-1.9403677346805437	1.4294390638596641
-1.952315541137544	1.413077142589929
-1.9757964207917948	1.3800548853808792
-2.021076223410653	1.312849527646421
-2.023780784589926	1.3086765524765405
-2.0264767297183797	1.3044980057428983
-2.0318427259486613	1.296124268767008
-2.0424708232431756	1.2793107203793934
-2.063308915716232	1.245423342242792
-2.103293020931406	1.176639898685464
-2.1057163594376225	1.172297571725739
-2.108130733060241	1.1679502538225635
-2.112932544577046	1.159240719240171
-2.1224281392957147	1.1417625745324766
-2.140984964513303	1.1065741569390048
-2.176343669909058	1.0353024744122228
-2.1783324955106416	1.0311113044088307
-2.180313249829042	1.0269163138723725
-2.184250515289409	1.0185149333884362
-2.1920278698939795	1.0016670108800434
-2.207192270193793	0.9677940201685832
-2.2359474120010088	0.8993676410919457
-2.2376744657160192	0.8950619914619472
-2.2393932282705573	0.8907530253966417
-2.242805854455128	0.8821252078356566
-2.249531334747636	0.8648304788025328
-2.262581821904551	0.8300882376376514
-2.287070237931569	0.7600215193301665
-2.2886514185588442	0.7552467592819505
-2.2902226308407694	0.7504687097155242
-2.293335123038017	0.7409028252864894
-2.2994401890869365	0.7217324988450589
-2.3111691733680972	0.6832422960782838
-2.3125900636334045	0.6784174088725502
-2.3140008812872956	0.6735895667830065
-2.3167922742251563	0.6639251020769796
-2.3222539213312845	0.6445616401390719
-2.3326913431130243	0.6057013132253001
-2.3339503588392607	0.6008316782189378
-2.335199208918157	0.5959594262576215
-2.3376663904204915	0.5862071563668682
-2.342478529291429	0.5666721476179698
-2.351612751697198	0.5274850226617164
-2.3679123032886737	0.4486806291912175
-2.368782085755533	0.44406577584966633
-2.369642874286932	0.4394492364522514
-2.3713374565043353	0.43021116960958844
-2.3746185521981618	0.4117155749223074
-2.380747782484385	0.3746504761414069
-2.3814732889406076	0.37001075273524775
-2.3821897532746403	0.3653696244498272
-2.3835955447292174	0.35608322373333395
-2.386298504779707	0.33749433945391355
-2.391269370290599	0.30025619358691186
-2.3918498956034724	0.29559610954638266
-2.3924213393956264	0.2909349031686216
-2.393536973773497	0.28160919419739794
-2.3956591711253887	0.26294508719524406
-2.396166985453093	0.25827652022964853
-2.3966657018686894	0.25360697262409865
-2.397635833423884	0.24426500641528132
-2.3994668405877717	0.2255700866627396
-2.399901820534352	0.22089417120694327
-2.400327688388176	0.21621741704676326
-2.4011520813843164	0.20686146364430538
-2.4026914534360126	0.18814027389913474
-2.4030534933038483	0.1834581461736472
-2.4034064091124656	0.17877532188314688
-2.404084863226805	0.1694076547298059
-2.4053322261077716	0.15066474413322534
-2.4056156503723756	0.14606959218397111
-2.4058902960566773	0.1414739071970964
-2.406413247707462	0.1322810051947195
-2.4066615517655876	0.1276838217259846
-2.4069010734267047	0.12308617231304032
-2.407353766093712	0.11388954276718925
-2.407566935447635	0.10929059619465231
-2.40777131910062	0.10469125079852432
-2.4081537263524906	0.09549143067266966
-2.4083317485558946	0.09089098951495593
-2.4085009822674017	0.08629021667755343
-2.4088130817765294	0.07708774312144986
-2.4089559464352344	0.07248607598444459
-2.4090900203242187	0.0678841443310208
-2.409215302954219	0.06328196495456105
-2.4093317938680534	0.05867955464935301
-2.4094394926406233	0.05407693021052703
-2.409538398878914	0.0494741084339949
-2.409628512221996	0.04487110611638852
-2.409709832341028	0.040267940054997536
-2.4097823589392564	0.03566462704771132
-2.409846091752016	0.031061183892955424
-2.409901030546734	0.026457627389628223
-2.4099471751229267	0.021853974337042788
-2.4099845253122036	0.017250241534864517
-2.4100130809782665	0.012646445783049833
-2.410032842016909	0.008042603881784871
-2.41004380835602	0.0034387326314231116
-2.410045979955581	-0.0011651511675727332
-2.410039356807667	-0.005769030714694152
-2.410023938936447	-0.010372889209450292
-2.4099997263981847	-0.01497670985142605
-2.409966719281236	-0.019580475840344464
-2.4099249177060513	-0.02418417037612801
-2.409874321825172	-0.028787776658959898
-2.4098149318232336	-0.03339127788934649
-2.409746747916962	-0.03799465726817532
-2.4096697703551735	-0.04259789799677865
-2.409583999418776	-0.047200983276996754
-2.4094894354207645	-0.05180389631123619
-2.409386078706222	-0.056406620302532025
-2.409273929652319	-0.06100913845460918
-2.409023256195531	-0.07021349005982536
-2.408884732707405	-0.07481528992441512
-2.408737418709431	-0.07941681677280928
-2.408416421366332	-0.0886189842544457
-2.408242739192591	-0.09321959130710905
-2.4080602688517674	-0.09781985818254257
-2.4076689663644237	-0.1070193042537896
-2.407460135645847	-0.11161844987895515
-2.407242519616066	-0.11621718818571643
-2.4067809348314504	-0.12541337571865505
-2.405752378616895	-0.1438001246746731
-2.4054492041153486	-0.14878544787086723
-2.4051356987830785	-0.15377013206904344
-2.4044777010564524	-0.16373749784205333
-2.4030377978494215	-0.1836636196537078
-2.4026520168860235	-0.18864323160617855
-2.402255917105154	-0.19362203338095266
-2.4014327679399257	-0.20357712086992125
-2.3996627216189044	-0.2234766331182139
-2.399194440228847	-0.22844916513808425
-2.398715854870786	-0.2334207160232657
-2.3977277805165342	-0.24336078898736935
-2.395628077593871	-0.26322822212139735
-2.390934974730693	-0.30290746059950185
-2.390302101261307	-0.3078617348471234
-2.389658962014391	-0.31281468690200814
-2.3883418972805694	-0.3227165393523396
-2.3855847029687753	-0.34250344237493313
-2.379578732876008	-0.38200528415391266
-2.3787819630821936	-0.38693585410520376
-2.377974976987097	-0.39186476225926997
-2.3763303698001685	-0.40171750850901866
-2.372918715244568	-0.4214021285178418
-2.365606480637185	-0.4606831469075584
-2.364711124747735	-0.4652572187205704
-2.36380692456706	-0.46982955041814445
-2.3619720048923516	-0.47896892506936495
-2.3581961850626927	-0.4972260409844413
-2.3502214253973914	-0.5336499177179289
-2.3491849851590327	-0.5381940993551078
-2.3481397586989936	-0.5427362680845373
-2.3460229627837927	-0.5518144988748066
-2.341684110500897	-0.5699460585923211
-2.3325862838875366	-0.606105775667111
-2.3314097515812193	-0.6106157165593571
-2.330224499534637	-0.6151233736786871
-2.3278278539851915	-0.6241317691705783
-2.322930123237209	-0.6421204136565547
-2.312717939874126	-0.6779813520014223
-2.290635415176802	-0.7492078335249167
-2.2890600225263897	-0.754007424597917
-2.2874745732575006	-0.7588037030600965
-2.284273532770111	-0.7683862378799193
-2.2777510818083924	-0.7875106300222219
-2.264226319406401	-0.825592004312445
-2.2352708973817688	-0.9010477225959792
-2.233377365632426	-0.9057309345263991
-2.2314740218974376	-0.910410167273066
-2.2276379319617403	-0.9197566130028749
-2.219848379075838	-0.9384008509116315
-2.2038017120806748	-0.9754901316300363
-2.1698541534339064	-1.0488355142265753
-2.167691303731171	-1.053298340834901
-2.165519275164839	-1.057756707360842
-2.1611477182691283	-1.0666599846705793
-2.152294865391911	-1.0844121889230658
-2.1341523155017055	-1.1196949929851463
-2.0961372530904128	-1.189340825534833
-2.0936854327258856	-1.1936516627009404
-2.0912247468679337	-1.1979574454731046
-2.0862768203873214	-1.2065537749275275
-2.0762750424735477	-1.2236849803273582
-2.05585017102515	-1.2576975222099949
-2.01333473679101	-1.3246909906495077
-2.0107885212520955	-1.3285527862595867
-2.0082348983777996	-1.3324096877517846
-2.003105468278425	-1.340108751568458
-1.9927581357882445	-1.3554475258478507
-1.9717117253044563	-1.3858845028985
-1.9282294329582672	-1.4457711564942557
-1.9254509824747397	-1.4494693846937088
-1.9226654390219438	-1.453162273343158
-1.9170731142801376	-1.4605319775963665
-1.9058038024117863	-1.4752067142573873
-1.8829288625992866	-1.5042944796374993
-1.8358527316705961	-1.5613992861196362
-1.8325988388245922	-1.565217070893381
-1.8293370066416939	-1.569028074703734
-1.8227895808242702	-1.5766296734223229
-1.809600081215577	-1.5917507748205673
-1.7828457013872436	-1.621660935005319
-1.7278615623203284	-1.680124222946998
-1.724360787820448	-1.6837169763664386
-1.720852542901548	-1.687302435447355
-1.7138137026338252	-1.6944514084923878
-1.6996470479736547	-1.7086611411838626
-1.6709612898106894	-1.7367243163586716
-1.6122079841190375	-1.7913984478669531
-1.6087243078629694	-1.7945275379241492
-1.6052345584550571	-1.7976498533971783
-1.5982368929036832	-1.8038741134676999
-1.5841692651769335	-1.8162408216825416
-1.555747804813505	-1.8406443846912035
-1.4977842175744305	-1.8881116017498145
-1.4941128465625955	-1.8910181873302851
-1.490435835072684	-1.8939176340613364
-1.4830649462047385	-1.8996950672189563
-1.4682560949256385	-1.9111637875365401
-1.4383732359257562	-1.9337542287606686
-1.3775722720912842	-1.9775281586471924
-1.3738031651480276	-1.980148440523225
-1.3700290741773358	-1.9827615386087383
-1.3624659949398534	-1.987966145514016
-1.347280631790939	-1.998288738465567
-1.3166761778517053	-2.0185853526059097
-1.2545573231884501	-2.0577679426775823
-1.2506356062575983	-2.060153771794229
-1.2467093521395198	-2.0625321268686116
-1.2388432893343995	-2.067266380403944
-1.2230573453133229	-2.076644821136351
-1.191273396148378	-2.095039541084227
-1.1268831667485542	-2.13036553473249
-1.1224777272574475	-2.1326900231604813
-1.1180674929303567	-2.1350054014755386
-1.1092327151446024	-2.13960878824383
-1.0915064518193904	-2.148705807855962
-1.0558313411871136	-2.166458668436654
-0.9836250231260515	-2.2001829007965616
-0.9790755913009587	-2.202211154634355
-0.9745219772041306	-2.2042300013890226
-0.9654022800188898	-2.208239439193954
-0.9471135554386241	-2.2161450530553517
-0.9103431661343485	-2.231501356250941
-0.8360658998226318	-2.2603797898209654
-0.8317055328987824	-2.261987818186219
-0.8273420732341051	-2.263587435230632
-0.8186059405967165	-2.2667614115952
-0.8010972771282975	-2.2730081688491413
-0.7659380071211239	-2.285095611199807
-0.6950810377432671	-2.3076363088769085
-0.6906298056509121	-2.308972380654191
-0.6861760054152518	-2.3102998663960634
-0.6772607667702559	-2.3129290600602226
-0.6594002011072272	-2.318084199906692
-0.6235624386145956	-2.3279804269422706
-0.5514502864489755	-2.3461086003534963
-0.5465446690362831	-2.347256250992916
-0.541636663241004	-2.3483936441981887
-0.5318135723043487	-2.3506376384696526
-0.5121396742321707	-2.355002322112372
-0.47268583113402407	-2.3632374167913044
-0.4677445789606946	-2.364220377192063
-0.4628012827586361	-2.3651930060259905
-0.4529086446853418	-2.3671072520370906
-0.43309979127081605	-2.3708115812688435
-0.3933926257305035	-2.3777226972668952
-0.3884212661200851	-2.3785398678817575
-0.3834482091212577	-2.3793466443540754
-0.3734970898940847	-2.3809290008141675
-0.3535754394764432	-2.38396883194314
-0.3485911096609146	-2.3847027532467586
-0.3436052565134725	-2.385426253476223
-0.3336290673814898	-2.38684197811155
-0.3136593682416525	-2.3895482384315967
-0.30866346219610935	-2.390198705167085
-0.3036662073011869	-2.3908387268112863
-0.2936677383203723	-2.3920874236839875
-0.2736555754144638	-2.3944593563311694
-0.233575248916434	-2.398700812142049
-0.2288925330503572	-2.399152181790703
-0.22420894503075342	-2.3995944099046187
-0.21483922391806626	-2.4004514348229544
-0.19609010128703103	-2.4020557144359787
-0.1914009080572321	-2.402433906577279
-0.1867109855289509	-2.402802944679423
-0.17732902406004467	-2.403513553176518
-0.15855713600263333	-2.4048248621677093
-0.1538626088947986	-2.405129784577411
-0.14916749552136988	-2.4054255426758027
-0.1397755815394032	-2.405989561465847
-0.13507881671705194	-2.406257820008409
-0.13038153720134374	-2.406516909941485
-0.12098550568427127	-2.4070075800652604
-0.11628678948478284	-2.4072391583863495
-0.11158763019555273	-2.4074615643587416
-0.10218805397065946	-2.4078788559026365
-0.09748767285037863	-2.408073739884125
-0.09278692027098422	-2.408259448336895
-0.08338437238165756	-2.4086033358608088
-0.07868261289843063	-2.4087615136216316
-0.07398055360936419	-2.408910513233099
-0.06927821243080115	-2.4090503341274734
-0.06457560728015854	-2.4091809757719944
-0.05987275607586345	-2.409302437668874
-0.05516967673728052	-2.409414719355305
-0.050466387184639395	-2.4095178204034577
-0.04576290533897067	-2.4096117404204844
-0.04105924912204195	-2.40969647904852
-0.036355436456285244	-2.4097720359646826
-0.03165148526472437	-2.4098384108810773
-0.026947413470911005	-2.409895603544794
-0.022243238998860628	-2.4099436137379104
-0.017538979772979964	-2.409982441277492
-0.01283465371799438	-2.4100120860155947
-0.008130278758883901	-2.4100325478392612
-0.00342587282081916	-2.410043826670526
0.0012785461709111637	-2.410045922466414
0.005982960290972934	-2.410038835218938
0.010687351614050582	-2.4100225649551037
0.015391702214911115	-2.4099971117369057
0.020095994168476707	-2.4099624756613287
0.02480020954989728	-2.4099186568603472
0.029504330434614524	-2.4098656555009255
0.034208338898425894	-2.4098034717850143
0.038912217017557225	-2.409732105949555
0.04361594686873528	-2.4096515582664733
0.048319510529251763	-2.4095618290426817
0.05302289007702735	-2.409462918620077
0.05772606759068423	-2.409354827375539
0.06713174483406514	-2.409111104103095
0.07174202990096416	-2.4089782199561265
0.07635205222004218	-2.4088365131737532
0.08557124108083622	-2.408526633811049
0.09018037385821742	-2.4083584623656193
0.09478917635923803	-2.408181470554583
0.104005723016405	-2.4078010284608515
0.10861343341789548	-2.4075975795714855
0.11322074603383721	-2.4073853131031684
0.12243411041535328	-2.4069343305715885
0.14085532340939744	-2.4059265909301
0.14545937914920343	-2.4056526249845023
0.15006290215896737	-2.4053698485831503
0.15926828255065817	-2.404777868588004
0.17767190887491618	-2.4034882308582337
0.18227123081337399	-2.4031438120709874
0.18686988520216244	-2.402790592016256
0.19606512396483736	-2.4020577533110963
0.21444685001316607	-2.4004865197698426
0.21904036012016262	-2.400071728868895
0.22363306801432872	-2.3996481479516527
0.2328160098858826	-2.3987746223057544
0.251171527185321	-2.3969221612327534
0.2557581487929721	-2.3964370954404983
0.26034383371266145	-2.395943252943419
0.2695123263132463	-2.3949292451015167
0.2878373325338738	-2.392795990693123
0.2924159905888831	-2.392240763703608
0.2969935777003467	-2.3916767753779036
0.3061454720368593	-2.3905225230122027
0.3244356720002163	-2.388108975279618
0.3609579673389958	-2.3828622135767312
0.3659036061596199	-2.38210779228747
0.3708476682744458	-2.381343106318933
0.3807309771762747	-2.379782953568602
0.4004777375863265	-2.376539619862256
0.4398870662813188	-2.3695616370957127
0.44480492531255206	-2.368643401083201
0.4497208676463468	-2.367714958410475
0.45954691749733784	-2.3658274691312537
0.4791750853356144	-2.3619301896268876
0.5183309601149616	-2.353647382014477
0.5232156148501323	-2.3525663441132316
0.5280980150103839	-2.351475168829004
0.5378559674614442	-2.3492624249630802
0.5573438924271316	-2.3447154984457015
0.5962031234997847	-2.3351370021063858
0.6734176617269103	-2.314050914727582
0.6778996102317446	-2.3127419011910835
0.6823790142592362	-2.3114242068421564
0.6913301216385417	-2.3087627955232946
0.7092010635306992	-2.303336022938083
0.7448141028372228	-2.2920678295574244
0.8154949174383351	-2.2678824975535092
0.8198871532069667	-2.266298312024142
0.8242763115519645	-2.264705620007066
0.8330453300843286	-2.2614947404541956
0.8505457139652607	-2.2549711686699285
0.8853921945381961	-2.2415181562789392
0.9544387759771733	-2.2130001369156065
0.9590828191296887	-2.2109914357879243
0.9637226348219315	-2.20897298901756
0.9729895020385141	-2.204906894179467
0.991471608344059	-2.1966581511297893
1.02822475284186	-2.179696501974666
1.1008505887347728	-2.1439335261056027
1.1053493053309627	-2.1416175887122466
1.1098431497511707	-2.139292211463338
1.118816142853054	-2.1346131784397646
1.1367027928409796	-2.125142287900934
1.1722343402796258	-2.105751560499597
1.242295465537845	-2.0651936856821465
1.2465496327895491	-2.062628661700777
1.250798503940612	-2.0600548744189378
1.259280285756232	-2.054881053731092
1.2761795034180985	-2.0444287363791465
1.3097165419121954	-2.0231078970037313
1.375713242039591	-1.9788218865664025
1.3797890951045217	-1.9759820434679927
1.3838590859865727	-1.9731338051966234
1.39198141205984	-1.9674121915748088
1.4081549588505735	-1.9558687570851574
1.4402137915100466	-1.932383817418671
1.5031480430454	-1.8838441930706697
1.5067674659457904	-1.8809505008491318
1.5103813182472885	-1.8780498546542588
1.517592257631835	-1.8722277432655487
1.5319467027336025	-1.8605005463748034
1.5603828934340844	-1.8367166926218026
1.6161410424435434	-1.787850976453797
1.6195756834734656	-1.7847402019842429
1.6230043368465583	-1.7816228292359084
1.629843629940781	-1.7753683350276237
1.6434498079960145	-1.7627806759989066
1.6703697221692502	-1.737293289671471
1.723017612152307	-1.685091478611847
1.7265270521888545	-1.6814955608437876
1.7300289876026596	-1.6778923341894785
1.7370102837078587	-1.6706640169017954
1.7508821528835057	-1.6561203669393478
1.7782596336230783	-1.6266885560868787
1.8315230892911611	-1.566475712058971
1.834784995897586	-1.5626538330373734
1.8380389273210025	-1.5588251616938822
1.8445228080786296	-1.551147508638371
1.8573942474039138	-1.5357114288785336
1.8827487160152627	-1.5045199418486215
1.9318795180275323	-1.4408901800286544
1.9346804361669154	-1.4371272013953018
1.9374740246632134	-1.4333587781266173
1.9430391704197036	-1.4258056548113451
1.9540810423998838	-1.410634702114861
1.9758087750217144	-1.3800371979133355
2.017821908509775	-1.3178458667899173
2.02038316792194	-1.3139158412375596
2.0229367730015144	-1.3099808378428741
2.0280209814940267	-1.3020959571772361
2.0380971227585465	-1.2862671189456072
2.0578781744917576	-1.254376499312615
2.095938726722121	-1.1896906475650522
2.0982050257352274	-1.1856891047221154
2.100463685056548	-1.181683244713221
2.1049580517560185	-1.1736586315555328
2.113854748868632	-1.157558242060775
2.131278193335051	-1.1251560983667022
2.1646312246728034	-1.0595728593394689
2.1666491136579955	-1.0554404774132564
2.1686591137423266	-1.0513042525642358
2.1726554179630244	-1.0430203343526983
2.180553039506438	-1.0264070464374906
2.195966734395647	-0.9930020566469226
2.225255516573509	-0.9255057369008923
2.2271667735152842	-0.9208969247569554
2.22906848498125	-0.9162841657153602
2.2328432389243047	-0.9070468860358429
2.2402778452197207	-0.8885258349057626
2.2546856808823033	-0.8513022163142794
2.2816422350063115	-0.7761647341336133
2.283244198332903	-0.7714395075807549
2.284836375839896	-0.766710974693925
2.287991346141222	-0.7572440709970462
2.294183559468191	-0.7382714802450113
2.3060956049754715	-0.7001757235081164
2.3280189630569765	-0.6234185517967994
2.3292189417857023	-0.6189201114069502
2.330410228168687	-0.6144193612867905
2.332766706146978	-0.6054109990489747
2.337375160518078	-0.5873672974131153
2.3461731107598167	-0.5511757591049378
2.347233496673785	-0.5466423832542213
2.34828512301401	-0.5421069674043827
2.3503620813077917	-0.5330300834172533
2.3544107125229057	-0.5148525806817741
2.362085998378943	-0.4784064373934049
2.3630057785091583	-0.47384245674023995
2.3639167402055	-0.46927670776792235
2.3657121947311186	-0.4601399730275267
2.3691971352003	-0.4418460338579381
2.3757424245979353	-0.40518010198283855
2.376520720293762	-0.40058987642190386
2.377290147119691	-0.39599815591103177
2.3788023827093503	-0.38681029858784244
2.3817203033270316	-0.36841739887944025
2.3871293436603516	-0.33156670477144895
2.387838809102221	-0.32641814413813636
2.3885371701415314	-0.3212680655303038
2.3899005660735018	-0.3109634501976964
2.392493965671527	-0.2903370580939121
2.3931145078522293	-0.2851770246434342
2.3937239210962695	-0.28001566500608166
2.394909349490075	-0.26968906318633834
2.397146537810224	-0.2490210018085922
2.3976779720450794	-0.24385103126108376
2.3981982561213457	-0.23867992670904775
2.3992053641718587	-0.2283344117873555
2.401085675386054	-0.2076308323279512
2.401527843510534	-0.20245246336101053
2.4019588435729884	-0.19727315290938977
2.4027873315464716	-0.18691180389981776
2.404310206039775	-0.16617886812188848
2.404662976456577	-0.16099364191263682
2.4050045642317337	-0.15580766701875554
2.405654185555045	-0.14543356764788645
2.405962216082201	-0.1402454914145972
2.4062590579257304	-0.13505676298385103
2.406819170092212	-0.12467744605154156
2.40708243781042	-0.11948690581794055
2.4073345116355225	-0.11429580992258268
2.4078050729694986	-0.10391204771173959
2.4080235582900738	-0.09871942968488895
2.4082308453409587	-0.09352635257332814
2.4086118208298672	-0.0831389176976133
2.4087855074962032	-0.07794460823917317
2.4089479923494808	-0.07274993630722824
2.4090992746340802	-0.0675549260590721
2.4092393536464796	-0.06235960165357378
2.409368228735255	-0.05716398725106331
2.4094858993010857	-0.05196810701321713
2.409592364796757	-0.04677198510295223
2.409687624727162	-0.04157564568430949
2.4097716786493035	-0.03637911292233697
2.409844526172298	-0.031182410982981874
2.409906166957375	-0.025985564032982432
2.40995660071788	-0.020788596239751222
2.4099958272192765	-0.01559153177125852
2.4100238462791452	-0.010394394795924172
2.410040657767187	-0.005197209482509492
2.4100462616052205	-5.902910880143755e-16