10.887446374291068	0.
10.887426159179503	0.020980502319517105
10.887365513919876	0.041960926728534256
10.887264438737391	0.06294119531684085
10.887122934007389	0.08392123017480485
10.886941000255344	0.10490095339366226
10.88671863815686	0.12588028706580628
10.886455848537674	0.14685915328507673
10.886152632373646	0.16783747414704922
10.885808990790762	0.18881517174932463
10.885424925065125	0.2097921681918182
10.885000436622953	0.23076838557704907
10.88453552704057	0.25174374601042915
10.884030198044407	0.27271817160055284
10.883484451510986	0.29369158445948584
10.882271714088914	0.3356350604511363
10.88160472770373	0.356604967827946
10.880897332788201	0.3775735509623278
10.879361328023736	0.41950643304406154
10.878532723878704	0.44047057627484576
10.877663722611132	0.4614330838306453
10.875804541766406	0.5033528805489461
10.87481436909327	0.5243100140434718
10.873783813105597	0.54526520052764
10.871601566644346	0.587169421206462
10.866752652378455	0.6709510750342047
10.865439528739378	0.6918904540254379
10.86408605659897	0.7128272637011056
10.861258087068283	0.7546928641225801
10.855118197174916	0.8383898129305682
10.853482434643647	0.859306461016992
10.851806368013374	0.8802199180932597
10.848333347501566	0.9220369485813468
10.840903941171911	1.0056293011577553
10.838945928499768	1.026518247340024
10.836947665709523	1.0474033815759136
10.832830419606138	1.0891619039975846
10.824113262494706	1.1726297939886723
10.804750151574863	1.3393516024952865
10.801928496543484	1.3619211829711588
10.799059696932986	1.3844848193972275
10.79318071426338	1.4295938662140175
10.78085757866734	1.5197363000055841
10.753953707339061	1.6996965062834561
10.750379356623277	1.7221591801432967
10.746758086312505	1.7446143377091945
10.739374850330266	1.7895017119738972
10.724046052352612	1.8791819550229973
10.691142967484456	2.0581425125271067
10.686819914341752	2.0804731845165105
10.682450219006672	2.1027947763650228
10.6735709782483	2.147410329992696
10.655253643191543	2.236528191710781
10.616388104044253	2.4142891660634587
10.52977263300269	2.76773858056199
10.524353613153254	2.7882735838457062
10.518894546291836	2.8087979772592373
10.507856354776198	2.8498146221207437
10.485300331800364	2.931717159790642
10.438274583536199	3.094981788600047
10.336609172903055	3.41921034154381
10.32991970439545	3.439367304288148
10.323190928731004	3.459511179636461
10.309615558497736	3.499759361591184
10.281994268741842	3.58009530747767
10.22487542790504	3.7401084258196913
10.103182182366249	4.057363471884284
10.095404322574346	4.076677583132
10.087589540306912	4.095976784523357
10.07184932280612	4.134530175455688
10.039927084715854	4.2114549370321805
9.974321979351213	4.364560642870599
9.836123715696624	4.667671668248973
9.82717917847507	4.686473935402797
9.818198699772505	4.705259062458646
9.800130049434866	4.742777621523856
9.763562904950932	4.817606039739015
9.688716774008034	4.9664127724263
9.532239158148062	5.2605042709736916
9.521305667693493	5.280267695430932
9.510331201305469	5.300008395704614
9.488259529824244	5.339421283974801
9.44362656555988	5.417970638838441
9.352412967206616	5.573944765055469
9.162283952491087	5.881244879019068
9.150063524299133	5.900239491271034
9.137803717853062	5.919208711226059
9.113166181413254	5.957070647810844
9.06342090231039	6.032486228797113
8.96206156430482	6.182066084301752
8.751966372033309	6.476076989649047
8.739411836244168	6.493009264553614
8.726824541929128	6.509917201274315
8.701551866571169	6.543659806746948
8.650615497748985	6.6108501770323596
8.547189420488202	6.744037482351227
8.33421139276049	7.005527033267731
8.320632588014856	7.021649513350044
8.307022594481781	7.0377456737106465
8.27970924523103	7.069858794028316
8.224710533760657	7.133766549930702
8.113236642462184	7.26029474170799
7.8844771961054425	7.5080961566269915
7.868706648262193	7.524622531174442
7.852901460141021	7.541115780199821
7.821187441532767	7.574002611398669
7.7573467926331485	7.639375582591025
7.628030837097154	7.7685026936571635
7.362988609047073	8.020155066836724
7.3461448271446805	8.035586147362192
7.32926870542968	8.05098185295886
7.295419739877778	8.081666868416773
7.22733700943391	8.142609428502059
7.089649182520582	8.262769694348801
6.808320578023176	8.496073178823844
6.790805105083014	8.51007958704513
6.773260817557014	8.524049885495193
6.738086096643494	8.55188191612135
6.667394163453789	8.607110062164075
6.524657169608446	8.71580962229791
6.233906970306493	8.926079343061424
6.215506947990548	8.938901606603853
6.197080552180487	8.95168594080747
6.160148952935404	8.977140604374679
6.085972720176721	9.027592403422327
5.936385779983776	9.126653955545272
5.632416752854459	9.317315604573464
5.614503567946965	9.32812083104494
5.596569654368232	9.33889161822046
5.560639906120391	9.36032971574854
5.488534583984949	9.402790898103865
5.3433555701432	9.486044476180963
5.049244518932591	9.64580833010344
5.0307012271013205	9.655492411923122
5.012139361989159	9.665140845795401
4.974960186111089	9.684330627341946
4.900381974874233	9.722280856537289
4.750361556044581	9.796456177614303
4.44698914811263	9.937845645291148
4.4262735469199335	9.947089576398744
4.4055387305456835	9.956290325554276
4.364011812388544	9.974562118428908
4.2807313600193595	10.01058577588797
4.113284264057445	10.08054468350402
3.7750085521239205	10.212041861667773
3.753723109363842	10.219885095796897
3.732421371074289	10.227683963723734
3.689769377874498	10.243148465738615
3.604273918682897	10.27354359859177
3.432537916323405	10.332191055437656
3.0862529222159525	10.440858750753083
3.065938546301172	10.446842077076134
3.0456125706340087	10.452785878542612
3.0049261276934374	10.464554817103739
2.9234174313688084	10.487617416507561
2.7598740803895754	10.531836668571039
2.739383360539366	10.53718498257783
2.7188822764342317	10.542493429922333
2.677849325755476	10.552990644438887
2.5956624687609673	10.573505799938326
2.4308223577746295	10.612614721076362
2.4101751388260486	10.61732284303574
2.3895188011575716	10.621990795137144
2.3481790823020634	10.63120611927465
2.265393660903569	10.64915396236723
2.099416434137726	10.68311467640108
2.078632712493964	10.687178046594607
2.057841126496625	10.691200982638145
2.0162346761244136	10.699125491546363
1.932930866285034	10.714488640118404
1.7659772692403277	10.743268256801102
1.745488391039079	10.746616157182293
1.7249931661846922	10.749924982514058
1.6839839746245537	10.756425360047427
1.6018927121171043	10.768956694681702
1.5813551485456006	10.771991665761352
1.5608118351148184	10.774987469525394
1.5197082574807124	10.78086153167773
1.437435391899681	10.792139178456601
1.4168539220830645	10.794860513991905
1.3962673005390365	10.797542599059712
1.3550789017017375	10.802788978926994
1.2726435780795706	10.812810313523332
1.1075556179854966	10.830965289674438
1.0869007128078425	10.83305752747402
1.0662418556234836	10.835110375920511
1.0249125857138908	10.839097875040569
0.9422099278599194	10.84659988221682
0.9215255106548628	10.848376804217118
0.9008377427527725	10.850114281162933
0.8594524557550187	10.853470874764458
0.7766449839195051	10.85971045295483
0.7559358679852805	10.861171645663145
0.7352240034434034	10.862593346794512
0.6937923297824925	10.865318253792601
0.6730726713103853	10.866621449751474
0.6523505655239312	10.867885134317731
0.6108993134016396	10.870293951036887
0.5901703177839167	10.871439074431247
0.5694391762875258	10.872544668915952
0.5279707571827222	10.874637255220224
0.5072336303548438	10.875624239431076
0.4864946592088201	10.876571679514875
0.44501148559909093	10.878347913665412
0.42250400138915023	10.879245328692331
0.3999947086623802	10.88009617540699
0.37748370376919316	10.880900450167367
0.3549710830673277	10.881658149530784
0.33245694292144407	10.88236927025393
0.3099413797027059	10.88303380929287
0.26490636956134966	10.88422313113938
0.24238711540986146	10.884747908856088
0.21986682372695118	10.885226094706896
0.1973455909101117	10.88565768664494
0.17482351336086216	10.886042682822804
0.15230068748434225	10.88638108159252
0.12977720968889497	10.886672881505584
0.10725317638564892	10.886918081312952
0.084728683988113	10.887116679965057
0.062203828911761225	10.887268676611798
0.03967870757362007	10.887374070602561
0.017153416391855712	10.887432861486209
-0.005371948214641053	10.88744504901109
-0.027897289826660322	10.887410633125034
-0.05042251202509061	10.887329613975357
-0.07294751839133642	10.88720199190886
-0.09547221250772371	10.887027767471828
-0.11799649795791495	10.88680694141002
-0.140520278327322	10.886539514668678
-0.16304345720351865	10.886225488392515
-0.1855659381766557	10.885864863925711
-0.20808762483986668	10.88545764281191
-0.23060842078968494	10.88500382679421
-0.2531282296264614	10.884503417815159
-0.27564695495477	10.883956418016744
-0.2981645003838223	10.883362829740383
-0.32068076952788077	10.882722655526912
-0.34319566600667073	10.882035898116582
-0.36570909344579555	10.881302560449038
-0.3882209554771422	10.880522645663312
-0.4107311557392981	10.879696157097808
-0.4557461855463826	10.877903472977852
-0.4782508224057067	10.87693728509694
-0.5007534121254579	10.875924538783286
-0.5457520648685382	10.873759388397163
-0.6357205671619452	10.8688705905237
-0.658206130439178	10.867532067719699
-0.6806888762830609	10.866147026741734
-0.7256455307361345	10.863237414177526
-0.8155207968824811	10.856860245159089
-0.8379811267903549	10.855149754112418
-0.8604378697429207	10.853392797893937
-0.9053402102959961	10.84973952022282
-0.9950976194968943	10.841875727047205
-1.0160258592318365	10.839934501944
-1.036950312460566	10.837952878775202
-1.0787875474903543	10.833868467931639
-1.1624131492987007	10.825215204484445
-1.183308914346685	10.822951010066125
-1.2042002694610916	10.820646480875972
-1.245969438475844	10.815916452684345
-1.3294514327086913	10.805972766999394
-1.3503097392346102	10.803386143297475
-1.3711630134513935	10.800759257737699
-1.412854154114225	10.795384740353903
-1.4961726295363178	10.784153004093094
-1.6625369752191355	10.759761119982773
-1.6833054501189877	10.756531565270631
-1.7040676517075037	10.753261923317398
-1.7455729254694536	10.74660242657798
-1.828504790307032	10.732802932360585
-1.9940364899261456	10.703284871006037
-2.3236337327671923	10.636597897307679
-2.345886556679143	10.63171222410839
-2.3681291082172464	10.626779995834953
-2.4125830046267795	10.616775960660078
-2.5013632465299103	10.596210193365035
-2.6783917723237893	10.552852982346147
-2.7004685767413634	10.547225133611978
-2.722533556110236	10.54155109976314
-2.766627653273811	10.53006457630742
-2.854669699254893	10.506538414778662
-3.030147626778889	10.457279469966842
-3.0520236660117823	10.450915753902512
-3.0738863407757093	10.444506274451475
-3.1175712140188123	10.431550137855112
-3.204776378545177	10.405089952354212
-3.3785070161781836	10.34998448765497
-3.723079467634311	10.231088301385318
-3.7440894735577177	10.223418340606923
-3.765083678644458	10.2157052348758
-3.8070243319753496	10.20014971894096
-3.8907121347146725	10.168522392061087
-4.057293969730262	10.103210093641238
-4.387125472960892	9.964417626613278
-4.407586252531979	9.955384069916882
-4.428028431171932	9.946308499428156
-4.468856640656312	9.928031470454034
-4.5502860578648106	9.89097494409246
-4.712217668141997	9.814860834526087
-5.032219365851958	9.654701280050473
-5.050707289000725	9.64504247963163
-5.0691766732068375	9.63534827647031
-5.106059553687178	9.615853804382823
-5.179599869031556	9.576441601648913
-5.325763624389624	9.495932306529571
-5.614303843319175	9.328241040408168
-5.6321652425916655	9.317467640577352
-5.650005968643057	9.306660040388365
-5.685625139216598	9.284942397741194
-5.756612525461265	9.241098462020963
-5.897568912845677	9.151785042891905
-6.175292679657133	8.966730110449223
-6.193911874246751	8.953878726402811
-6.212504323947024	8.94098868011828
-6.249608667671635	8.915092823634946
-6.323492891867693	8.862839623933318
-6.469945661365536	8.756499968140295
-6.757447482459531	8.536591361595393
-6.77517160810668	8.522531210489571
-6.7928664790245685	8.508434259674813
-6.828168151178216	8.480130202555806
-6.898417085407481	8.423083180689947
-7.037480370301264	8.30724735340703
-7.309734807583619	8.068721435014607
-7.325370501410009	8.054528885672694
-7.340978639101626	8.040306037292199
-7.37211201132945	8.011769657539823
-7.4340455057353205	7.954335671300288
-7.55656648295685	7.838034928584897
-7.79612172656143	7.5998009564527775
-7.810847025149824	7.5846659321799965
-7.825542941367289	7.569502376370612
-7.854846405671331	7.539089898414522
-7.913098320842113	7.477925081046845
-8.028169863872254	7.354248920853652
-8.252487449169367	7.101615270793386
-8.267394058061196	7.084256068339015
-8.282264151740662	7.066865576325565
-8.311894530912681	7.031991030998803
-8.370714227724473	6.961869854488433
-8.486574881676118	6.8201565473798125
-8.711067493921941	6.530987036382802
-8.724773851452289	6.512665337177868
-8.738441673627023	6.494314873001023
-8.765661470609382	6.457527974057711
-8.819635995564914	6.383612571169982
-8.925711477239098	6.2344336693998095
-9.130264157702149	5.930831726127728
-9.142482082840942	5.91198020277437
-9.154661084747122	5.893103509737492
-9.178902111623897	5.855274936182767
-9.226914816275341	5.779319296099005
-9.321051438446158	5.626232188143727
-9.501680668801374	5.315501201315826
-9.512628163234787	5.295884626867933
-9.523535158574473	5.2762455057038045
-9.54522746640339	5.236899957769105
-9.588124061352007	5.157941986605358
-9.671954999642386	4.998977399224405
-9.831688866578297	4.677005728440375
-9.840673437717042	4.658072009455629
-9.84962154662507	4.639121031113858
-9.867408245264016	4.601167577295944
-9.902542646018096	4.525056651231743
-9.971048216924663	4.37203453884198
-10.100950314406672	4.062916600048721
-10.108752324271485	4.043465716387314
-10.116516878604234	4.0239998506435555
-10.131933505733736	3.9850234614684257
-10.162316037053802	3.9068940753625276
-10.221271950615664	3.749945101547645
-10.331899003935343	3.43341688781651
-10.339042028350176	3.411846785697211
-10.346140020506846	3.390261823094243
-10.360200784579218	3.347047692559498
-10.387780578493567	3.260445246609057
-10.44076656860522	3.0865647592362806
-10.447185477160518	3.0647682063852826
-10.453558882433002	3.0429583047701816
-10.46616907228898	2.9992988352822336
-10.49084220447345	2.9118238947268686
-10.53799352756003	2.736271361938842
-10.543681163694721	2.7142726597401436
-10.549322876254402	2.6922621353796967
-10.560468432557716	2.6482060036967843
-10.582207394476265	2.559956095982035
-10.62347148064672	2.3829272445774636
-10.697105126898382	2.0269263571102125
-10.70103439170798	2.006078637677686
-10.704923026181314	1.9852233014441483
-10.712578345215114	1.9434900953418641
-10.727400779947823	1.8599357675571886
-10.755089736429717	1.6924932243314523
-10.758367230626474	1.6715331537382616
-10.76160387680217	1.65056673656664
-10.767954576089142	1.6086151809381368
-10.78016526808721	1.524639415006037
-10.802621281710616	1.3564151270892681
-10.80524381983925	1.3353630768032465
-10.807825331962944	1.3143059563297266
-10.812865239144765	1.2721768246429284
-10.822452320618044	1.1878612381136324
-10.824746384988947	1.166770865994031
-10.82699934930639	1.1456760638080508
-10.831381943720222	1.1034734896295813
-10.83965356598132	1.0190187057027762
-10.841618599150074	0.9978951365884666
-10.843542468203923	0.9767677786053927
-10.847266684904577	0.9345020169175734
-10.854220837996957	0.8499285576190311
-10.855856362471824	0.8287769244155779
-10.857450668772982	0.8076221444616479
-10.860515602797266	0.765303465600987
-10.866150596901802	0.6806318817939251
-10.867430973353992	0.6598731639110983
-10.86867169234242	0.6391120380170223
-10.87103413996219	0.5975828652498871
-10.872155859972478	0.5768149699252175
-10.873237905276934	0.5560449696855204
-10.875282956118738	0.5144989576442478
-10.876245954193276	0.49372309745251197
-10.8771692626364	0.47294543556487945
-10.878896797295882	0.431385009995848
-10.879701017208118	0.4106023979768866
-10.88046553488071	0.3898182875863451
-10.881875452492334	0.34824587507747634
-10.88252084728629	0.3274577246653292
-10.88312652955047	0.3066683792934139
-10.883692497074618	0.285877914826271
-10.884218747793398	0.26508640713252984
-10.88470527978642	0.24429393208462646
-10.885152091278226	0.22350056555852715
-10.885559180638312	0.20270638343345138
-10.885926546381127	0.18191146159158994
-10.886254187166077	0.16111587591784288
-10.886542101797534	0.14031970229953247
-10.886790289224841	0.11952301662611699
-10.886998748542311	0.09872589478892813
-10.887167478989232	0.07792841268088921
-10.887296479949875	0.057130646196238234
-10.887385750953486	0.036332671230251
-10.887435291674299	0.015534563678959234
-10.88744510193153	-0.005263600561111852
-10.887415181689377	-0.02606174559323015
-10.88734553105703	-0.04685979552074333
-10.887236150288654	-0.06765767444734128
-10.887087039783403	-0.08845530647733787
-10.886898200085412	-0.10925261571594803
-10.886669631883793	-0.13004952626956456
-10.88640133601264	-0.15084596224604
-10.88609331345102	-0.17164184775494898
-10.885745565322967	-0.19243710690787505
-10.885358092897489	-0.21323166381869693
-10.884930897588546	-0.23402544260385127
-10.884463980955065	-0.25481836738261426
-10.883957344700919	-0.27561036227737845
-10.882824920870839	-0.3171912589217294
-10.882199137427351	-0.3379800089341754
-10.88153364262807	-0.3587675255888903
-10.880083528821146	-0.40033855539843055
-10.879298915105261	-0.42112191685212136
-10.878474600617084	-0.44190374154637047
-10.876706881501088	-0.48346247731402897
-10.875763483324032	-0.5042392367311673
-10.874780397276195	-0.5250141560768703
-10.872695176062916	-0.5665581713133687
-10.868048646738014	-0.6496207856894367
-10.866679048079172	-0.6721421122804546
-10.865262779625109	-0.6946605521813852
-10.862290257861865	-0.7396883850804558
-10.855785457850152	-0.8297051561807263
-10.854042682361511	-0.85220068208038
-10.852253291347823	-0.8746925479813166
-10.848534693685513	-0.9196649134143896
-10.840538463610121	-1.0095614751233466
-10.838422990308407	-1.0320250172442038
-10.836260968564499	-1.054484127063706
-10.831797317091452	-1.0993886639920294
-10.822311854784513	-1.1891403074718818
-10.801110641112436	-1.3683922944504767
-10.79825161883165	-1.3907733566125713
-10.79534622063513	-1.4131484457347507
-10.789396346605988	-1.4578803205027158
-10.776940649928546	-1.5472681671195263
-10.749808524561356	-1.7257187599176567
-10.746209096392276	-1.7479927373074593
-10.74256351581769	-1.7702592074852803
-10.735133960277734	-1.8147692437209284
-10.719721722507257	-1.9036950241752892
-10.68668851338077	-2.0811480415960957
-10.682643719972614	-2.1018115294177586
-10.6785589722499	-2.1224671562228856
-10.670269675119888	-2.16375451779554
-10.653212311296915	-2.2462315115534173
-10.617186128070873	-2.4107773175810174
-10.612503982464352	-2.4313057757596046
-10.607782144873946	-2.4518251405753273
-10.598219464530741	-2.492836283173338
-10.578618587025373	-2.574746073558528
-10.537518919789282	-2.7380985314898107
-10.532203904639273	-2.758472306216794
-10.526849497836896	-2.7788357639405095
-10.516022589526683	-2.819531423770311
-10.493896964087915	-2.900795590897463
-10.447763161388238	-3.062798308182008
-10.348004784430385	-3.384565782263593
-10.34088790735086	-3.4062480591801414
-10.333725599237034	-3.427915371291555
-10.319264815971747	-3.4712047203977043
-10.289799474909225	-3.55759965696276
-10.22870101065044	-3.7296332511096035
-10.09789414210171	-4.0705064117345024
-10.08934006340728	-4.091662942861803
-10.0807416588137	-4.112801497923494
-10.063412023226519	-4.155024308454002
-10.028222516420755	-4.239250135839535
-9.955731282879212	-4.406801921593931
-9.802372307911396	-4.738141586123776
-9.792601578390837	-4.758302520853528
-9.78278938311637	-4.7784433070456505
-9.763040761676002	-4.818664092766437
-9.723047769634434	-4.8988601350182055
-9.641088330859615	-5.0582511157144285
-9.469354302342417	-5.372877967139481
-9.458278140376795	-5.392352285629548
-9.447161928315127	-5.411803770764136
-9.424809542354819	-5.450637911602757
-9.37962625171904	-5.52802857546221
-9.287356366223936	-5.681681113880244
-9.095291791498473	-5.984325841777354
-9.083789196889	-6.00177160341398
-9.072253139450194	-6.0191952557463875
-9.049080806193645	-6.053975975839473
-9.002336463813775	-6.123269285712708
-8.90725875963687	-6.260769117443637
-8.710826378361721	-6.531308625314021
-8.698274656378226	-6.548015466938969
-8.68569089172245	-6.564698187008553
-8.660427419936028	-6.597991016747742
-8.609518011848518	-6.66428451949042
-8.506179879095065	-6.7956892525734265
-8.293512238991823	-7.053661694095951
-8.278812693828337	-7.070908635640155
-8.264077282504909	-7.088124944006701
-8.23449911688523	-7.122465362996166
-8.174915210973923	-7.1907753299940405
-8.054051607524096	-7.3258952528958705
-7.805659335946338	-7.59000466957811
-7.789844496520581	-7.606235026153986
-7.773995909283519	-7.6224324303667546
-7.742197766163649	-7.654728101159068
-7.67819953701224	-7.71892093643203
-7.548610881939226	-7.8456970567396
-7.283191302563959	-8.09268886114624
-7.267453704897236	-8.106824606480588
-7.251688671609845	-8.120929747455593
-7.220076536336946	-8.149048003448035
-7.1565256639207195	-8.204914927938487
-7.0281309809988395	-8.3151586555512
-6.766278975176081	-8.52959303737018
-6.749693461591434	-8.542723612971075
-6.733082467001066	-8.555821938634917
-6.699784285734136	-8.581921642481575
-6.632884916732538	-8.633731883400465
-6.4978883276400845	-8.7357847864163
-6.223218399598074	-8.933534647829363
-6.206191361413196	-8.94537183903408
-6.189141807755361	-8.957176577279162
-6.154975401518927	-8.980688523702437
-6.086375130398893	-9.02732110457613
-5.948118717488406	-9.11901158436197
-5.667495183511879	-9.296019949308056
-5.649778725757513	-9.306797994103103
-5.632041771142398	-9.317542274718743
-5.596506628795997	-9.338929387617522
-5.525193218039077	-9.381296736400502
-5.381608404913521	-9.46439535993863
-5.090723876766767	-9.623981450708458
-5.0708221898246	-9.634482387354609
-5.050898842086752	-9.644942168829756
-5.010987504738767	-9.665738087720754
-4.9309086512974805	-9.706834109307906
-4.76974541551498	-9.78703311653933
-4.443551504510464	-9.939383209225133
-4.422999328472067	-9.94854589844161
-4.402428258912842	-9.957666090916554
-4.36122979080213	-9.975778829990356
-4.278610004081024	-10.011492645257324
-4.112498818544918	-10.080865142463239
-3.776949345208617	-10.211324213675322
-3.7572512747558013	-10.218588523441467
-3.737539232766237	-10.225814834847974
-3.6980735274295635	-10.24015335523782
-3.618977686974221	-10.268373242838733
-3.4601447745688967	-10.322978576558574
-3.1400465811705787	-10.42480676181303
-3.1199380249668653	-10.43084250065303
-3.09981786710929	-10.436839451855803
-3.0595430457468358	-10.448716902294075
-2.978857478017853	-10.472005379998658
-2.8169594582457247	-10.516711841809856
-2.4911909441114872	-10.598606334468728
-2.469029690460736	-10.603790875940883
-2.4468576472298236	-10.60892907918875
-2.402481579638745	-10.619066381399085
-2.313604235810731	-10.638783952741138
-2.1353704782957776	-10.675986206130402
-2.113048243691392	-10.680426755186163
-2.0907167751343105	-10.684820631121315
-2.0460265265531388	-10.693468287029452
-1.9565395184725571	-10.71020269022575
-1.7771613702675058	-10.741423835651055
-1.7547031245366973	-10.745115425057326
-1.7322372108098114	-10.748760058655582
-1.6872827721021242	-10.755908394925605
-1.5972862006400557	-10.76964091074111
-1.5747693616719096	-10.772956419228807
-1.5522456410124104	-10.77622485024425
-1.5071779483607748	-10.782620422932393
-1.4169643155523772	-10.794846023983617
-1.3943951806654729	-10.797784524299447
-1.3718199523165806	-10.800675838644999
-1.3266516098711014	-10.806316859091728
-1.2362461459002416	-10.817032126226238
-1.0551822334088985	-10.836193012648028
-1.0340279432651085	-10.83823208672017
-1.0128697131451836	-10.84022986367249
-0.9705417554700065	-10.844101495926388
-0.8858421086364884	-10.851348870607293
-0.8646585568344077	-10.85305736339566
-0.8434717104075548	-10.854724502575175
-0.8010884566062991	-10.857934694855917
-0.7162859663698111	-10.863858567168728
-0.695078318635629	-10.865236062047911
-0.6738680224314495	-10.866572156913515
-0.6314398078948081	-10.869120126397974
-0.6102220512273709	-10.87033199130825
-0.5890019694193703	-10.871502436787836
-0.5465551538113003	-10.873719051773687
-0.5253285817471319	-10.874765212833942
-0.5041000080135853	-10.87576993757152
-0.4616371790961751	-10.877655062923251
-0.44040308570922804	-10.878535456354477
-0.4191673142461197	-10.879374399097193
-0.37669106075770586	-10.880927919888494
-0.35545074058046894	-10.881642492017669
-0.33420906602259115	-10.882315601619538
-0.3129661180216154	-10.88294724612934
-0.29172197751993684	-10.883537423140309
-0.2704767254645138	-10.884086130403677
-0.24923044280653983	-10.884593365828701
-0.2279832105011163	-10.885059127482648
-0.2067351095069628	-10.885483413590821
-0.18548622078612845	-10.885866222536551
-0.1642366253036637	-10.886207552861215
-0.14298640402729274	-10.886507403264238
-0.12173563792712418	-10.886765772603093
-0.10048440797536194	-10.886982659893308
-0.07923279514597739	-10.887158064308476
-0.057980880414381424	-10.88729198518025
-0.03672874475713527	-10.887384421998346
-0.015476469151661317	-10.887435374410556
0.005775865424084822	-10.887444842222731
0.027028177991942164	-10.887412825398794
0.0482803875738336	-10.887339324060743
0.06953241319205507	-10.88722433848864
0.09078417386960345	-10.887067869120617
0.11203558863050456	-10.886869916552872
0.13328657650010217	-10.886630481539667
0.15453705650534735	-10.886349564993326
0.1757869476751263	-10.886027167984231
0.19703616904058818	-10.885663291740817
0.2182846396354343	-10.88525793764957
0.23953227849620742	-10.884811107255015
0.26077900466261933	-10.884322802259721
0.30326939508898115	-10.883221776067328
0.32409647722251084	-10.882621468493502
0.34492237238595747	-10.88198130443585
0.386570296716465	-10.880581416393165
0.4073921733522692	-10.879821697535077
0.4282125579560648	-10.879022132447036
0.46984854606328974	-10.877303475440314
0.4906639970791874	-10.876384389816039
0.5114776510885714	-10.875425470550596
0.5530992631831656	-10.873388145289855
0.6363175697431674	-10.868835655372651
0.6571165107302993	-10.867598007121416
0.6779130450956757	-10.866320557408235
0.7194985893095575	-10.863646272455915
0.8026374476335442	-10.857820300627564
0.8234150035505444	-10.856264379840406
0.844189543794633	-10.85466869909955
0.8857292729369047	-10.851358081278416
0.968769196197461	-10.844259993082177
0.9895204970153875	-10.842386164449694
1.010268173816086	-10.840472626691053
1.0517523514343958	-10.83652645197325
1.1346738759933894	-10.828157911122366
1.155394057837204	-10.825966613849232
1.176110008168904	-10.82373566758486
1.2175289108315714	-10.819154860910025
1.3003126008022137	-10.809517828897768
1.3209968070908213	-10.807009576599791
1.3416761753642379	-10.804461744738777
1.3830200949392895	-10.799247379797254
1.4656465467417024	-10.788344115437171
1.6306369613664147	-10.76464173362446
1.6529790127635082	-10.76123361592095
1.675313941351343	-10.757779127263097
1.7199620451589213	-10.750731096826694
1.8091685464844254	-10.736079252849951
1.9872012090308107	-10.704556035067041
2.0094177645102116	-10.700407880110669
2.031625661259317	-10.696213616302565
2.076015095822503	-10.687686834623328
2.164685852135075	-10.670080773575707
2.3415735300565164	-10.632662975774338
2.3636400842689143	-10.627779359071253
2.3856964533807514	-10.622849946478121
2.429778256176952	-10.612853818783778
2.5178154616822153	-10.59231296053783
2.69336304397962	-10.549041855371916
3.042181719229259	-10.453784909794683
3.062429037621486	-10.447871407257866
3.08266486127145	-10.441918688926188
3.123101720569661	-10.429895694398796
3.2038341631823366	-10.405380108765343
3.3647169901439415	-10.35447575347494
3.684019399778298	-10.245217890075393
3.703861438562387	-10.238061290937571
3.7236895750055465	-10.230866263521323
3.76330384322407	-10.216361032023029
3.8423622804286115	-10.18689062761563
3.9997821584677644	-10.126116295888897
4.3117018774877165	-9.99728540518538
4.332681462646894	-9.988211045842979
4.353641950144857	-9.97909266030748
4.395505262681861	-9.960723971619723
4.478998656352878	-9.92346006136231
4.645031938029329	-9.846835372227527
4.9731210316990495	-9.685275202963327
4.99344410037804	-9.674812895837494
5.013745158875911	-9.66430794391984
5.054280887492411	-9.643170291112392
5.135084291834345	-9.600385297935697
5.295598977173281	-9.512787184943486
5.612101924159574	-9.329565935557138
5.631320234844342	-9.317978373321994
5.650514620257366	-9.306351222650125
5.688831289172465	-9.282978353761044
5.765173942420333	-9.235759739550467
5.916678381971553	-9.139442295751651
6.214820183215902	-8.93937909719439
6.233232954946004	-8.926550032483929
6.251619244113195	-8.913683042362303
6.288312062407192	-8.887835504713616
6.361376478709688	-8.835687740588327
6.506203085137527	-8.72959391770377
6.7905101955914695	-8.510314908194175
6.806861032237913	-8.49724257867602
6.823186703559659	-8.484138834403312
6.855762308894813	-8.457837295491148
6.92060888622736	-8.404859379961966
7.049070113828196	-8.297415204953762
7.300958995357746	-8.076663067205944
7.316475075121009	-8.062610063012892
7.3319641054895435	-8.048527250924646
7.3628607890875655	-8.020272411432204
7.424327050667433	-7.963407335920444
7.54593845980545	-7.848267408408858
7.783776665669734	-7.612444375628573
7.799630651881704	-7.596199724025897
7.815450735766167	-7.579922054340387
7.846988921642225	-7.547267943877964
7.909655449736356	-7.481566628689456
8.033333927682564	-7.348607661278968
8.273952967463748	-7.076594579687432
8.288688714997384	-7.059329142272568
8.30338843443533	-7.042033020367721
8.332679533602423	-7.007349023942435
8.390826593949985	-6.937616134042399
8.505366062238386	-6.796707783948582
8.727315732149792	-6.509258687779621
8.739968952350221	-6.492259334393374
8.752589060698275	-6.475235384726074
8.777729750714965	-6.441113954625947
8.827611693220055	-6.372578783097803
8.925767287792565	-6.234353765807316
9.115562705894842	-5.9534028175458475
9.127133261591158	-5.935648825378746
9.138669238641848	-5.917872345680072
9.16163728211877	-5.882252193161656
9.207156511116546	-5.810745006698187
9.296517924382101	-5.66667830697191
9.468457454334521	-5.3744582972166395
9.478695518792616	-5.356381223838021
9.488899070745303	-5.338284647550433
9.509202488653262	-5.302033249882005
9.549393548163204	-5.22929932355786
9.628104409570996	-5.08292180064412
9.778777592030144	-4.786647820622786
9.787893457756686	-4.767979678298512
9.796973685169375	-4.7492941754709745
9.81502709293642	-4.7118713605093
9.850704802700005	-4.636820402293665
9.92033656836751	-4.485912496178904
10.05264940003796	-4.180996124487579
10.061283552748044	-4.160175696321659
10.069874583524063	-4.1393374379433965
10.08692713217671	-4.097607787871
10.120513158571654	-4.013938459947003
10.185600929144773	-3.8457797993734473
10.307377860208883	-3.5063442785812517
10.314614771005868	-3.4849979453094755
10.321807474109498	-3.463636675588395
10.33606013411665	-3.4208696930734215
10.364033618115519	-3.335160523218496
10.417846592054968	-3.1630619559965027
10.516885929705602	-2.8163094458216142
10.522306864675784	-2.7959876249119167
10.527688531749067	-2.77565536973575
10.538333982016795	-2.7349598601320952
10.559152793934663	-2.653446970905114
10.598897761899224	-2.489950759728264
10.603688082715179	-2.469471116969744
10.608438831929995	-2.4489822584623817
10.617821544787187	-2.407977200082419
10.636111341106064	-2.325859860924272
10.670784643646451	-2.1612134651585935
10.674939774194518	-2.1405955644127634
10.679055067239288	-2.119969675239386
10.687166079536674	-2.0786942395322208
10.702909388318863	-1.9960508957688616
10.732477902606844	-1.830411599373087
10.735993873560037	-1.80967513657702
10.739469779163882	-1.7889319203059122
10.746301342586547	-1.7474255370075957
10.759483124511464	-1.6643351364484114
10.783918604237972	-1.497861171882714
10.787123632737144	-1.474602415943879
10.790278496810302	-1.4513368025158553
10.796437673226428	-1.4047854360011165
10.808153423044361	-1.3116051757286529
10.810956738409303	-1.2882945910412837
10.813709778514788	-1.2649780152703782
10.81906498197031	-1.218327324230851
10.829171538119398	-1.1249588219345963
10.83157230603229	-1.1016033461541554
10.83392270281512	-1.0782427474789062
10.838472339503744	-1.0315066160117323
10.84696669408841	-0.9379776598621506
10.848964200036905	-0.9145842440045197
10.850911253976093	-0.8911865749654748
10.854653969842898	-0.8443789125964162
10.86153359478818	-0.7507173385179675
10.863127244278047	-0.7272929448906871
10.864670375894804	-0.7038651690612118
10.867605057039238	-0.6569999066049323
10.868996592919478	-0.6335626379202852
10.870337583631795	-0.6101224229167435
10.87286790484318	-0.5632335899915931
10.874057223575244	-0.5397851901217535
10.875195973605436	-0.5163342800355432
10.877321746612825	-0.4694253654495447
10.878308759704328	-0.44596757909491325
10.879245184322624	-0.4225077188132196
10.880966250955861	-0.37558221286859084
10.881750884967161	-0.35211678542796876
10.882484914497995	-0.3286497205039056
10.883168336134833	-0.30518112722760043
10.883801146699492	-0.2817111147373697
10.884383343249148	-0.2582397921781295
10.88491492307636	-0.23476726870087872
10.885395883709068	-0.21129365346222037
10.88582622291061	-0.18781905562383458
10.886205938679742	-0.1643435843519515
10.88653502925063	-0.1408673488168633
10.886813493092875	-0.11739045819243545
10.887041328911508	-0.09391302165557987
10.887218535647	-0.07043514838572792
10.887345112475272	-0.0469569475643419
10.887421058807687	-0.023478528374426683
10.887446374291068	-2.6666552706328024e-15