23.140692632779267	0.
23.140649666626583	0.044592950336241825
23.140520768328084	0.08918573507782811
23.140305938362424	0.13377818863071822
23.140005177527378	0.17837014540210144
23.139618486939806	0.22296143980101174
23.139145868035676	0.2675519062389429
23.138587322570043	0.31214137913046325
23.13794285261705	0.3567296928938306
23.13721246056992	0.40131668195160725
23.13639614914094	0.44590218073127463
23.13549392136146	0.4904860236658484
23.13450578058188	0.535068045194493
23.133431730471628	0.5796480797631368
23.132271775019163	0.6242259618250866
23.129694165636423	0.7133746062827122
23.128276521278032	0.7579450376274269
23.126772990721143	0.8025126543647544
23.123508293664088	0.891638782025995
23.121747139287272	0.9361969619825624
23.119900122958644	0.9807516653982801
23.11594853220012	1.0698499808101851
23.113843972444354	1.1143932619423065
23.111653580084955	1.1589324048066756
23.107015330409805	1.2479976141687665
23.096709219061726	1.4260710974119803
23.09391824407309	1.4705766422844302
23.09104151047446	1.5150767262122533
23.085030810496274	1.6040598502557164
23.071980798589255	1.7819532974501444
23.06850407166404	1.8264105289841515
23.064941680503633	1.8708609781944923
23.057559958710645	1.9597408694080451
23.041769147678544	2.1374120028328045
23.03760749508716	2.1818103554316277
23.033360292994132	2.2262006059396144
23.02460930370826	2.3149561413460362
23.006081446356546	2.4923627361147904
22.964926176074936	2.8467211405743353
22.958928897231747	2.8946915926608967
22.952831415073916	2.9426494109833254
22.940335947700408	3.0385263091520165
22.914143773402003	3.2301192944885
22.856961014871068	3.612615214692649
22.849363921077703	3.6603584424093305
22.841667102161594	3.7080856946399443
22.825974423766066	3.8034914394989765
22.793393872713395	3.99410206280662
22.723460102439933	4.374473282303264
22.71427168115442	4.421935947011348
22.704984124350762	4.469379312359211
22.6861117667622	4.56420731680084
22.647179237881875	4.75362262827171
22.564572585734464	5.131444197093584
22.380475973571198	5.882682272668389
22.368958132895273	5.926328338317326
22.357355174409054	5.96995185324717
22.33389408093462	6.057130567055511
22.28595244459883	6.231210088084349
22.1860016986666	6.5782204395662625
21.96991723423221	7.267351116173702
21.955699121987205	7.310193676609044
21.941397464454948	7.3530084204748825
21.91254373152764	7.438553806934072
21.853836137993916	7.609303619811456
21.7324330565086	7.949403057408581
21.473780486044674	8.623711913203705
21.45724905556982	8.664763037268393
21.44063914832199	8.705782471220335
21.407184146787465	8.78772566881193
21.33933511457165	8.951225189479592
21.199894925734615	9.276643286371229
20.9061618103949	9.920889772714473
20.887150668620162	9.960852999172557
20.868063135124522	10.000779795257044
20.82965917248919	10.080523512333155
20.751937636890236	10.2395673658306
20.59285613592485	10.55584822218787
20.260271222250687	11.180924180299467
20.237032665355468	11.222930295876402
20.213707016276388	11.264888112400559
20.166794843478478	11.348658126219787
20.07192983364749	11.515610634173791
19.878060144570824	11.847125407185894
19.473950958738744	12.50027558021834
19.447977083606855	12.540647626030614
19.421919512074215	12.58096570185594
19.369553728732328	12.661439249726556
19.26382276353838	12.821731086703743
19.04838884031948	13.139655174804131
18.60184259790033	13.764559836322608
18.575158594704707	13.800548492952462
18.54840496499127	13.83648542005707
18.49468922740128	13.908203547065725
18.38642666387423	14.051013132822108
18.166599995450184	14.334095720695952
17.713926438423968	14.889877959837985
17.685065405621895	14.92414544031384
17.656138082698245	14.958356979610343
17.59808500045521	15.026611721925804
17.48118814203852	15.162444284066355
17.244256269638292	15.431373277573359
16.758040140254067	15.958062106107937
16.72452067317748	15.993188042952024
16.69092758001847	16.028243573247302
16.623521107321913	16.098142797204506
16.487831177573863	16.237089597110316
16.212976939334965	16.511542456395684
15.649643672454625	17.04641629346079
15.613843103030263	17.079214240670407
15.577973797041084	17.111937000335935
15.506029607297593	17.177156381146883
15.361323357122881	17.306686576080228
15.068675148136034	17.562080879118856
14.470726047706401	18.057955121690718
14.433497834432888	18.087725003111522
14.396208377278	18.117418135119458
14.321446364486313	18.176573647250088
14.171194391588173	18.293958156740835
13.867814444780668	18.52499333467889
13.249840241862593	18.97191052819624
13.210731965577073	18.999163572600892
13.171567633821793	19.0263360001978
13.093071468863819	19.08043854412128
12.93541380113198	19.187671180167982
12.617474654900525	19.39822128076973
11.971404531120697	19.803462552721115
11.933331002051725	19.82642849129
11.895213415286085	19.849321230953027
11.818846631745387	19.894886775753346
11.66559057524128	19.985135777762594
11.357020243820411	20.162086863869472
10.731902727555127	20.50165650309895
10.6924899394765	20.522239507884084
10.65303767486963	20.542746744838503
10.574015298845252	20.58353361268544
10.41550324707435	20.66419482183974
10.09664276487943	20.821850551840306
9.451840723714243	21.122366402898653
9.407810806741663	21.14201389057626
9.363740048914865	21.161569597293877
9.27547677614871	21.200405328669795
9.098468570152416	21.276971711282442
8.74256860548706	21.42566567701262
8.023581433851232	21.705155988822618
7.978340348703232	21.7218263690008
7.933064628267406	21.738402451157654
7.842410067879179	21.77127143397904
7.660693981789158	21.835874684613483
7.295678172942795	21.960526758746266
6.559667694773517	22.19149420969461
6.516490560952613	22.204211453996294
6.473288772470252	22.21684469030144
6.386811885416912	22.241858948052474
6.2135694533806305	22.29087728584902
5.865966692637609	22.384862972232618
5.822414749089326	22.396230531371828
5.778840776864222	22.40751335602449
5.691627405901933	22.42982463143996
5.516943579154914	22.473428511670978
5.166584623459351	22.5565524593941
5.12270004933745	22.56655932412566
5.078796093857692	22.57648080994424
4.990930703326837	22.596067495016786
4.814974659531177	22.63421468822891
4.462198824262865	22.706396393472737
4.418024120866922	22.71503287235576
4.37383270220253	22.723583410587082
4.285400387910922	22.740426536018568
4.108342536844528	22.773080097446602
3.7534914780809903	22.834249653727138
3.7099434488603715	22.8413654392863
3.6663819301634817	22.84839817289027
3.5792190579538152	22.862214382249697
3.4047384122435966	22.888849072615198
3.361086904838098	22.89529974346024
3.317423176410179	22.901667166243186
3.2300596915819604	22.91415217531694
3.0551930581237925	22.938122218315012
3.0114482303116636	22.943906273364117
2.9676924527748287	22.949606903616193
2.8801486849560574	22.96075780712193
2.7049367555059374	22.98205762488376
2.3540510096132743	23.020645068479364
2.3101500988171537	23.025092009494767
2.2662407882393683	23.029455230519126
2.1783976063915644	23.037930449439944
2.0026174721415555	23.053875569739635
1.958653835088826	23.05765232366592
1.9146830763064002	23.061345239210798
1.826720833094274	23.068479501750954
1.6507179222585435	23.08174139587174
1.606701789360558	23.084847083852
1.5626798144420782	23.08786883456981
1.4746189788256836	23.093660480574574
1.4305804383198606	23.09643035480291
1.3865366961765617	23.09911624965164
1.2984342475738473	23.104236062451665
1.2543758614578295	23.10666996178715
1.2103129143899616	23.109019844511483
1.1221739782719853	23.113467526255203
1.0780983096979444	23.115565309102674
1.0340187211230285	23.117579042995217
0.9458484250835709	23.12135433493314
0.8980099553328269	23.123261743207593
0.850167641675015	23.125070172992196
0.8023216888978515	23.126779616546028
0.7544723018046239	23.12839006655185
0.7066196852133311	23.12990151611618
0.6587640439557955	23.1313139587693
0.5630445068331081	23.13384179958205
0.5151810206928186	23.134957186921323
0.46731532933425185	23.135973545708723
0.4194476376451914	23.136890871593756
0.371578150521978	23.137709160649838
0.32370707286864797	23.138428409374296
0.2758346095960459	23.13904861468841
0.22796096562093698	23.13956977393741
0.18008634586514582	23.139991884890485
0.1322109552546736	23.140314945740805
0.0843349987188213	23.140538955105512
0.036458681189312156	23.140663912025744
-0.011417792400590389	23.14068981596662
-0.05929421711694466	23.140616666817266
-0.10717038802601817	23.140444464890795
-0.15504610019517512	23.140173210924306
-0.2029211486937382	23.1398029060789
-0.2507953285938709	23.13933355193965
-0.29866843497145473	23.138765150515624
-0.34654026290696643	23.13809770423984
-0.39441060748636014	23.137331215969287
-0.44227926380192933	23.1364656889849
-0.4901460269531939	23.135501126991535
-0.5380106920477877	23.134437534117982
-0.58587305420232	23.133274914916917
-0.633732908543258	23.1320132743649
-0.6815900502078035	23.13065261786235
-0.7294442743447694	23.12919295123352
-0.7772953761154626	23.127634280726472
-0.825143150694545	23.12597661301305
-0.87298739327092	23.12421995518886
-0.9686644632476682	23.120409699709167
-1.0164968811049588	23.11835611836336
-1.0643249478751344	23.1162035795261
-1.1599672092667177	23.111601666656306
-1.3511905123839092	23.101210784805378
-1.398982390349162	23.09836582523226
-1.4467682800085329	23.09542199373559
-1.5423212762513623	23.089237765798746
-1.7333464108589496	23.075683429634907
-1.7810846566294385	23.07204787119435
-1.828815278515739	23.06831355348353
-1.9242528334307918	23.060548704612348
-2.1150274693212787	23.043834627265948
-2.159509338292408	23.039708655766297
-2.203983159244433	23.03549682031042
-2.292905994144983	23.02681562063627
-2.4706477970573433	23.008423565895608
-2.5150606427953472	23.003611140162896
-2.5594641154522866	22.9987129850015
-2.648242279630379	22.988659559729506
-2.825678852220576	22.967524780630544
-2.8700120818469776	22.962027048473246
-2.9143346155659158	22.956443741862085
-3.0029469346003106	22.945020488828053
-3.180035956588717	22.92114802621299
-3.5336345926830504	22.86930436393198
-3.577776889929531	22.862440115846137
-3.6219058535838697	22.855490664445153
-3.710123122330434	22.841336255611527
-3.8863904239266316	22.81200615898514
-4.238219314759343	22.749267077529453
-4.938760858385804	22.607527434649747
-4.986058061114054	22.597143194128858
-5.033333430453866	22.586660003255023
-5.127817841010552	22.565396954500457
-5.316515559384197	22.52168550156916
-5.692780347452734	22.4295320379276
-5.739703430035938	22.417570342479095
-5.786601379102249	22.405510483007
-5.880321055351735	22.38109648365673
-6.067449777254799	22.331092869030286
-6.440418850540758	22.226395581703386
-6.486915217320242	22.21286983908346
-6.53338317862631	22.199246828800465
-6.6262330710315345	22.171709244285445
-6.811583045572919	22.11546951656302
-7.180838346416956	21.99834575979277
-7.91320890556827	21.74563819117755
-7.957864564257389	21.72933609436103
-8.002486639102138	21.71294229522467
-8.091629284143298	21.679879867120096
-8.269503291851505	21.61265765311665
-8.62356419004363	21.47383980998652
-9.324603641763964	21.178843746738554
-9.36809194882921	21.159643398768466
-9.411540720597083	21.14035375270025
-9.498318924956898	21.10150689227123
-9.67139285341617	21.022745201320763
-10.015569944364126	20.860968678714674
-10.695716663264124	20.520557998844446
-10.73501176813043	20.50002872834245
-10.774267469452607	20.479424211179865
-10.85266008524748	20.43798973966962
-11.00896614407872	20.35422118292157
-11.319629491618196	20.183102925399062
-11.932906497896756	19.826683989946932
-11.970869959331758	19.80378569722297
-12.008789480926438	19.7808147134428
-12.084496148012596	19.734655010246147
-12.235376090785145	19.641467038941055
-12.534971452539754	19.451636080514618
-13.125258660730026	19.05831158874511
-13.1648327761154	19.03099665024621
-13.204350046650056	19.00359953720077
-13.28321337088187	18.94855926102008
-13.440250389825964	18.837497842960662
-13.751528021665461	18.611478517144043
-14.362597968150835	18.14407438063552
-14.400269661740431	18.114190271550168
-14.437879175947035	18.084227946625745
-14.51291101689917	18.02406916709796
-14.662221418888233	17.902818733044796
-14.957793091216324	17.656615795931163
-15.536455528161875	17.14964154570622
-15.569688370143178	17.11947603115799
-15.602862643014426	17.089246117602425
-15.669034982475697	17.028593548579327
-15.800671356006266	16.906520642173767
-16.061083226474445	16.65932955184649
-16.570245253110386	16.152975817989
-16.601543098063686	16.120807122718716
-16.632778492338367	16.08857778517327
-16.69506145908957	16.023937668438013
-16.818872830268475	15.893935077381608
-17.063451321541503	15.631067926477327
-17.54022650968343	15.094108437193743
-17.571909720117183	15.057212368589875
-17.603515319394322	15.020249795679636
-17.666493126442948	14.946125790254435
-17.791511287532497	14.797086930553876
-18.03776699242017	14.495882775875431
-18.514914191103717	13.881268242521312
-18.54404633061751	13.842326437874377
-18.573096565266823	13.803323494797851
-18.63095080710105	13.725134882694057
-18.74567081113667	13.56803159508642
-18.97112864880672	13.250959712986436
-19.405894574908906	12.605669806570598
-19.431863129933415	12.565601888660133
-19.457748955681357	12.52548047391579
-19.50927197887465	12.445077837404675
-19.611320448516814	12.283638133319906
-19.811402870441466	11.958259565247292
-20.195320766011143	11.297817253022094
-20.218589087624267	11.256123259389334
-20.24177133055121	11.214381343901222
-20.28787718592882	11.130754458410872
-20.37905163442418	10.962933458077625
-20.55722986919151	10.625062617697136
-20.896735772663742	9.940728825002724
-20.915832004416487	9.900486204616
-20.934850737622305	9.860206900376859
-20.972655426803385	9.779538837457476
-21.04733174122427	9.617769081217226
-21.192936716485068	9.29252865778867
-21.469036768493844	8.63551479402497
-21.485619528674032	8.594172967413778
-21.50212267909771	8.5527992971773
-21.534889906377046	8.46995703914634
-21.59946637311801	8.303897152621108
-21.724774055720356	7.970310392491893
-21.95990601869248	7.2975463804595675
-21.97508814007977	7.25170026686777
-21.99017454777912	7.205822568102264
-22.020059959692524	7.113973214478014
-22.07867935600518	6.929904286458468
-22.19129828140467	6.560330487901571
-22.204941332751112	6.51400306523154
-22.218487669271575	6.467647270467952
-22.245289962248858	6.3748513724035085
-22.29773140246729	6.1889280031511715
-22.39794905105676	5.815800360314157
-22.410037821469516	5.769043279874964
-22.422028983747417	5.722261072054945
-22.445718275411377	5.6286220894308014
-22.491923291594116	5.441051568383701
-22.579627928844754	5.064786088246823
-22.736132357593455	4.308124991542893
-22.744483802560975	4.263814264224713
-22.752748889893223	4.219487347797997
-22.769019866454386	4.130785620892245
-22.800524169155615	3.953195307155378
-22.859375584744022	3.5973050190904763
-22.866341725674182	3.5527554953101617
-22.87322104629152	3.5081924822123622
-22.886719122438198	3.4190266649130465
-22.912672303803852	3.2405406066371936
-22.96040137553952	2.882988761491725
-22.965975441915244	2.8382437397289557
-22.97146230968281	2.7934879415502616
-22.982174366393153	2.7039446957114444
-23.002551202061657	2.524736366691869
-23.007427114802063	2.4799098938944395
-23.012215671548088	2.4350740052247386
-23.021530644662818	2.3453746612461446
-23.03911154120533	2.1658704755049554
-23.04328811549172	2.1209734442473995
-23.04737719762451	2.0760683599492604
-23.05529282365884	1.9862347142545593
-23.070073509018822	1.8064782902743888
-23.073549729967716	1.7615216102765716
-23.076938343863876	1.7165582420267005
-23.083452699366298	1.626612123674075
-23.095429581922385	1.4466471412300248
-23.098150954493676	1.4025255820082598
-23.100788037218848	1.3583989046856788
-23.10580929494547	1.2701308398649747
-23.108193451623332	1.2259897744749553
-23.110493281807965	1.1818442351991414
-23.11483992943512	1.0935403793900296
-23.116886731015835	1.049382385095444
-23.118849174379783	1.0052205613913225
-23.12252095811981	0.9168860703897006
-23.12423028509681	0.872713725442706
-23.125855227058917	0.8285381957860015
-23.128851932527446	0.740178227176422
-23.13022368509828	0.6959941106670255
-23.131511030783088	0.6518074543337117
-23.132713964884083	0.6076184194225571
-23.133832483011517	0.5634271671883289
-23.13486658108369	0.5192338588938855
-23.13581625532696	0.4750386558095887
-23.136681502275785	0.43084171921271436
-23.137462318772695	0.3866432103868541
-23.138158701968337	0.34244329062135787
-23.13877064932146	0.2982421212107237
-23.13929815859895	0.2540398634539898
-23.13974122787582	0.20983667865417616
-23.140099855535215	0.16563272811768567
-23.140374040268433	0.12142817315371561
-23.140563781074913	0.07722317507366888
-23.14066907726226	0.03301789519055517
-23.14068992844622	-0.011187505181566968
-23.14062633455071	-0.055392864728199244
-23.140478295807792	-0.09959802213501293
-23.140245812757687	-0.14380281608840664
-23.13992888624878	-0.18800708527610535
-23.139527517437593	-0.23221066838774898
-23.139041707788806	-0.2764134041154811
-23.138471459075237	-0.3206151311545478
-23.137816773377843	-0.3648156882038556
-23.137077653085697	-0.4090149139665805
-23.136254100896007	-0.4532126471507771
-23.135346119814077	-0.49740872646993656
-23.134353713153317	-0.5416029906435854
-23.133276884535217	-0.5857952783978737
-23.130869977453333	-0.6741732795896308
-23.12953990777284	-0.7183586705178157
-23.128125433701566	-0.7625414400092392
-23.12504329334147	-0.8508984697643744
-23.123375638300004	-0.8950724075953314
-23.121623601362426	-0.9392430791252047
-23.117866407681	-1.0275739785431957
-23.11586126464791	-1.0717338840939137
-23.113771767140182	-1.1158898786699143
-23.109339739508634	-1.204189490375869
-23.099463786670817	-1.38073469321521
-23.096552777008412	-1.4286025842163372
-23.093542573159475	-1.4764643397100425
-23.087224635040403	-1.572168621983064
-23.073399025936673	-1.7634945179016324
-23.069694848618674	-1.811307570895017
-23.065891592462542	-1.859112844754302
-23.057987909397642	-1.9546992338559002
-23.040992344410746	-2.145769631057843
-23.036496017561923	-2.1935147042174887
-23.031900754456032	-2.24125035675454
-23.0224134988401	-2.336692579949258
-23.00225264934623	-2.527454961103975
-22.95719058867919	-2.9084455985670883
-22.951113887719618	-2.9560153649276493
-22.94493861719886	-3.003572435907125
-22.93229247398228	-3.0986476747930527
-22.90581854810188	-3.2886368249164506
-22.848150647658414	-3.6679241413463037
-22.84050025306165	-3.715266304675256
-22.83275176396289	-3.762592511821369
-22.816960635792167	-3.857196244615421
-22.784202737863772	-4.04620329749823
-22.713992395347145	-4.423370320115275
-22.705395400440953	-4.467289472868247
-22.696713484747946	-4.5111919174454735
-22.679095021204436	-4.598946025335023
-22.64284049468066	-4.774246522459259
-22.566268743683604	-5.123979948498342
-22.55631709031902	-5.167612102871776
-22.54628107373762	-5.211224929782386
-22.525956101383205	-5.298391948820075
-22.4842954707733	-5.472486885112469
-22.39694029728967	-5.819683912757343
-22.38564351311305	-5.862987295618534
-22.374263004058395	-5.906268750233806
-22.351250981885638	-5.992765227298741
-22.304224132798645	-6.165487925431955
-22.20616917008715	-6.509816150571047
-21.994138005076987	-7.1937159339518475
-21.979011458470843	-7.239800469154651
-21.963788350599135	-7.285853197453977
-21.93305271900407	-7.377862424181738
-21.87042569174652	-7.5614903019549216
-21.740564130720973	-7.927138626438506
-21.462541035563394	-8.651646538175376
-21.444359792779792	-8.696613628451821
-21.426084337637057	-8.74154251154958
-21.389251111848875	-8.831284866826365
-21.314457672423615	-9.010302417523333
-21.160381381594114	-9.366424894817115
-20.834424974535402	-10.070669863778681
-20.813657804635287	-10.113520866459382
-20.79280250146379	-10.156329044486782
-20.750827848917922	-10.241816201696704
-20.665824855150305	-10.412268656782562
-20.491624393826182	-10.751045773649759
-20.126612780277434	-11.419768540453772
-20.103070982615623	-11.461160176556398
-20.079444060588507	-11.502503281567089
-20.031935243981323	-11.585043198266618
-19.935900544493933	-11.749532969646545
-19.739785772847767	-12.076113330324514
-19.331562656372782	-12.719368725982354
-19.307114498633442	-12.756448771559544
-19.28259521741651	-12.793481824977535
-19.233343646107713	-12.86740640982062
-19.133991013530046	-13.014685682678474
-18.931908371471444	-13.306934317827455
-18.51440171270647	-13.881951762821263
-18.487723690106236	-13.91746127291358
-18.460977562497273	-13.952919513913097
-18.40728138661282	-14.02368166633933
-18.299076126704342	-14.16458500747
-18.079436379688943	-14.44387883214009
-17.627422535176382	-14.992185640897079
-17.596179427768465	-15.02884310486148
-17.5648600887306	-15.065435459623577
-17.501993258831654	-15.138424207709862
-17.37535081163579	-15.283613437186647
-17.118461601643727	-15.570803701730169
-16.590516938466177	-16.132154327281633
-16.556903331968662	-16.166651093550872
-16.52321799627942	-16.201077821311536
-16.455632721373487	-16.269720565025903
-16.319607863117287	-16.40615904832222
-16.044174016405446	-16.67561500083475
-15.480038709199901	-17.200583044956275
-15.44658927598442	-17.230627825584524
-15.41308152980525	-17.260607558262276
-15.345891604760627	-17.32037142730207
-15.210817579633718	-17.439113626668945
-14.93792145771166	-17.673430851082713
-14.381368839796632	-18.129199811864037
-14.346117206050323	-18.157108157276355
-14.31081141377123	-18.184947957149607
-14.240037886955236	-18.240421500142045
-14.097846809068647	-18.35054143268796
-13.810918684027438	-18.56744949173005
-13.227122248961033	-18.987756384992004
-13.190932177980452	-19.012915710134635
-13.154694251550461	-19.038006058224425
-13.08207535838641	-19.08797945939443
-12.936269102820132	-19.18709454878945
-12.642412394306099	-19.381977824181416
-12.045961884055213	-19.758199761432053
-12.008306488167019	-19.781107926782326
-11.97060752728312	-19.80394432815133
-11.895079457758767	-19.849401507813024
-11.743506567092892	-19.939451071516757
-11.43832462515291	-20.116072809929506
-10.820064913365043	-20.455264622960303
-10.777764928173843	-20.47758380956578
-10.735418904104677	-20.499815523027436
-10.650589463078562	-20.54401615102861
-10.480386086624195	-20.631363575877835
-10.137842135110146	-20.801822332871463
-9.444534193675517	-21.125634413888225
-9.400851628242878	-21.145109226214178
-9.357128905628914	-21.16449371395896
-9.269563736100956	-21.20299138487602
-9.093959740069941	-21.278899214262744
-8.740899182505734	-21.426346795616727
-8.027706487118346	-21.703630665891886
-7.985839278028453	-21.719070572891987
-7.943942373174614	-21.734429716384223
-7.860060099468236	-21.764905484690534
-7.691946065232397	-21.82488536635005
-7.354355093062846	-21.940946121120326
-6.674003277670256	-22.157376554421134
-6.631263602782131	-22.170205198761277
-6.588499269191053	-22.182951402025694
-6.502897262076751	-22.20819629604438
-6.331404346426063	-22.25769472624741
-5.987298650323713	-22.35271595123502
-5.294894867484556	-22.52677837301753
-5.247792292513437	-22.53779784227823
-5.200666784859155	-22.548718822088926
-5.106347795348315	-22.570265122893574
-4.917443691958337	-22.61217378009429
-4.538617247478384	-22.691245206150686
-4.491172515986835	-22.700683358798013
-4.443708158216197	-22.71002231019088
-4.348721393593281	-22.728402446403237
-4.158521481012347	-22.763970537160766
-3.7772626945211476	-22.830329433920646
-3.7295288785590084	-22.83817571236282
-3.6817787646759217	-22.845922188713374
-3.5862304778829643	-22.86111560016851
-3.3949475152292643	-22.890303337736775
-3.347089162433696	-22.897350276035947
-3.299216182966369	-22.904297153652575
-3.2034271808930552	-22.917890605845034
-3.011682865804158	-22.943875475616284
-2.9637133607934296	-22.950121102944514
-2.9157309044508573	-22.956266438983384
-2.819727976552991	-22.968256130211735
-2.627575934453065	-22.99103086495792
-2.242734144945427	-23.03175631774226
-2.1977718177611565	-23.036090262060952
-2.152801116365562	-23.040336431531113
-2.062835276382415	-23.048565381543312
-1.8828106474567892	-23.06396929391357
-1.8377861261622424	-23.067600605161566
-1.792754602316631	-23.071144021496576
-1.702671233336015	-23.07796711575642
-1.5224280161854173	-23.090557993697303
-1.4773522802589638	-23.093485786359285
-1.4322709151493165	-23.096325585477487
-1.342091984498651	-23.101741160135724
-1.2969947625681102	-23.104316915040695
-1.2518925986740217	-23.10680463513183
-1.1616741324277928	-23.11151593329206
-1.1165581738367736	-23.113739493409604
-1.0714379608031384	-23.11587498281029
-0.9811854591130837	-23.11988171724911
-0.9360535143474714	-23.121752947020312
-0.8909180029195464	-23.123536075540834
-0.800636968012368	-23.12683800198844
-0.7554917885326424	-23.128356787334123
-0.7103437303883483	-23.129787446266395
-0.6651929656079613	-23.131129973333994
-0.6200396662302704	-23.132384363421462
-0.574884004303763	-23.13355061174917
-0.5297261518859284	-23.13462871387334
-0.4845662810425619	-23.13561866568606
-0.4394045638471489	-23.136520463415298
-0.3942411723802517	-23.137334103624923
-0.34907627872881175	-23.138059583214694
-0.3039100549854533	-23.138696899420317
-0.2587426732478687	-23.139246049813405
-0.21357430561820367	-23.13970703230152
-0.1684051242023606	-23.14007984512817
-0.12323530110930143	-23.140364486872826
-0.07806500845043318	-23.14056095645091
-0.032894418338993155	-23.140669253113806
0.012276297110647968	-23.14068937644888
0.05744696578368302	-23.14062132637944
0.10261741556548311	-23.140465103164786
0.1477874743422122	-23.140220707400182
0.19295697000152418	-23.13988814001685
0.23812573043325969	-23.139467402281976
0.28329358353006084	-23.13895849579871
0.3284603571879858	-23.138361422506144
0.37362587930720575	-23.137676184679318
0.4187899777927019	-23.13690278492921
0.46395248055487964	-23.136041226202714
0.509113215510184	-23.135091511782647
0.5542720105817951	-23.134053645287725
0.6445830928044389	-23.131713472227588
0.6888499566328304	-23.130437550163453
0.7331142976189585	-23.129076915246557
0.8216347626199425	-23.126101527097454
0.8658905624376632	-23.124486784762293
0.9101431910200984	-23.12278735136844
0.9986382862084853	-23.119134436610796
1.0428804287102365	-23.11718096862543
1.0871187517694882	-23.11514283633817
1.1755832915017899	-23.11081260902581
1.3524594098607006	-23.10113653198569
1.396666461167704	-23.098505975950346
1.4408683973271867	-23.095790824008354
1.5292562766826845	-23.09010677249006
1.7059635320091964	-23.07772397686174
1.750125130478332	-23.074416949349615
1.7942803192938597	-23.071025414154423
1.8825708211327545	-23.063988870708904
2.059067795203705	-23.048902258882517
2.103173589845494	-23.04491953502422
2.14727168182994	-23.040852411514116
2.235444111836645	-23.032465025429204
2.411689435716467	-23.014678133539437
2.4557290886212306	-23.010020646841326
2.499759747670333	-23.005278888305003
2.58779343920401	-22.995542625491083
2.763745802941155	-22.975059622588358
2.807708991702104	-22.96972846471372
2.8516618975171135	-22.96431318256685
2.939536216455645	-22.95323032509608
3.1151543787651965	-22.93005601216937
3.465832796911149	-22.87967785063023
3.513319647949675	-22.872434076330734
3.5607913598330607	-22.86509174301522
3.6556885479640897	-22.850111526315334
3.84529225824216	-22.818969805262192
4.223691285980147	-22.7519688696495
4.27091140206925	-22.743152185227963
4.318113114484115	-22.734237498875675
4.412460514788664	-22.716114274457144
4.600925527318189	-22.678693520942435
4.976890950667763	-22.599163966614473
5.023792246980868	-22.58878409706772
5.070671895400297	-22.578306890773767
5.164365440620821	-22.557060648951715
5.351483874348011	-22.513402138889578
5.724600995178494	-22.42143168869388
6.465996678888646	-22.21896807849918
6.509031285484635	-22.206399240969862
6.552041460612633	-22.193747052338363
6.637987870807078	-22.16819281204002
6.8095804165490135	-22.11608622870052
7.151528373914134	-22.007891708245605
7.8301887929176255	-21.775669886183337
7.8723619990970395	-21.760458912438807
7.914505656584569	-21.74516626141671
7.99870369285522	-21.71433615744835
8.166738228455612	-21.651698368318506
8.501325870659345	-21.522525733882226
9.16429477041786	-21.248702475343205
9.208885771378208	-21.229415403502582
9.253436181267611	-21.210034756312215
9.342414442533387	-21.17099307799963
9.519875244027755	-21.09179060352421
9.872770221050006	-20.928928870993683
10.570106273212417	-20.585541258314297
10.61330188304485	-20.563304176715405
10.656450711399	-20.54097645586228
10.742607263111179	-20.496049490458294
10.914350634263318	-20.40511224563885
11.255516126039845	-20.218927079872998
11.92822643493958	-19.829499984658547
11.969073939964046	-19.804871232715403
12.009870593086191	-19.780158337639467
12.091310650524271	-19.730480538427923
12.253572930662921	-19.630119866106003
12.57558762057542	-19.425402222914073
13.209272283295777	-19.000178453649287
13.24840765778818	-18.97291095372094
13.287486744990856	-18.945562845332862
13.365475393640073	-18.890625268284964
13.520769954175586	-18.779787947978203
13.828591262238135	-18.554291127033547
14.432871019873835	-18.08822516579365
14.467623860174164	-18.06044061935599
14.502323212905067	-18.032589302515586
14.571560942715386	-17.9766867697442
14.709388920255062	-17.864085006443577
14.982426479380035	-17.63571808333124
15.517803002460216	-17.16652106577222
15.550781611063531	-17.13665214707275
15.583702727606013	-17.106719873265288
15.649371997876987	-17.04666570320508
15.780015292696277	-16.925801986524487
16.038493924209654	-16.681078147645454
16.544006477753268	-16.179848738131717
16.577703288678723	-16.145321588537506
16.61132804199642	-16.110724260750914
16.67836079150108	-16.041319672436057
16.811555189446775	-15.901674994696313
17.07442726661276	-15.619077726995128
17.585850335875264	-15.040928278831743
17.617170389510182	-15.004231502870459
17.648413867329264	-14.967469508645232
17.71067055263451	-14.893750504853013
17.834259060420866	-14.745536927849079
18.07770665491305	-14.446043666820238
18.549448963880437	-13.835085784380219
18.57634271558372	-13.798954555977936
18.603166089792417	-13.762771049478454
18.656601299505684	-13.690247750718298
18.76262273554802	-13.544579860898647
18.971247271192453	-13.250789882117875
19.374647415030186	-12.653643470085159
19.399240020472647	-12.615908296783752
19.42375913082888	-12.578125327420869
19.47257649499343	-12.502416573262707
19.569325213738527	-12.350431822559978
19.759258181168978	-12.044225656083977
20.124706577171988	-11.42312744862348
20.146467042816052	-11.38470558325911
20.16815415395143	-11.346242265491084
20.211307997107195	-11.269191833083477
20.296731972824908	-11.114599711553799
20.464027754414243	-10.803482012357323
20.78427565125101	-10.173767305063501
20.803650942720434	-10.134089153851564
20.82295048683474	-10.094374103806219
20.861322052190772	-10.01483388576883
20.937153141235687	-9.855317035245958
21.08515178402068	-9.53457024566782
21.366375724309243	-8.886486591021972
21.384727160186834	-8.842233869850542
21.402986942669532	-8.79794325150385
21.43923123480292	-8.709249082751938
21.51061656124614	-8.531414342288612
21.648957182288555	-8.174001984597353
21.90778762191965	-7.452549700446745
21.923169293856912	-7.4071791957299125
21.938457004675215	-7.361776944378423
21.968750281269788	-7.270877980269874
22.028206445078258	-7.088707663444534
22.142583080955802	-6.722921242118976
22.353085965869123	-5.985917083223705
22.364607877033112	-5.9427241254590495
22.37604632635479	-5.899508990211732
22.39867266903554	-5.813012832444542
22.442921954957043	-5.639761488615611
22.527397786639607	-5.2922589210345325
22.53757936070239	-5.24873052125999
22.547676827415525	-5.205182533897687
22.567619288377045	-5.1180284465443355
22.60649328512349	-4.943492376289377
22.680189559627774	-4.5935451520711
22.689021070301294	-4.549722892241741
22.69776790846416	-4.505883653431256
22.715007437005738	-4.41815489333936
22.748469008895714	-4.24250082805837
22.811315325398525	-3.8904432459557867
22.81878833608777	-3.846368988746314
22.826176189991607	-3.8022803773820883
22.84069631747885	-3.7140607503745375
22.86871349923022	-3.537456489469528
22.92064982169247	-3.1836248642252816
22.92746194060713	-3.1341896060666437
22.934167437681957	-3.0847397726766705
22.947258442075164	-2.9857973001151406
22.972159649959824	-2.7877475749289755
22.97811794880996	-2.7382021575008317
22.983969390249634	-2.688644006340839
22.9953515925485	-2.5894904247441866
23.016832544222734	-2.3910406010718046
23.021935249709863	-2.3413997699946743
23.02693089401861	-2.2917480504750127
23.036600906671975	-2.1924128697589143
23.054655209012495	-1.9936220098899866
23.058900802478323	-1.9439005391812527
23.063039162861212	-1.8941700285599052
23.070994107896816	-1.7946828126872278
23.085616387613708	-1.5956100804100235
23.089003605492135	-1.5458227680868961
23.092283450297582	-1.496028267071515
23.09852096017859	-1.3964186252535633
23.10147859624724	-1.346603947675544
23.104328801229226	-1.2967830078522202
23.109706865414516	-1.1971232682467248
23.112234699607676	-1.1472849319220793
23.114655052694005	-1.0974412602650263
23.119173271023623	-0.9977388381493014
23.121271115255393	-0.9478805513466465
23.1232614363574	-0.8980178565214819
23.12691947264903	-0.7982801703486746
23.128587170827323	-0.7484056428210406
23.13014731185328	-0.6985276349087783
23.131599888471612	-0.6486463785644916
23.132944893927263	-0.5987621057559116
23.134182321965422	-0.5488750484647972
23.135312166831554	-0.49898543868583517
23.136334423271432	-0.4490935084256243
23.137249086531153	-0.39919948970155394
23.13805615235717	-0.3493036145406847
23.138755616996303	-0.29940611497871045
23.139347477195766	-0.24950722305892017
23.13983173020317	-0.19960717083107787
23.140208373766548	-0.14970619035030241
23.140477406134355	-0.09980451367602934
23.140638826055483	-0.04990237287097287
23.140692632779267	-5.6678350325571734e-15