1.6531041517617928	0.
1.6531010823841161	0.0031855913956407448
1.6530918742624845	0.006371170961678247
1.6530765274310915	0.009556726868553194
1.6530550419469277	0.01274224728679413
1.6530274178897784	0.015927720387061386
1.652993655362225	0.019113134340191008
1.6529537544896438	0.022298477317238677
1.652907715420205	0.02548373748952365
1.652855538324874	0.02866890302867267
1.6527972233974086	0.031853962106663906
1.65273277085436	0.03503890289587086
1.6526621809350703	0.0382237135691063
1.6525854539016738	0.041408382299666174
1.6525025900390937	0.044592897261373526
1.6523184530800215	0.05096141857642186
1.6522171806673167	0.05414540128043969
1.6521097727930005	0.057329182917046466
1.6518765522777417	0.06369609569728649
1.6517507405028564	0.0668792031975698
1.6516187949984724	0.07006206234383004
1.6513365047838864	0.07642698829741902
1.6511861611219614	0.07960903146877585
1.651029685827087	0.08279077901425358
1.6506983426855237	0.0891533399673966
1.6499621038992267	0.10187439456759703
1.6497627247183877	0.10505374196970768
1.6495572191904901	0.1082326992577289
1.6491278321688216	0.11458939627312487
1.6481955770627892	0.12729758961871906
1.6479472097470043	0.13047348565566821
1.6476927228260239	0.13364889718303122
1.647165393971318	0.13999821954363914
1.646037344103015	0.1526905314365273
1.6457400476786517	0.1558622213326427
1.6454366398453268	0.15903333243882248
1.6448114944812675	0.16537377118024382
1.6434879179402622	0.1780471851966732
1.6405479044649076	0.20336152469893914
1.6401194762103053	0.20678839505086002
1.6396838897207235	0.2102143628832119
1.6387912496722536	0.21706353118322189
1.6369201564961129	0.23075037991045194
1.6328351856165992	0.25807478215525564
1.632292471209108	0.2614854202553943
1.6317426327272833	0.26489491711301427
1.6306215931707075	0.2717104275833009
1.6282941328363714	0.28532709920848054
1.6232982665577773	0.312499718980021
1.6226418723168499	0.31589031447029897
1.6219783961212368	0.31927953127010256
1.6206302094797103	0.326053769635971
1.6178489822212192	0.339585051640737
1.6119478019153801	0.3665755317424374
1.5987964724058528	0.4202418070524127
1.5979736711810646	0.423359755744671
1.5971447893860953	0.42647609347878085
1.5954687967249024	0.4327038886458831
1.5920439848868726	0.4451396261372424
1.584903792685443	0.46992904198759133
1.5694673435282676	0.5191585443488329
1.5684516427125912	0.5222190929526136
1.567429973663232	0.5252776544211228
1.5653687464366797	0.5313887694064814
1.5611748457548535	0.54358664217803
1.5525021607481926	0.5678823623289152
1.5340247692161821	0.6160530366805405
1.5328438116369856	0.6189856102513808
1.5316572479041057	0.6219159199722236
1.5292673193565232	0.6277697050035076
1.5244203807350705	0.6394496378696445
1.5144591769480051	0.6626965655034341
1.4934757327536776	0.7087196711309363
1.492117631771297	0.7115745284432916
1.4907540735853229	0.7144267832751249
1.4880106055705997	0.7201234437799493
1.4824584038617392	0.7314850766705914
1.4710940815448756	0.7540792662682853
1.4473351772487568	0.7987328848059194
1.4456750819571396	0.8017336802082684
1.4440087650518043	0.8047310252659826
1.4406574951113993	0.8107153127648602
1.433880613187546	0.8226419170556436
1.4200311233300371	0.8463243735980369
1.3911627319009143	0.8929835328504448
1.3893072333858418	0.8958675950350334
1.3874457558419753	0.8987478017598521
1.3837048957378093	0.9044965992657433
1.376151781390475	0.9159473844866302
1.3607618050161714	0.9386589618073266
1.3288618330053479	0.9833003434117897
1.326955604995309	0.9858712689512815
1.3250444030682182	0.9884384990831072
1.3212071061370463	0.993561834645961
1.3134731417269478	1.0037637384036233
1.2977693603403442	1.023986339720355
1.2654316706960504	1.063689815393322
1.2633699219875583	1.0661377850865372
1.261303437704512	1.0685817585036985
1.257156293416247	1.0734576798812328
1.2488055199522405	1.0831611652514552
1.2318797922670333	1.102372674723121
1.197145918268808	1.139997801289287
1.1947513844893543	1.142507096622532
1.192351591075521	1.1450113623155669
1.1875362676261074	1.1500047607052462
1.1778429715014689	1.1599307182140954
1.158208179683767	1.179536836680267
1.1179652804290452	1.217746676582319
1.1154077912955083	1.2200896670693315
1.112845391820588	1.2224272863756593
1.1077059069897996	1.2270863703065003
1.0973685110118225	1.2363396327918037
1.0764625693894647	1.2545842631228517
1.0337468151055043	1.2900080847929996
1.0310873392245643	1.292134759018147
1.028423488257875	1.2942559504872215
1.0230827062985253	1.2984818491780938
1.012349139929104	1.3068674590243956
0.9906765539962893	1.32337194391226
0.9465302643092438	1.3552984155966352
0.9437364821644405	1.3572452942648072
0.9409386955790069	1.359186413901402
0.9353311565892019	1.363051343158277
0.9240685488003839	1.3707117325280431
0.9013558957703567	1.3857528227400782
0.8552025147588993	1.4147020871272267
0.8524826519624423	1.4163427073541057
0.8497596418115637	1.4179780984628638
0.84430421967139	1.4212331691939792
0.8333560502578822	1.4276802968699465
0.8113126782604604	1.4403211706650414
0.7666560909285258	1.46457904355288
0.7638405553419637	1.4660494338824175
0.7610221996664019	1.4675144115772722
0.7553770696799755	1.4704281074482255
0.7440534271665454	1.4761903109334498
0.7212749565600723	1.4874527802963502
0.675212163702924	1.5089207635126811
0.6720667937823196	1.510324323205857
0.6689185063092139	1.5117213263327096
0.6626132333870397	1.5144956386574537
0.6499682791122535	1.5199653195780265
0.6245438150075455	1.5305875864215996
0.5731814509955439	1.5505535659262852
0.5699495587235541	1.5517444496704031
0.5667151922067779	1.5529285970366156
0.5602390926132145	1.5552766621022764
0.5472578210011539	1.5598917314753435
0.5211821473539499	1.5687965151196641
0.4686036875597805	1.5852961617872707
0.46551923800102335	1.586204644938043
0.4624330271845605	1.5871071268005195
0.45625536849093895	1.588894073025409
0.4438794302160918	1.592395801301647
0.4190476943615572	1.5991098669016897
0.4159364694799398	1.5999219324481553
0.41282367093336403	1.6007279448079796
0.40659339995942273	1.6023217977926636
0.39411449261539255	1.6054367328806787
0.3690858621652028	1.6113748672862704
0.365950875117475	1.6120897287597953
0.36281450352159866	1.6127984910107191
0.3565376541555181	1.614197707141649
0.3439678633051717	1.6169228322914335
0.3187665779686559	1.6220792845425989
0.31561086492473267	1.6226962496146773
0.3124539577903771	1.6233070753351646
0.3061366090305443	1.6245102995005467
0.2934881082555386	1.6268429754849303
0.26813857495470156	1.6312127516646435
0.2650276297013311	1.6317210828039732
0.26191572079879155	1.6322234809518352
0.2556890573096799	1.6332104709877915
0.2432246646312573	1.6351131762318745
0.24010632719564948	1.6355739934997413
0.23698711672554681	1.6360288637668312
0.2307461220511985	1.6369207567046151
0.21825415552445646	1.6386331072477398
0.21512915154890996	1.6390463034112008
0.2120033653567004	1.6394535399484518
0.20574949178694024	1.640250128243096
0.1932328583132342	1.6417717256184472
0.16816659549500113	1.64452830098229
0.16503044140251774	1.6448459775865236
0.16189368725392694	1.6451576734767412
0.1556184244119292	1.6457631186035326
0.14306120003074024	1.6469021918796032
0.13992056495590813	1.6471719922565755
0.13677942112530472	1.6474358034620662
0.13049565288380147	1.6479454545434769
0.11792251398766626	1.6488928459020329
0.11477812876148301	1.6491147072687482
0.11163332619825254	1.649330572400206
0.10534251480054761	1.6497443108395837
0.10219652883967006	1.649942182643137
0.09905017128885597	1.6501340552027053
0.09275638717976575	1.6504997998210826
0.08960898350589544	1.6506736705500324
0.08646125401081661	1.6508415393752829
0.08016486333916908	1.6511592688950054
0.07701622505648374	1.6513091284342025
0.0738673067402737	1.6514529837591547
0.06756867580653798	1.6517226796959068
0.06415123389095484	1.6518589394262286
0.06073351737776852	1.6519881284195115
0.05731554089642116	1.6521102461227664
0.05389731907746726	1.652225292013271
0.05047886655251228	1.6523332655985747
0.047060197954149174	1.6524341664164999
0.040222271072129695	1.652614748052878
0.03680304205803243	1.6526944280983558
0.033383655509519605	1.652767033830509
0.029964126063181874	1.65283256493855
0.0265444683562212	1.6528910211419754
0.023124697026389286	1.6529424021905645
0.01970482671192421	1.6529867078643825
0.016284872051487	1.6530239379737799
0.012864847684100105	1.6530540923593944
0.009444768249084343	1.653077170892151
0.006024648385996252	1.6530931734732623
0.0026045027345654214	1.65310210003423
-0.0008156540653685394	1.6531039505368446
-0.004235807373917569	1.6530987249731843
-0.007655942551208548	1.6530864233656175
-0.011076044957446704	1.6530670457668004
-0.014496099952977171	1.653040592259679
-0.017916092898348022	1.653007062957486
-0.021336009154372938	1.6529664580037433
-0.024755834082193864	1.6529187775722591
-0.02817555304334404	1.652864021867128
-0.03159515139980956	1.6528021911227306
-0.03501461451409277	1.6527332856037316
-0.03843392774927563	1.652657305605079
-0.04185307646908131	1.6525742514520034
-0.04527204603793717	1.6524841235000158
-0.04869082182103743	1.6523869221349061
-0.05210938918440579	1.6522826477727426
-0.05552773349495845	1.6521713008598684
-0.05894584012056569	1.652052881872901
-0.06236369443011514	1.6519273913187298
-0.06919858758205663	1.6516551976876785
-0.07261559716787538	1.6515084957759163
-0.0760322959246153	1.6513547246271796
-0.08286470245190963	1.6510259772818938
-0.09652514215062694	1.6502836827360556
-0.09993925568381222	1.6500804470526405
-0.10335294142974527	1.6498701482449751
-0.11017897111299461	1.6494283648878354
-0.12382525422654943	1.648460082315555
-0.12723553643086138	1.648200368535703
-0.1306452740069375	1.6479335996792253
-0.13746305689562194	1.6473789013341733
-0.15109144510534558	1.6461848959907435
-0.15426910116954382	1.6458901485203736
-0.15744618230653454	1.6455892671773154
-0.16379857243993534	1.644969107381265
-0.17649593275662	1.6436552321860103
-0.17966865800067994	1.6433114464106646
-0.1828407136589384	1.6429615363728898
-0.1891827689343586	1.6422433487490231
-0.20185832447964688	1.640733541258405
-0.20502536217896797	1.640340799174202
-0.20819163579359565	1.639941943898522
-0.21452184357162474	1.6391258997412943
-0.22717257110714315	1.6374205200584995
-0.25243263495487966	1.6337169587727898
-0.2555860329972137	1.633226596743031
-0.25873847852629	1.6327301480348726
-0.265040465054362	1.6317189980066555
-0.2776324912617265	1.62962374073523
-0.30276612962661453	1.6251418422165482
-0.35281079132399557	1.6150163720833957
-0.3561895666890007	1.6142745519749664
-0.35956678233988454	1.6135256631395172
-0.36631647535239076	1.6120066924356975
-0.3797964945817886	1.6088840726651072
-0.40667576276915424	1.6023008957584102
-0.41002781207306654	1.6014463868324316
-0.4133780659112257	1.6005848653525283
-0.42007312851666984	1.5988407998516594
-0.4334410631762246	1.595268686248414
-0.4600848950317327	1.5877894148581908
-0.4634064609928192	1.5868231749259862
-0.4667259977490421	1.5858499864732596
-0.4733589255123317	1.5838827810825797
-0.4865997916050466	1.579865177596494
-0.5129783222986638	1.5714981951703684
-0.5652967568059432	1.5534454973756753
-0.5684868279049418	1.5522809227297274
-0.5716744998712332	1.5511097971352807
-0.5780425926053214	1.5487479128980917
-0.5907493972502449	1.5439457523567817
-0.6160424837652451	1.5340290071470046
-0.6661227145767508	1.5129553416069415
-0.669229393452076	1.5115837242812067
-0.6723332480401051	1.5102057277576189
-0.6785324319705998	1.5074306204055097
-0.690896332837269	1.501804113006783
-0.7154833487497235	1.4902472661387298
-0.7640710631566846	1.4659293117400616
-0.7668781917949342	1.4644627600322955
-0.7696825055579581	1.462990832920733
-0.775282647295047	1.4600308741171402
-0.7864487000532704	1.454046690707213
-0.8086415910685661	1.4418224973158709
-0.8524523266134065	1.4163609594391773
-0.8551643264964418	1.4147251716358071
-0.8578731874443717	1.413084190993626
-0.8632814527742909	1.4097866753051636
-0.8740598794952601	1.4031295961630943
-0.8954621056180672	1.389568621542
-0.9376305164809714	1.3614706574640907
-0.9404575768237199	1.3595193572608422
-0.9432805763347456	1.357562186745663
-0.9489143441211375	1.35363026860854
-0.9601326145556642	1.3456963621257882
-0.9823693882646563	1.3295501952061086
-1.02602245784136	1.2961601955689164
-1.0287136146734006	1.294025361249795
-1.0314003295901624	1.2918849394173542
-1.0367603872928695	1.2875873702053837
-1.0474266905598557	1.2789255898897733
-1.0685414759477665	1.2613375641561797
-1.1098794467753235	1.2251207900438954
-1.112253504886977	1.2229658529324159
-1.1146233789908082	1.2208063153421145
-1.1193505395313819	1.2164734712367882
-1.1287542613239612	1.2077529358751626
-1.147357332159845	1.1900943193340263
-1.183730394691216	1.1539218731163103
-1.1859662222117895	1.151623834567856
-1.1881975884365086	1.1493214639106597
-1.1926469034399243	1.144703760929978
-1.2014916296967886	1.135416751831957
-1.2189636097179208	1.1166382828631363
-1.2530230501798705	1.078279449998937
-1.2552864070957734	1.0756437015725333
-1.2575442196951225	1.073003202270833
-1.2620431720796967	1.0677079977124335
-1.2709741079173738	1.0570610926411548
-1.288565903228124	1.0355439390049876
-1.3226519190471997	0.9916376543944043
-1.3247330348350534	0.988855764501975
-1.3268082995762829	0.9860695070569665
-1.33094123928085	0.9804839387535276
-1.3391365045639978	0.9692609342773465
-1.355242560394481	0.94661023608848
-1.3863009806798798	0.90051259154888
-1.388156099141868	0.8976502553819661
-1.390005307663617	0.8947840975559691
-1.3936859634202863	0.8890403657525034
-1.4009760109362985	0.877507580225432
-1.4152693204593536	0.8542634764161442
-1.4426953045114854	0.8070833878308913
-1.4443575261084611	0.8041048895174824
-1.4460135984930618	0.8011229678053318
-1.4493072674490763	0.7951489049802987
-1.4558205063453387	0.7831602581058862
-1.4685490440914486	0.7590237424943761
-1.4928023638811332	0.7101369156458335
-1.4941665434454365	0.7072620992393084
-1.495525186737697	0.7043846622444676
-1.4982258443901297	0.6986219691460892
-1.503560504305735	0.6870656056476414
-1.5139621026044758	0.6638313704921687
-1.5336858917546252	0.6168962003488891
-1.53487051617951	0.6139428598289269
-1.536049453513645	0.6109872444924758
-1.5383902494576898	0.60506923318376
-1.5430034054668742	0.5932063951861153
-1.5519550238840414	0.5693759218768927
-1.5687521712455905	0.5213156066955235
-1.5698367380861844	0.5180404929414353
-1.5709144674177447	0.5147631228338914
-1.573049394807134	0.5082016706672519
-1.57723699493458	0.4950523188328808
-1.5852821652369216	0.4686510355838493
-1.5862567853652558	0.4653415385013044
-1.587224496466151	0.4620300145984565
-1.5891391747560617	0.4554009440347042
-1.5928854395686654	0.4421191162822708
-1.6000446985239647	0.4154639566766666
-1.60090828531785	0.41212376608579376
-1.6017648992688935	0.40878178046751074
-1.6034571937487274	0.4020924823812706
-1.606757946465857	0.38869298686868337
-1.6130233120825466	0.3618136692419572
-1.6242035358139273	0.30775998898754436
-1.6248001388874869	0.30459455878803904
-1.6253905728213551	0.3014279720854438
-1.62655292432627	0.2950913772676798
-1.6288035005912167	0.28240483889953955
-1.6330076755046523	0.25698106606318044
-1.6335053164645037	0.25379857693509233
-1.633996755232318	0.2506151241691783
-1.6349610187516934	0.2442453760759887
-1.6368150389639589	0.23149484830874906
-1.6402246658017572	0.20595237864028287
-1.640622860981743	0.20275592370176782
-1.641014826945367	0.1995586989272678
-1.6417800652942267	0.1931619884308544
-1.6432357274983758	0.18035986373070997
-1.643584048601927	0.17715759016585997
-1.6439261292459	0.17395464395832852
-1.6445915639834798	0.16754678226229275
-1.645847492383175	0.1547235224136639
-1.646145854770271	0.15151620835649904
-1.646437966970968	0.14830831901340674
-1.6470034364004615	0.14189086319121372
-1.6480593258123393	0.12904958417234177
-1.6483076569826398	0.12583800898169495
-1.648549729758479	0.12262595600166583
-1.6490150964740737	0.11620046545809584
-1.6498706903230922	0.10334428762577887
-1.6500650973085476	0.10019237104794981
-1.6502534828711883	0.09704008884780158
-1.650612187000173	0.09073447359511068
-1.650782504257533	0.0875811635530393
-1.6509467974741148	0.08442753390950661
-1.651257309408771	0.07811936185212229
-1.6514035269937244	0.07496484245807225
-1.6515437182716615	0.0718100495020808
-1.6518060198821334	0.06549968895514983
-1.6519281292574766	0.06234414439199815
-1.652044210411423	0.05918837232239595
-1.6522582863827107	0.052876191728841504
-1.6523562804188452	0.04971980623931878
-1.6524482446711724	0.04656323931212133
-1.6525341788040961	0.043406502466202514
-1.6526140825040252	0.040249607221136484
-1.6526879554793747	0.037092565097075446
-1.6527557974605673	0.033935387614707574
-1.6528176082000339	0.03077808629521502
-1.6528733874722144	0.027620672660231074
-1.652923135073559	0.024463158231800394
-1.6529668508225281	0.02130555453233542
-1.6530045345595947	0.01814787308457291
-1.6530361861472431	0.014990125411534072
-1.65306180546997	0.011832323036481785
-1.6530813924342853	0.008674477482878543
-1.6530949469687122	0.005516600274344412
-1.6531024690237877	0.0023587029346142352
-1.653103958572062	-0.0007992030125022117
-1.6530994156080994	-0.003957106043163743
-1.6530888401484785	-0.007114994633541284
-1.6530722322317908	-0.01027285725985772
-1.653049591918642	-0.013430682398430687
-1.6530209192916518	-0.01658845852571462
-1.6529862144554517	-0.019746174118342806
-1.6529454775366872	-0.022903817653170174
-1.6528987086840154	-0.026061377607313127
-1.6528459080681053	-0.029218842458193086
-1.6527870758816374	-0.03237620068357997
-1.6527222123393017	-0.03553344076163208
-1.652651317677799	-0.03869055117093887
-1.6525743921558382	-0.041847520390562956
-1.6524024496754162	-0.04816098917963245
-1.6523074333444079	-0.05131746570994742
-1.6522063874078454	-0.05447375497240215
-1.6519862082150076	-0.06078572562269516
-1.6518670757622111	-0.06394138397687
-1.6517419153108146	-0.06709680899594257
-1.6514735122611606	-0.07340691297052689
-1.6513302706423605	-0.07656156889918708
-1.6511810029838712	-0.07971594543912519
-1.6508643917486456	-0.08602381431005522
-1.6501588822421727	-0.0986356929784549
-1.649950928131416	-0.1020552366630702
-1.6497358878748734	-0.10547434204478105
-1.6492845526490463	-0.11231117916446207
-1.648296891122544	-0.12597894779618016
-1.648032275408554	-0.12939457401213053
-1.6477605817889338	-0.13280964450924046
-1.6471959655306334	-0.13963805968173792
-1.6459818515243148	-0.1532875762241203
-1.64566064693898	-0.15669834615736675
-1.6453323746335944	-0.16010844310858233
-1.6446546325324218	-0.16692655948566396
-1.6432143997558908	-0.18055407225250864
-1.6399952964750277	-0.20777094145202843
-1.6395611945341442	-0.21116918797458883
-1.6391200510689026	-0.21456652757584344
-1.6382166471740038	-0.22135842765533537
-1.6363254264797567	-0.23493070303372202
-1.6322057984651899	-0.26202589190514836
-1.631659276402466	-0.2654078791254279
-1.6311057467522385	-0.2687887264821555
-1.6299776742284695	-0.2755469435301829
-1.6276375447462728	-0.2890490607222259
-1.622621920946558	-0.3159927819362001
-1.6220077764955847	-0.3191302391813197
-1.621387565549218	-0.32226650284268915
-1.6201289534716268	-0.32853540249873814
-1.6175390349558898	-0.3410583629909184
-1.612068970533462	-0.3660423074116714
-1.6113580532003056	-0.36915926232264334
-1.610641109202944	-0.3722748365355721
-1.6091891519639487	-0.37850179626208386
-1.6062130370083967	-0.39093863497528597
-1.5999726360724669	-0.41574138643079256
-1.5991656264846261	-0.4188348548558371
-1.5983526358336564	-0.42192675679041647
-1.5967087235274044	-0.4281058149378061
-1.5933492614445857	-0.4404446249258467
-1.5863444985132633	-0.4650424374277899
-1.5711976053435799	-0.513898259906255
-1.5701170086046123	-0.5171904058106457
-1.5690295138081172	-0.5204802795218472
-1.566833849183764	-0.5270531525605997
-1.5623599554929024	-0.5401709970410222
-1.5530830211723838	-0.5662918557759217
-1.53322185538171	-0.6180486054930817
-1.5319230399829356	-0.6212609243639241
-1.5306174943257154	-0.6244705138244279
-1.5279862352083036	-0.6308814481232046
-1.5226432082211467	-0.6436699441717708
-1.5116364436398	-0.6691103039350793
-1.4883510606846315	-0.7194195276269675
-1.4868675141319412	-0.7224806793203389
-1.4853776715932518	-0.7255387717443407
-1.4823791238188415	-0.7316457270005482
-1.476306755798604	-0.7438223573915194
-1.4638623786823457	-0.7680236147740125
-1.4377870047350694	-0.8157952350847818
-1.4361052468001514	-0.8187521338507477
-1.4344174078267813	-0.8217055656958726
-1.4310235153783168	-0.827601978614334
-1.4241630742085085	-0.839352652127249
-1.4101532021456966	-0.8626826085243137
-1.3809909234101838	-0.9086349134997864
-1.3792444177327963	-0.9112838047090469
-1.3774928311998802	-0.91392933893437
-1.3739744413961092	-0.9192102974631681
-1.3668769766828037	-0.9297315027396644
-1.3524407772186242	-0.9506088999627342
-1.3226153090727437	-0.9916864831076841
-1.3207095082991416	-0.9942231798043718
-1.318798842300696	-0.9967562139853557
-1.314962942801189	-1.0018112574890108
-1.307233071995862	-1.0118769846440516
-1.2915426437340587	-1.0318289276757628
-1.2592520820436508	-1.0709983802232417
-1.2570201648150021	-1.073617083424319
-1.2547828018191947	-1.0762311354122998
-1.2502917773212143	-1.0814452404699166
-1.2412448071820315	-1.0918171390923106
-1.2228933850219559	-1.1123331809496735
-1.1851785452611519	-1.1524344460422626
-1.182777286433747	-1.1548987952493928
-1.1803709034803473	-1.1573581411080431
-1.1755428069182463	-1.162261780183297
-1.1658255844697007	-1.172008550808379
-1.146149387099096	-1.191257704707274
-1.1058491924032858	-1.2287599034120038
-1.1034596616403103	-1.2309062156414388
-1.1010659651678676	-1.2330478810334289
-1.0962661112563863	-1.2373172389823384
-1.0866168135764986	-1.2457998382665385
-1.0671219039250037	-1.2625387830619508
-1.0273633946206637	-1.2950975993976606
-1.0248451198642778	-1.29709129087449
-1.022322976178953	-1.2990800856562632
-1.0172671201217918	-1.3030429551212779
-1.0071094007774346	-1.3109096046020081
-0.98661208540793	-1.3264048889758708
-0.9449073566037041	-1.3564303977750856
-0.942322042605548	-1.3582277071948519
-0.9397333099524985	-1.3600200890934655
-0.934545626260793	-1.3635900443347695
-0.9241296490791926	-1.3706705396501542
-0.903137375745961	-1.3845924371824279
-0.8605286764099913	-1.4114686442313003
-0.8578386838386008	-1.4131051373065393
-0.8551455791099204	-1.4147365037705204
-0.8497500722732582	-1.4179838332095571
-0.8389221433590058	-1.4244167135898147
-0.8171208281058454	-1.4370340597382145
-0.7729541424909203	-1.4612649418152077
-0.7699323538932885	-1.4628593599524242
-0.7669072764113732	-1.4644475292612456
-0.7608473064970216	-1.4676050942839847
-0.7486884695630729	-1.4738449416798838
-0.7242181204082406	-1.486022022260919
-0.6746902063296655	-1.5091542207656943
-0.671569650198428	-1.5105454450311775
-0.6684462253543033	-1.5119302167698283
-0.6621908229083393	-1.5146803790331653
-0.64964618133207	-1.5201030148160142
-0.6244245562582388	-1.5306362435646748
-0.5734761328700372	-1.550444601267812
-0.5704852605453626	-1.5515475835669903
-0.5674922668412009	-1.5526447963547594
-0.5614999598206751	-1.5548218970973675
-0.5494903794518048	-1.5591066863630558
-0.5253738568158202	-1.5673977310008287
-0.47677149090862964	-1.5828588951731735
-0.4737182921507659	-1.5837753364204905
-0.4706633318464837	-1.5846858883158024
-0.4645481720452881	-1.5864893105285829
-0.45229721416089397	-1.5900253352177665
-0.4277152984897139	-1.5968133767005872
-0.3782519748860977	-1.6092478926712452
-0.37488710316513923	-1.6100350916835717
-0.371520593199624	-1.6108152548944512
-0.36478271738818513	-1.6123544603054776
-0.3512879546101487	-1.615348293563309
-0.3242256890978413	-1.6209969275421552
-0.32083637470468424	-1.6216711618692712
-0.3174456582669141	-1.6223383095456885
-0.3106600785328773	-1.6236513333157532
-0.2970727468941134	-1.6261922148457304
-0.26983672190359576	-1.6309327025001363
-0.2664267561519799	-1.6314932179382204
-0.2630156261240302	-1.6320466038035375
-0.25618993287025854	-1.6331319771739237
-0.24252523126680658	-1.6352170647259827
-0.239106368964009	-1.635720477616186
-0.2356864617740858	-1.636216742460634
-0.22884357251690732	-1.6371878193688638
-0.21514591322985652	-1.639044103309172
-0.21171911053429393	-1.6394902728612464
-0.2082913826330436	-1.6399292778936814
-0.20143321113369766	-1.6407857867572
-0.18770642500824952	-1.642412747936005
-0.1602144406453724	-1.6453220564925175
-0.15700246203605872	-1.6456316609395591
-0.1537898851973088	-1.6459349950052933
-0.14736298579749532	-1.6465228473935378
-0.13450254699305034	-1.6476232583404675
-0.13128612541638282	-1.6478826687131674
-0.12806920359772075	-1.6481358001275022
-0.12163390826625771	-1.648623222246961
-0.1087578541512444	-1.6495226781504075
-0.10553777394940177	-1.6497318311901124
-0.10231729161499306	-1.6499346982255536
-0.0958751696342151	-1.6503215712156485
-0.09265355453438451	-1.6505055756961926
-0.08943158639497174	-1.6506832912242602
-0.08298664010559571	-1.651019852738319
-0.07976368651293267	-1.651178697441904
-0.07654042899519428	-1.651331250628204
-0.07009305131215221	-1.6516174801478183
-0.06686895571341311	-1.6517511553905069
-0.06364460532263427	-1.651878536934663
-0.057195189309087624	-1.6521144170099038
-0.053970148260651093	-1.65222291464221
-0.050744901568743776	-1.6523251167784307
-0.0475194615225824	-1.6524210230291432
-0.04429384041212045	-1.652510633028914
-0.04106805052800426	-1.6525939464363004
-0.037842104161523234	-1.6526709629338519
-0.0346160136045601	-1.6527416822281107
-0.03138979114954698	-1.6528061040496143
-0.028163449089421526	-1.6528642281528947
-0.02493699971757712	-1.6529160543164803
-0.021710455327813082	-1.6529615823428976
-0.0184838282142908	-1.6530008120586697
-0.015257130671489795	-1.653033743314319
-0.012030374994157945	-1.6530603759843667
-0.008803573477261704	-1.6530807099673346
-0.005576738415942189	-1.653094745185743
-0.0023498821054712695	-1.6531024815861135
0.0008769831587982199	-1.653103919138968
0.004103845081482264	-1.6530990578388287
0.007330691367209582	-1.6530878977042194
0.010557509720665534	-1.6530704387776627
0.013784287846641914	-1.6530466811256836
0.017011013450086734	-1.6530166248388058
0.02023767423614813	-1.6529802700315537
0.023464257910218278	-1.6529376168424503
0.02669075217798317	-1.6528886654340182
0.029917144745472416	-1.6528334159927778
0.03314342331910312	-1.652771868729247
0.036369575605723806	-1.6527040238779405
0.039595589312664194	-1.652629881697369
0.04604715181952173	-1.6524627065024453
0.04920944853818305	-1.6523715583205383
0.052371565032289895	-1.6522743584974455
0.05869521102384188	-1.6520618053738012
0.06185671736158135	-1.6519464528517036
0.06501799715544421	-1.651825050245325
0.07133983080096147	-1.65156409658038
0.07450036149954921	-1.6514245464775292
0.07766061934821177	-1.651278948201826
0.08398027020032196	-1.6509696092869661
0.09661578851633135	-1.6502783783293786
0.0997738124014607	-1.6500904590145822
0.10293147087524575	-1.6498964964128917
0.10924564533176222	-1.6494904442124312
0.1218691005611403	-1.6486058531075567
0.1250238774269958	-1.6483696086270203
0.12817819640573624	-1.6481273271620276
0.13448541449411203	-1.647624656850104
0.14709384783879015	-1.6465469129362988
0.1502446382406217	-1.6462623986631113
0.15339487838689103	-1.645971855122908
0.15969366176507482	-1.6453726845198746
0.17228411794794768	-1.6441020404083726
0.17543018337538815	-1.6437693230295285
0.17857560630779312	-1.6434305855143019
0.18486447861073765	-1.6427350550591098
0.19743400656834753	-1.6412718085748157
0.20057460961851145	-1.6408909660755824
0.20371447808475884	-1.6405041139816539
0.20999196527046024	-1.6397123866989376
0.22253761884469506	-1.6380568808106175
0.247589070768358	-1.634458010659233
0.2509813940601286	-1.6339405363744761
0.25437263585444303	-1.633416021318678
0.2611518165029819	-1.6323458779649826
0.2746965571736277	-1.6301212034842785
0.3017282892701083	-1.6253348504311997
0.30510155778857073	-1.624705011996659
0.3084735116017746	-1.624068172587637
0.31521341699814354	-1.6227735018530562
0.32867681239509355	-1.6201002714541703
0.3555346948327903	-1.6144189101166497
0.35888518778857925	-1.6136774022579707
0.3622341342814563	-1.6129289409435992
0.36892733016177015	-1.6114111708784276
0.382294529863797	-1.6082923331932835
0.40894893780768743	-1.6017222302378276
0.4619121011100439	-1.5872588155118814
0.46498636893608525	-1.586360934111689
0.46805889144871654	-1.585457098349834
0.47419865440983905	-1.5836315773335585
0.48645672957979136	-1.5799092337278777
0.5108845026364206	-1.5721801301180516
0.5593660400776068	-1.5555908748060892
0.5623787719493201	-1.554504246836544
0.565389392947949	-1.553411784078525
0.5714042571327851	-1.5512093706210668
0.5834081583490733	-1.5467347081331753
0.6073101317788441	-1.5375069887356088
0.6546707124698171	-1.5179458471257592
0.6578561646076821	-1.516568034497545
0.6610387170368407	-1.5151835371169937
0.6673950666694634	-1.5123945125387552
0.6800723530575883	-1.5067365168398859
0.7052821495364112	-1.4951021457135882
0.7550978201948574	-1.4705715278452292
0.7581835896264397	-1.4689829750522103
0.76126601712452	-1.4673879472530251
0.7674207919878763	-1.4641784947870178
0.7796896416889005	-1.4576822010352979
0.8040615176670093	-1.444381671297134
0.8521179964519119	-1.4165621259566614
0.8550360240674469	-1.4148027191516874
0.8579504189701591	-1.4130373014046744
0.8637682611241103	-1.4094884631123121
0.8753598091053307	-1.4023189869552346
0.8983636071882191	-1.3876945506313152
0.94363220668411	-1.3573177944315595
0.9464279246464367	-1.355369883102585
0.9492196216075853	-1.353416213338391
0.9547909051001845	-1.3494916317302776
0.965884699345722	-1.3415737341428167
0.9878745632808288	-1.325464893459947
1.031042561405404	-1.2921704891935353
1.0335252038006715	-1.2901856415573911
1.036004025198681	-1.2881960240367951
1.0409501683597493	-1.2842025087827411
1.0507962004347366	-1.2761585644911047
1.0703012139509285	-1.2598446920105848
1.1085469642879764	-1.2263266141367024
1.110902860702427	-1.224192864974813
1.1132546500503362	-1.2220545899072512
1.117945872782984	-1.217764493693082
1.1272786519047158	-1.2091303393480635
1.1457436177411833	-1.1916479761143481
1.1818559724702256	-1.1558415968066447
1.1842631751813102	-1.1533750771026563
1.186665230305309	-1.1509035440715807
1.1914538560508148	-1.145945481021554
1.20096887860133	-1.1359696691387235
1.2197476994880385	-1.115781737691433
1.2562822843650283	-1.0744804132987544
1.2585196984095823	-1.071858901762322
1.2607516420993334	-1.0692327312217444
1.2651990796322639	-1.0639664588086173
1.274027885172953	-1.053378509546217
1.2914190771989593	-1.031983577203952
1.325118983329298	-0.9883385131585253
1.327040195166068	-0.985757402703972
1.3289563794381773	-0.9831725576533593
1.3327736362692084	-0.9779917029493799
1.3403475010138213	-0.9675856102165228
1.3552510344346258	-0.9465981038624326
1.3840687739544377	-0.9039396913159287
1.3858255985579495	-0.9012439996768788
1.3875771728850714	-0.8985448936254378
1.3910645441863163	-0.893136479201131
1.3979759928267343	-0.8822791281970706
1.4115442546760342	-0.8604046453054258
1.4376508310985356	-0.8160351857694412
1.43920533582626	-0.8132904388355358
1.4407546003200475	-0.8105427306618058
1.4438373860610507	-0.8050384706239005
1.4499398278141948	-0.7939948565892726
1.4618909545806347	-0.7717695080057241
1.484768538076296	-0.726784510643186
1.4861526528596334	-0.7239500182818911
1.4875313564710058	-0.7211128899746603
1.4902725101177987	-0.715430766852581
1.4956896637925852	-0.7040353444224938
1.5062622587760397	-0.6811221214723386
1.5263520836850533	-0.6348248996395566
1.5276630571862122	-0.6316636132314036
1.5289674832339293	-0.6284996195586603
1.531556670634418	-0.6221635646735462
1.5366562318874375	-0.609459565167024
1.5465388857315396	-0.5839270600788465
1.5650289837224007	-0.5323885955586443
1.5661278058771235	-0.5291474579269779
1.567219915721272	-0.5259040524075527
1.5693839797838152	-0.5194104933190994
1.5736313561609765	-0.5063967727770811
1.5818020922160365	-0.48026604880320906
1.596839809475853	-0.42761660333200174
1.5976629014845354	-0.4245310233564707
1.5984800312206	-0.4214438590857223
1.6000963916994455	-0.4152648237480401
1.6032574327032794	-0.40288824884050156
1.6092921417888737	-0.3780636704956671
1.610019483991709	-0.37495412751315005
1.6107408178087492	-0.3718431852500166
1.6121654495401752	-0.3656171493256316
1.6149424954323148	-0.3531487972780375
1.6202071441308519	-0.3281495797337323
1.6208380417099522	-0.3250190442388318
1.6214628905297903	-0.32188729581462805
1.6226944325868387	-0.3156202069319299
1.6250848305016112	-0.3030719885532578
1.629574389581903	-0.2779220131454949
1.630108239851322	-0.2747734756866122
1.6306360067662908	-0.2716239128084305
1.6316732826773528	-0.2653217578130144
1.6336747491074566	-0.2527056602072173
1.6373849297685128	-0.2274289522884865
1.6378715678410554	-0.22389744042744134
1.6383505891577432	-0.22036488735402557
1.639285772648426	-0.21329672328596508
1.6410646429178366	-0.19914862373873
1.641490286554477	-0.19560924241808544
1.6419082966067784	-0.19206895143646743
1.642721408218217	-0.18498570634952938
1.6442559452763763	-0.17080902492364547
1.6446204677977998	-0.16726282752788263
1.6449773421782934	-0.16371585229327806
1.645668139913631	-0.15661963429048667
1.646957887054302	-0.14241859022510198
1.6472611799719528	-0.13886663216729175
1.647556812468309	-0.13531402832427059
1.6481250907335312	-0.12820694936962512
1.6491696641044238	-0.1139857691546539
1.649411637152794	-0.11042910756234539
1.6496459397793861	-0.10687193243065413
1.6500915294445089	-0.09975610772057135
1.6503028144108698	-0.09619749123360201
1.650506424811123	-0.09263842738994041
1.6508906181615222	-0.08551902383881355
1.6510711993250158	-0.0819587172394135
1.6512441023491056	-0.07839802949929767
1.6515668707985114	-0.07127557683309083
1.6517167347228252	-0.06771384502924464
1.6518589175057383	-0.06415179832901971
1.6521202370382582	-0.05702682650056929
1.6522393725726252	-0.05346393450630371
1.6523508245351168	-0.04990079388342663
1.652454592407437	-0.046337421201961174
1.6525506757070236	-0.04277383303301113
1.6526390739870513	-0.0392100459486824
1.652719786836433	-0.03564607652200442
1.6527928138798211	-0.03208194132685755
1.652858154777611	-0.028517656937893036
1.6529158092259417	-0.024953239930452988
1.652965776956697	-0.021388706880496256
1.6530080577375068	-0.017824074364524274
1.6530426513717487	-0.01425935895950102
1.6530695576985486	-0.010694577242773009
1.6530887765927813	-0.007129745791995132
1.6531003079650712	-0.0035648811850564972
1.6531041517617928	-4.04893741622456e-16