0.055561473459258263	0.
0.055561370296280825	0.00010706896573473692
0.0555610608077316	0.00021413753387190812
0.055560544994759854	0.00032120530681542444
0.05555982285928105	0.00042827188697214957
0.055558894403976836	0.0005353368767533766
0.05555775963229498	0.0006423998785763044
0.055556418548449435	0.0007494604948655141
0.05555487115742028	0.0008565183280544455
0.0555531174649537	0.0009635729805868732
0.05555115747756198	0.0010706240549183833
0.05554899120252349	0.0011776711535178494
0.05554661864788263	0.0012847138788689085
0.0555440398224498	0.0013917518334714382
0.05554125473580141	0.0014987846198430315
0.05553506582099319	0.0017128330980612186
0.05553166201581573	0.0018198479950448632
0.05552805199538733	0.0019268561340746245
0.05552021336316631	0.0021408505488123195
0.05551598478048221	0.0022478360298580666
0.05551155004076415	0.002354813163628509
0.055502062156864755	0.002568740800349754
0.055497009047916414	0.0026756905088863477
0.05549174985239994	0.002782630281322171
0.055480613280547375	0.002996478429458641
0.055455868008604935	0.0034240380219922027
0.05544916679679519	0.003530897124676004
0.05544225967607819	0.0036377431154735384
0.055427827811284455	0.003851394174381751
0.055396494354601845	0.0042785214951460504
0.0553881466325243	0.004385264596104483
0.05537959322813613	0.004491991412507292
0.055361869500242876	0.004705394606399958
0.05532395530545264	0.0051319881453622575
0.05531396305700648	0.005238589876291433
0.05530376540172829	0.005345172153865771
0.055282754022913265	0.005558276765862595
0.05523826810061006	0.00598423513984743
0.05513945310428531	0.006835059935668568
0.055125053464025554	0.00695023838096111
0.05511041323270418	0.007065386492219935
0.05508041125351318	0.007295589702533954
0.05501752308416513	0.007755610011289706
0.054880225624194416	0.008673993797632965
0.054861984781888355	0.008788626670630127
0.05484350449667328	0.008903221186022386
0.05480582592118662	0.009132293143589336
0.05472759907416318	0.009589954772652181
0.05455968606556763	0.010503237091038441
0.054537624399847884	0.010617196324123295
0.054515324706876866	0.010731109218885107
0.05447001162952389	0.010958794004971184
0.05437653349970241	0.011413585655682542
0.05417819253456011	0.012320746188928458
0.05373617123498331	0.01412449057376629
0.05370851656581767	0.014229286041933017
0.05368065752632341	0.014334027365169848
0.05362432676116047	0.014543345982824927
0.0535092175033204	0.014961315956365968
0.053269232866495826	0.015794497864095005
0.05275040780684213	0.0174491205845942
0.05271626970740502	0.017551986813463386
0.05268193101331268	0.01765478625394327
0.05261265236458414	0.017860183205311162
0.052471693731593175	0.018270158453109985
0.05218020141557391	0.019086747056373924
0.05155916910003106	0.02070578215567483
0.05151947665650105	0.02080434709391536
0.05147959578796541	0.02090283594327703
0.05139926935999987	0.021099583934808753
0.051236361867881185	0.02149215102095161
0.05090156193452705	0.022273489299823843
0.05019630021435991	0.023820343779083278
0.050150653912154994	0.02391629664365104
0.0501048241912149	0.024012162037836307
0.05001261516426163	0.02420362901292549
0.04982600350548711	0.024585497913100034
0.049444044212651306	0.025344897412718868
0.048645498199042306	0.026845722898272487
0.048589701750653545	0.02694658079880258
0.04853369619140803	0.02704732273190761
0.048421058705348734	0.02724845696212964
0.048193285068250664	0.027649314770789316
0.04772779832785252	0.02844529134566385
0.0467575204645423	0.030013523834627756
0.04669515643781778	0.030110458286309517
0.046632591453610144	0.030207263154488958
0.04650685969062903	0.030400482474460915
0.04625299657988861	0.030785347819127742
0.04573573348854123	0.031548692765770645
0.044663563022850065	0.03304910696324125
0.044599493958070204	0.03313551677049748
0.044535257718003804	0.033221802373664844
0.044406284675761194	0.033393999674479195
0.044146343124075796	0.03373688962745715
0.04361853292422126	0.03441657912260437
0.04253165059863378	0.035751028381287096
0.042462354422694436	0.035833305594730476
0.04239289908225259	0.03591544849178147
0.04225351194983351	0.036079330105603914
0.0419728392059594	0.03640546802273716
0.04140395891577439	0.037051174327741986
0.04023653990213701	0.038315769464642054
0.04015605869053723	0.03840010785669735
0.0400754007005804	0.03848427720058908
0.0399135558066896	0.0386521072624784
0.03958776035406318	0.03898572255471385
0.03892782736478684	0.039644691821493744
0.0375752478697309	0.04092893940101727
0.03748928966530445	0.04100768822251209
0.0374031664223944	0.04108625651653516
0.03723042633840406	0.041242850139442705
0.03688298243920625	0.04155385589031497
0.036180325610624994	0.04216706501136893
0.03474463249630363	0.04335767343459128
0.0346552464776327	0.04342915178239597
0.03456571341062818	0.043500445852636724
0.034386207651859235	0.04364247995115628
0.034025448311728	0.04392432355938776
0.03329702426971211	0.044479045715326036
0.031813250304135045	0.04555210684535142
0.03171935019970181	0.04561754219456082
0.03162531550446161	0.04568278398047913
0.031436843938153	0.045812685755935265
0.031058303310163207	0.046070154421900586
0.030294922208511335	0.04657569131364673
0.02874368912293099	0.04754868734852897
0.028652273476544095	0.047603829232417724
0.02856075204635103	0.04765879536361275
0.028377393186519197	0.0477681995568344
0.02800942095461367	0.047984890025414347
0.027268534648761725	0.04840975470990471
0.025767609380877056	0.04922507125193825
0.02567297813480605	0.049274491642772235
0.025578252104446992	0.04932373011284947
0.0253885170901222	0.049421660564254954
0.025007925061300815	0.04961533046440609
0.024242331805307094	0.04999386643984696
0.022694143422824255	0.050715413704988575
0.022588426316508262	0.05076258789214295
0.02248261115011802	0.05080954171055324
0.02227068847498264	0.05090278742676216
0.021845686643982877	0.05108662552974867
0.02099116051744445	0.05144364404952999
0.019264851487359326	0.05211470838577003
0.019156226331163352	0.052154734451563496
0.01904751801463783	0.05219453410507567
0.01882985378863984	0.05227345348513245
0.01839354820113512	0.05242856776163525
0.01751713466860763	0.052727861003133106
0.015749952186324825	0.05328242054460685
0.01564628263706342	0.05331295501662788
0.015542553891245542	0.053343287783015295
0.015334920379963023	0.05340334774060569
0.014918960281345822	0.05352104218984797
0.014084355981817183	0.05374670454587249
0.013979786503541093	0.05377399838471443
0.013875164133773729	0.05380108877359918
0.013665762303287912	0.053854658792289234
0.013246341374209158	0.05395935297204531
0.012405119370745102	0.054158935978852324
0.012299751236824556	0.05418296275099852
0.012194336567702267	0.054206784525901
0.011983369219341566	0.054253812724239
0.011560893660269482	0.05434540524036785
0.010713868658927773	0.054518715605955954
0.01060780391621443	0.05453945204197606
0.010501699039657255	0.05455998213200149
0.010289370490921683	0.05460042296415304
0.009864249460670256	0.054678825111203026
0.009012241787591713	0.05482569498807877
0.008907681707729756	0.05484278019536972
0.008803089239244445	0.054859665992510014
0.008593808657726758	0.05489283911147465
0.008174875572204062	0.05495678977472067
0.008070067038222167	0.05497227802231285
0.007965229161211364	0.05498756638889603
0.007755466902984248	0.05501754325740633
0.007335607049695624	0.05507509602512115
0.007230574450713668	0.055088983708873655
0.00712551556112545	0.05510267108727144
0.006915320438214734	0.055129444729660304
0.006494631519245281	0.055180586209219326
0.005652144677255464	0.055273235779274156
0.0055467373185068	0.05528391301349195
0.005441309791638996	0.05529438923358566
0.005230395766969744	0.05531473847976437
0.004808342571813342	0.05535302317557685
0.004702784605505213	0.055362091271176556
0.004597209539717747	0.055370958068393476
0.004386009645263231	0.05538808763945112
0.003963421557070075	0.05541992983146778
0.00385773754671654	0.055427386678288504
0.0037520395095025395	0.05543464198931019
0.0035406028918288893	0.05544854789916715
0.0034348650801597283	0.05545519844744007
0.0033291147792082823	0.05546164735878946
0.003117578247548838	0.055473940177657034
0.0030117927859946185	0.055479784040478125
0.0029059963734628645	0.055485426176981656
0.002694372234222135	0.055496105189709606
0.0025885452769854834	0.05550114202710478
0.0024827089077131574	0.05550597706052405
0.00227100947239237	0.055515041645847335
0.002156147920512008	0.05551962138837703
0.0020412771392994077	0.05552396348068493
0.0019263976204558085	0.055528067904184845
0.0018115098557198385	0.05553193464130788
0.0016966143368654467	0.055535563675502594
0.0015817115556997733	0.05553895499123499
0.0013518861738163817	0.05554502441026473
0.0012369645568599287	0.05554770248758208
0.001122037645110501	0.05555014279447727
0.001007105930509603	0.055552345320504626
0.0008921699050192854	0.05555431005623631
0.0007772300606200755	0.055556036993262295
0.0006622868893088485	0.0555575261241905
0.0005473408830966945	0.055558777442646735
0.00043239253400685136	0.055559790943274755
0.0003174423340725853	0.05556056662173631
0.00020249077533508525	0.055561104474711125
0.00008753834984135622	0.05556140449989693
-0.00002741445035789888	0.05556146669600949
-0.00014236713321034858	0.05556129106278256
-0.00025731920666416364	0.05556087760096795
-0.0003722701786701482	0.05556022631233545
-0.00048721955718380853	0.05555933719967291
-0.0006021668501674718	0.055558210266786125
-0.0007171115655923926	0.055556845518498925
-0.0008320532114408582	0.05555524296065306
-0.0009469912957083077	0.05555340260010824
-0.001061925326405401	0.05555132444474208
-0.001176854811560149	0.05554900850345006
-0.001291779259220044	0.055546454786145526
-0.001406698177454129	0.055543663303759566
-0.001521611074355116	0.05554063406824107
-0.001636517458041491	0.05553736709255657
-0.001751416836659619	0.05553386239069029
-0.0018663087183858626	0.055530119977644
-0.0019811926114286513	0.055526139869437
-0.0020960680240306078	0.05552192208310603
-0.002325791441066212	0.055512773549305956
-0.002440638462175053	0.05550784284099691
-0.0025554750361976683	0.05550267453288383
-0.0027851148768117937	0.05549162520675369
-0.0032442475678483404	0.05546667639837789
-0.003358997251501849	0.05545984556801672
-0.0034737325570594383	0.05545277734330252
-0.0037031580694651548	0.05543792883285247
-0.004161814952168668	0.05540538447901761
-0.004276435863368681	0.055396655397869955
-0.004391038469401871	0.05538768919285308
-0.004620186803834952	0.05536904556574485
-0.005078242231861087	0.055328914581784475
-0.005185044488019864	0.055319008004673355
-0.0052918274206515984	0.05530889526571563
-0.0055053337235809385	0.055288051453780344
-0.005932096942030451	0.05524389159748083
-0.0060387334714067055	0.0552323368238677
-0.00614534749574376	0.0552205762114125
-0.006358506440076981	0.055196437646059734
-0.0067845367916796375	0.05514569242911187
-0.006890982160465243	0.05513249221491815
-0.0069974018480671385	0.05511908653398138
-0.007210162593405363	0.05509165897248438
-0.007635358465943647	0.05503434049809631
-0.008484359035907383	0.05490986236290961
-0.008590345970516975	0.054893381104379815
-0.008696300890785522	0.0548766952702218
-0.008908113108936999	0.05484271012452106
-0.009331336007006145	0.054772287712749515
-0.01017608736732246	0.054621649360454876
-0.011858107910137758	0.05428132837132294
-0.011971669864215157	0.05425639550897298
-0.012085179395694342	0.05423122506395873
-0.012312039202907833	0.05418017186785144
-0.012765107891802156	0.05407521940292532
-0.013668530549355195	0.053853956266788836
-0.013781194230125072	0.053825235889454565
-0.013893797564592702	0.05379627981745558
-0.014118821222578203	0.05373766109767651
-0.014568122705488625	0.05361760097021954
-0.015463632256362993	0.05336621974998632
-0.015575271380125036	0.053333744050078825
-0.015686842301522425	0.053301034807694186
-0.01590977758329788	0.05323491626943591
-0.016354808242257827	0.05309988305375856
-0.017241400917901186	0.0528186655203637
-0.018999843849163645	0.052211907326502244
-0.019107063379470466	0.0521727655197303
-0.019214202273993942	0.05213340353303155
-0.019428236347439377	0.05205401968524521
-0.019855316993434045	0.05189261720181503
-0.020705427468087553	0.0515593115385342
-0.02238864350266198	0.05085101744384837
-0.022493060187898577	0.050804916852086594
-0.022597381947740736	0.05075860185300401
-0.02280573893060607	0.05066532941561615
-0.02322129444725287	0.05047622031370656
-0.024047673614352713	0.05008779019582941
-0.025680725592106983	0.04927045429085023
-0.025775074277375607	0.04922116291758689
-0.025869328353593145	0.04917169087491137
-0.026057551295361057	0.04907220550834747
-0.026432846671220773	0.048871074776595545
-0.027178758369413792	0.04846021488252895
-0.02865125422976899	0.0476044426920955
-0.02874240560057777	0.04754946322784029
-0.02883345147055688	0.047494309230253065
-0.02901522537165602	0.04738347844550745
-0.029377492485649685	0.047159731426498354
-0.030096829629303986	0.046703941795404276
-0.031514126318373074	0.04575955829499981
-0.031609144915981664	0.045693974336276894
-0.03170402702745673	0.04562819307408692
-0.031893380153819414	0.0454960397763126
-0.03227043058608798	0.04522937809380467
-0.033017817198682804	0.044686699144132654
-0.03448501384453012	0.043564448270423745
-0.03457546467228879	0.04349269565868699
-0.034665766205547385	0.043420755248454505
-0.03484591982954721	0.04327631227584703
-0.035204418430645916	0.04298518647073499
-0.03591409457941007	0.04239404608556546
-0.037303479855919766	0.04117678622237107
-0.03738327287236148	0.041104357947964874
-0.03746292526267304	0.041031775049676256
-0.037621806966909775	0.040886146474184135
-0.03793786971361561	0.04059304588912475
-0.03856312615944032	0.03999953291945982
-0.039785638937183274	0.0387837629340417
-0.03986078596969869	0.03870652496468434
-0.039935783056325384	0.038629141391467336
-0.04008532626399968	0.03847393859838836
-0.04038260095334786	0.038161798610738054
-0.04096984099698953	0.03753064696545021
-0.04211459203717475	0.03624139167452318
-0.042190664343373804	0.03615280314482719
-0.04226655030293723	0.03606405493636479
-0.04241776184229703	0.03588608105176756
-0.04271793406918461	0.03552823443157086
-0.04330920115130842	0.034805034529495384
-0.044454845399582214	0.03332932722788001
-0.04452479251059107	0.033235826826674156
-0.04459454296564732	0.033142179630327506
-0.04473345267648392	0.03295444650733242
-0.04500889872991976	0.03257723696208271
-0.045550229530284043	0.031815938186737475
-0.046594115115190814	0.030266578425653057
-0.04665646636818337	0.030170374193874937
-0.046718618985786005	0.030074041514648733
-0.046842327257233335	0.029880992454905435
-0.04708734858946214	0.02949337104805651
-0.047567752281427844	0.028712127679024018
-0.04848955027182218	0.027126386552585473
-0.048545418186161	0.027026278065886346
-0.04860107942308037	0.026926054517424098
-0.048711780917652346	0.026725263942466514
-0.04893069341005812	0.02632232085844172
-0.049358504514036006	0.025511083181663365
-0.05017366802466981	0.023867977918417948
-0.05021951863037721	0.023771354220932732
-0.05026518315982812	0.02367464244445504
-0.05035595331385517	0.023480956088215373
-0.05053525330835291	0.023092542216578645
-0.0508848550725209	0.02231163053683895
-0.05154777929675329	0.020734121214487814
-0.05158759498439298	0.0206348582910107
-0.051627219526700775	0.020535518910066677
-0.05170589458875295	0.02033661224837185
-0.05186094455635152	0.019937897649624295
-0.052161811932779543	0.019136946173650547
-0.05272637058827946	0.01752162028898239
-0.05276282330159714	0.017411542441963558
-0.05279904620357699	0.01730138875802755
-0.052870801943441646	0.017080855798853507
-0.05301154881234952	0.01663890096970785
-0.053281950115106134	0.01575154357182818
-0.05331470747666475	0.015640310087767697
-0.0533472326231241	0.01552900848148857
-0.053411585705096895	0.015306202841689688
-0.05353749912243058	0.014859795445415961
-0.053778124600268075	0.013963905164455323
-0.05380715008827322	0.013851640059642746
-0.05383594121631861	0.013739314623260796
-0.053892819891946116	0.013514484713007657
-0.054003759474484166	0.013064122457552294
-0.054214340849561615	0.012160698138323118
-0.05459011251734047	0.010343932922634786
-0.054610164578671246	0.010237541582543173
-0.05463000929281773	0.010131111371932922
-0.054669076378954934	0.009918135955705185
-0.05474471912250477	0.009491736467155079
-0.05488602307641595	0.008637233574414703
-0.05490274898261705	0.00853026887709893
-0.05491926643073166	0.008423271791541056
-0.054951675702635316	0.008209182080832428
-0.05501399004302755	0.007780631883692094
-0.05512858892710416	0.006922139544261509
-0.05514197242196793	0.006814705450625762
-0.05515514655044714	0.006707245482503159
-0.055180866508965705	0.00649224955493607
-0.05522979188177738	0.006061965164813937
-0.05524149908953537	0.005954335504884115
-0.05525299655301991	0.005846683237172169
-0.05527536207334814	0.005631312513448893
-0.05531757431531246	0.005200317762766402
-0.05532760239118065	0.005092518689929551
-0.05533742039585316	0.00498470028150894
-0.05535642604329851	0.004769007095474211
-0.055391914897083935	0.004337406713471907
-0.055400261404297685	0.004229464422281504
-0.0554083975644396	0.004121506072404142
-0.05542403872073927	0.0039055428362591016
-0.05545279556275886	0.0034734416993425247
-0.05545932965714799	0.003367504557331112
-0.055465661369174496	0.0032615551266113553
-0.05547771755445542	0.0030496209456141714
-0.05548344198371438	0.0029436369687276336
-0.05548896394261994	0.0028376422499116834
-0.055499400369506784	0.002625622133714372
-0.05550431479940342	0.002519597510037495
-0.055509026682777504	0.002413563691837375
-0.05551784274191874	0.0022014700196552623
-0.05552194688551431	0.0020954109396461745
-0.055525848418244254	0.001989344213056804
-0.05553304359489679	0.0017771893683998308
-0.05553633721256271	0.0016711020245283627
-0.05553942816684979	0.0015650085824660833
-0.05554231644647851	0.0014589094293694944
-0.055545002040908946	0.001352804952415964
-0.05554748494034083	0.0012466955388022874
-0.05554976513571354	0.0011405815757432754
-0.05555184261870619	0.0010344634504703405
-0.05555371738173762	0.0009283415502300588
-0.05555538941796644	0.0008222162622828321
-0.055556858721291055	0.0007160879739014238
-0.05555812528634967	0.0006099570723694978
-0.055559189108520333	0.0005038239449802783
-0.05556005018392095	0.00039768897903511236
-0.05556070850940927	0.000291552561842056
-0.05556116408258294	0.0001854150807144613
-0.055561416901779466	0.00007927692296953819
-0.05556146696607627	-0.000026861524072985023
-0.05556131427529066	-0.00013299987309232426
-0.055560958829979835	-0.00023913773676810253
-0.055560400631440875	-0.00034527472778168926
-0.05555963968171077	-0.00045141045881763836
-0.05555867598356639	-0.0005575445425651018
-0.05555750954052444	-0.0006636765917192426
-0.055556140356841525	-0.0007698062189826735
-0.05555456843751408	-0.0008759330370667955
-0.05555279378827834	-0.000982056658693261
-0.055550816415610375	-0.0010881766965954358
-0.05554863632672601	-0.0011942927635197398
-0.05554625352958084	-0.001300404472227083
-0.055543668032870176	-0.0014065114354942796
-0.055537888979232015	-0.001618709576903513
-0.05553469544339347	-0.0017247999806914158
-0.055531299250167226	-0.0018308840903337043
-0.055523898941864755	-0.00204303187871601
-0.05551989485379376	-0.0021490947832856415
-0.05551568816234542	-0.0022551498453717376
-0.05550666703146033	-0.0024672348940574943
-0.05550185262494351	-0.0025732641067157187
-0.05549683568088912	-0.002679283929010336
-0.05548619425413803	-0.0028912938549930044
-0.05546248180524158	-0.0033151840019984835
-0.05545549238670239	-0.003430116195153428
-0.05544826480004741	-0.0035450336567772914
-0.0554330952475759	-0.003774822411324661
-0.05539989955955285	-0.0042342014306497025
-0.05539100572249238	-0.004349001956159253
-0.05538187399427096	-0.004463783803742448
-0.05536289702224124	-0.004693289493369549
-0.05532209017830058	-0.005152055052873489
-0.0553112943672659	-0.005266692356832674
-0.05530026100741156	-0.005381307041604069
-0.055277481831806446	-0.005610466584711879
-0.05522907504805776	-0.006068492588762378
-0.0551208797348274	-0.0069832621476323305
-0.05510628939976514	-0.007097478534887805
-0.05509146239633064	-0.007211664440165475
-0.055061098640074926	-0.007439942843315358
-0.05499753397701542	-0.007896112297257082
-0.05485907167725686	-0.008806792132976396
-0.05484070285817757	-0.008920462038758709
-0.05482209851135692	-0.00903409363328373
-0.05478418355510767	-0.009261239936646222
-0.0547055308930974	-0.009715051346659299
-0.054536953826532966	-0.010620640295503463
-0.05451631219268519	-0.010726091453719045
-0.05449546666156789	-0.010831502495120581
-0.054453164220145754	-0.01104220265063535
-0.05436611605157126	-0.0114631042231564
-0.05418226505893825	-0.012302824311791973
-0.054158370850883784	-0.01240758637858317
-0.05413427408430151	-0.01251230203957616
-0.05408547323680958	-0.012721592577748074
-0.053985444855694946	-0.013139599563783537
-0.053775702553247	-0.01397322968638835
-0.05374857864714078	-0.014077202363253256
-0.05372125371517667	-0.014181122389764397
-0.053666001183219854	-0.014388802937232329
-0.05355308835606798	-0.01480351513969018
-0.05331765554968232	-0.0156302571843617
-0.05280856257938116	-0.017272320378670724
-0.05277224330272317	-0.01738297068288529
-0.05273569217966892	-0.01749354461780308
-0.05266189503771545	-0.017714461436930604
-0.05251152573079706	-0.018155357291656335
-0.052199724360336854	-0.01903328951255447
-0.05153218285378847	-0.02077285399957285
-0.05148852916310566	-0.020880821286143852
-0.05144464926581898	-0.02098869683617187
-0.05135621162354417	-0.02120417083126825
-0.0511766304085175	-0.02163399715711044
-0.05080668877023232	-0.022489057542916507
-0.05002405799305265	-0.024179970117259565
-0.04997419541644184	-0.024282856616204447
-0.04992412122929299	-0.024385640291916016
-0.04982333887241205	-0.024590897433169355
-0.049619244221611195	-0.025000158716295472
-0.04920098386691721	-0.025813572389175674
-0.048324580407420846	-0.02741919512696494
-0.04826805586916579	-0.027518577644474098
-0.04821132694484336	-0.02761784363742545
-0.048097256899711616	-0.027816024368823872
-0.04786667480385948	-0.028210969075617105
-0.0473957975551659	-0.028995097983514215
-0.046415642025190454	-0.030539572825323446
-0.04635694129012957	-0.03062860308906269
-0.046298069785538354	-0.03071752052326621
-0.04617981533587576	-0.030895015593268026
-0.04594126678654444	-0.03124863739447544
-0.04545606050808538	-0.03195033483469525
-0.04445361492410255	-0.033330968379923616
-0.04438956021890549	-0.03341622774246105
-0.04432534199160929	-0.03350136400642127
-0.044196415917588425	-0.03367126598456608
-0.04393661195355146	-0.034009578988968676
-0.043409250557414694	-0.034680171553893045
-0.04232395222068614	-0.03599667208763801
-0.042248936614603085	-0.03608468772068162
-0.04217373797416788	-0.03617254702464412
-0.04202279289415977	-0.03634779512347916
-0.041718720709271004	-0.036696398669974456
-0.04110192227331038	-0.03738595081581599
-0.039834311841047645	-0.03873376993159886
-0.03975360459797074	-0.03881659766687518
-0.039672725131026314	-0.03889925723766321
-0.03951045092785042	-0.039064070454085865
-0.03918385130217216	-0.03939166320546927
-0.03852252665615947	-0.04003863475431378
-0.03716802143904545	-0.04129909823798237
-0.03708770838077525	-0.04137123662674871
-0.03700725531138975	-0.041443218833501286
-0.0368459303546852	-0.04158671361458547
-0.03652161370689856	-0.04187181707554546
-0.03586638221163083	-0.0424344195201616
-0.0345300832511942	-0.043528733999847254
-0.0344454430572349	-0.043595742745761876
-0.03436067282706926	-0.04366258691185125
-0.03419074353868509	-0.043795780495793475
-0.03384933864102235	-0.04406018164430614
-0.033160415899720755	-0.044580984178474656
-0.03175870374497719	-0.045590153206615046
-0.03167181033602935	-0.04565056147521566
-0.03158480202476099	-0.04571080412791395
-0.031410441958309915	-0.04583079171198665
-0.03106035691429684	-0.046068769913254176
-0.030354798443337345	-0.04653669030376167
-0.028922703487453325	-0.04744001007525942
-0.028832291790947918	-0.047495013243976446
-0.02874177549362563	-0.04754984410529525
-0.02856043041044683	-0.04765898811067944
-0.02819649950848473	-0.047875199722109574
-0.027463748823947132	-0.048299273633244245
-0.025979289343301737	-0.04911368300362812
-0.025877725853313598	-0.04916727201731458
-0.025776051822645592	-0.04922065100544841
-0.025572373877005377	-0.04932677799389003
-0.025163710638889943	-0.04953650169164227
-0.024341252686887346	-0.04994577810583153
-0.022676600232511498	-0.0507232602940576
-0.022571717127306604	-0.05077001988268977
-0.022466737603545884	-0.05081656259938562
-0.02225649109451135	-0.05090899662263829
-0.021834860812321947	-0.05109125352024931
-0.02098715218449862	-0.05144527943503228
-0.019274755859767522	-0.052111046041220646
-0.019174231477737308	-0.052148117705263425
-0.019073635795317494	-0.052184995453783876
-0.018872232025853943	-0.05225816865645211
-0.018468585358939048	-0.05240218209009471
-0.01765801965384369	-0.052680847324889625
-0.01602447523346851	-0.053200503065815224
-0.015921856035779065	-0.05323130501255616
-0.0158191776318294	-0.053261909015885726
-0.015613644732628135	-0.053322522737836914
-0.015201885273540926	-0.053441369902856715
-0.014375677527533883	-0.05366951861707181
-0.012713195984141666	-0.05408744753482701
-0.012600101336948026	-0.054113905599785544
-0.012486951627717693	-0.05414012718872111
-0.012260489001227972	-0.054191860481207214
-0.011806924775929905	-0.05429248438135239
-0.010897351507114997	-0.05448233716622516
-0.010783435332202615	-0.054504998444180004
-0.010669472034025514	-0.05452742153704875
-0.01044140606014446	-0.05457155277661649
-0.009984730559435837	-0.05465695279302834
-0.009069317166980452	-0.0548162824267441
-0.008954706891878631	-0.05483512156861149
-0.008840057484996422	-0.05485372108276538
-0.008610643280116292	-0.054890200903863054
-0.008151367344804093	-0.054960281507411536
-0.008036458053157041	-0.054977201410436556
-0.007921513642447326	-0.05499388106486376
-0.0076915214732048934	-0.055026519337416646
-0.0072311378173291665	-0.05508890976258881
-0.007115961645993139	-0.055103905694756476
-0.007000754378134118	-0.05511866082463267
-0.006770248566788931	-0.05514744842064547
-0.006308885946546779	-0.05520213121861623
-0.005384869660039715	-0.05529991421067707
-0.005276913809791023	-0.055310320136552245
-0.005168937852818317	-0.05532051531247302
-0.004952927264467007	-0.05534027325986708
-0.004520682914620048	-0.05537725849976074
-0.004412577734510653	-0.055385977383276004
-0.004304455741073268	-0.055394485228558644
-0.004088162962193904	-0.055410867675559874
-0.0036553937756857004	-0.05544109873828745
-0.0035471656277612715	-0.05544812845329488
-0.0034389239640049015	-0.05545494689325429
-0.00322240173878707	-0.05546794984491244
-0.00311412200234432	-0.055474134307065805
-0.00300583040010391	-0.05548010739508055
-0.0027892132487756793	-0.05549141935846221
-0.002680888525068269	-0.055496758190726934
-0.0025725535863208755	-0.055501885562648845
-0.0023558547149059206	-0.0555115058481223
-0.00224749160793015	-0.055515998725017494
-0.0021391199372948312	-0.055520280068257294
-0.0019223525567988785	-0.055528208089323655
-0.0018139576728910768	-0.05553185473694193
-0.0017055558772262438	-0.05553528979048835
-0.0015971475828497333	-0.05553851323687426
-0.001488733202831662	-0.05554152506381732
-0.0013803131502654327	-0.05554432525984148
-0.0012718878382660627	-0.05554691381427713
-0.001163457679968511	-0.05554929071726103
-0.0010550230885262022	-0.055551455959736436
-0.0009465844771095516	-0.055553409533453085
-0.0008381422589042916	-0.05555515143096722
-0.0007296968471097989	-0.055556681645641676
-0.000621248654937619	-0.05555800017164584
-0.0005127980956099902	-0.0555591070039557
-0.0004043455823581701	-0.05556000213835388
-0.0002958915284207632	-0.05556068557142963
-0.0001874363470422441	-0.05556115730057886
-0.00007898045147148211	-0.055561417324004124
0.000029475745039932067	-0.05556146564071465
0.00013793182923935981	-0.055561302250526336
0.00024638738787459056	-0.05556092715406175
0.0003548420076953174	-0.055560340352750134
0.00046329527545481067	-0.05555954184882739
0.0005717467779115914	-0.05555853164533606
0.0006801961018309067	-0.05555730974612535
0.000788642833986206	-0.05555587615585108
0.0008970865611608143	-0.05555423087997569
0.0010055268701496052	-0.055552373924768216
0.0011139633477604762	-0.05555030529730423
0.001222395580815826	-0.05554802500546588
0.0013308231561542248	-0.05554553305794179
0.0015476626811251617	-0.05553991423462331
0.0016539487037069492	-0.055536850708780436
0.0017602286688713684	-0.05553358378492373
0.0019727688700141147	-0.05552643979177275
0.002079028327585727	-0.05552256274864261
0.00218528017092954	-0.05551848235982682
0.002397759458417209	-0.055509711605658985
0.00250398612437749	-0.0555050212724289
0.00261020361974567	-0.05550012765775703
0.0028226095426980044	-0.055489730656521755
0.0032472942274534814	-0.055466498115206514
0.003353436638438486	-0.05546018207395138
0.0034595667678060946	-0.05545366291547342
0.0036717886269726665	-0.055440015343095776
0.004096067866694939	-0.05541028389202937
0.004202101144099332	-0.055402343623159295
0.004308119031739709	-0.05539420044889377
0.0045201070846676294	-0.05537730550421353
0.004943881433002885	-0.05534108211211875
0.005049780723801034	-0.055331519476744785
0.005155661520295735	-0.05532175419536154
0.005367366079333709	-0.05530161583836659
0.005790536208269086	-0.055258908995605274
0.005896276690840333	-0.055247726235103226
0.006001995578903559	-0.05523634113547604
0.006213367022848169	-0.05521296408637417
0.006635833745993136	-0.05516378380295717
0.006741390635939712	-0.05515098353844222
0.006846922836235163	-0.055137981289112334
0.007057911621961376	-0.05511137102722489
0.007479575917795979	-0.05505572883046583
0.008321564959859102	-0.05493476940501985
0.008435582265024092	-0.05491737689305518
0.008549563220638969	-0.05489974773803754
0.00877741411876773	-0.05486377980372404
0.009232658120473598	-0.05478900762921622
0.010141205149307634	-0.054628136441613274
0.01025458201613103	-0.054606967326874166
0.01036791469519938	-0.05458556290665994
0.010594445536827937	-0.054542048519752605
0.011046955492248416	-0.05445220020638415
0.011949659366437826	-0.05426124744225814
0.012062270737741989	-0.05423632507474371
0.012174830131826237	-0.05421116899887916
0.01239979104845411	-0.05416015615670377
0.012849067829156183	-0.054055330809140406
0.013744932846474288	-0.05383450709358982
0.015525045363284588	-0.05334838609959833
0.015628372700549578	-0.05331820795653748
0.015731641377152078	-0.0532878296850654
0.01593800119812705	-0.05322647321373417
0.016349999871949895	-0.05310136379746851
0.017171026824733367	-0.0528415856191707
0.018800510153374028	-0.052284014296309925
0.01890176924328174	-0.05224749230764658
0.019002957385924134	-0.05221077420947339
0.019205119310452993	-0.052136750236614536
0.01960857509884089	-0.051986355090128965
0.020411929721673792	-0.05167620785236964
0.022003737257981847	-0.05101875027522295
0.022110801543208585	-0.050972441456935386
0.022217768368097954	-0.050925907961521966
0.02243140775133605	-0.05083216776075127
0.022857496277239597	-0.050642000324827595
0.023704807341384374	-0.05025096458648043
0.025379131406322804	-0.04942648097957673
0.02548284531702319	-0.049373089102389876
0.025586446904038836	-0.04931947959772753
0.025793311280886248	-0.04921160865213783
0.02620567209088881	-0.04899326569263037
0.027024820321123945	-0.04854622971534274
0.02864001726301483	-0.04761120397698501
0.028738093306040394	-0.0475520696300085
0.028836047252175166	-0.047492733252932295
0.029031587189620976	-0.047373455417726244
0.0294211836254075	-0.04713248653576335
0.030194350225516985	-0.04664095354324012
0.03171584546025351	-0.04561997895336184
0.03180981062826657	-0.04555450889602125
0.03190364064886621	-0.045488845295433386
0.03209089365381338	-0.04535693858125237
0.03246376039295924	-0.04509081496394128
0.033202848272026644	-0.04454939056360522
0.03465374147771591	-0.0434303526874868
0.03473718405416003	-0.04336364118649713
0.03482049820540028	-0.04329676936783594
0.03498674000067766	-0.04316254576700548
0.03531766896799674	-0.04289218567094547
0.035973240058086484	-0.04234387007215026
0.03725869460129636	-0.041217314439094516
0.0373378771960317	-0.04114559829991437
0.03741692175066328	-0.04107373004328437
0.03757459557119885	-0.04092953824103937
0.03788827390714675	-0.040639340955543106
0.038508888590229856	-0.04005175192808831
0.03972263887734311	-0.03884828559388496
0.03980354589666216	-0.0387653849073651
0.03988427990357726	-0.038682315720972076
0.04004522747725657	-0.03851567329359096
0.040365031085723264	-0.03818038237645683
0.04099619455910819	-0.03750185814910519
0.04222413616570601	-0.03611370457352414
0.04229933652190943	-0.03602559455123703
0.042374353017360436	-0.035937327938008655
0.042523833122521545	-0.0357603264740662
0.042820572710407255	-0.03540446138153475
0.04340509743811301	-0.03468536938468115
0.04453776438958414	-0.03321844180785352
0.04460233706660788	-0.033131689681641006
0.04466674076522807	-0.03304481203420249
0.04479504025191103	-0.032870681492684795
0.04504960079157415	-0.0325209286688382
0.045550514346069	-0.031815530417901604
0.04651908977900794	-0.030381764581677267
0.04657813733718905	-0.03029116133729137
0.04663700843153879	-0.03020044333317709
0.04675422033726789	-0.030018664420957596
0.04698651681404485	-0.029653744631114316
0.047442551371713035	-0.028918534753791206
0.04832000355853685	-0.02742725996279699
0.04837225106700733	-0.027335007950872608
0.048424322449177166	-0.027242656410526055
0.048527936076876776	-0.027057656089957628
0.04873304151753679	-0.026686475927216322
0.04913472353614046	-0.02593947331753106
0.04990364801488637	-0.024427510060793918
0.04995016865105864	-0.02433224167015155
0.04999650741563666	-0.02423688468434112
0.0500886386557837	-0.024045906316339814
0.05027071129761066	-0.023662901736603233
0.05062606032685521	-0.022892779401931025
0.05130128715530016	-0.021336711770403968
0.05134534948453259	-0.021230459704751296
0.05138919175130845	-0.021124116646882837
0.0514762153468151	-0.020911159378001448
0.051647613583829716	-0.020484173013799414
0.05197977342305153	-0.019626015587787718
0.0526012328076181	-0.017893787751133677
0.052638164647587776	-0.017784851854803305
0.05267487088418853	-0.017675839733883338
0.0527476059189696	-0.017457588687471826
0.05289036189087833	-0.017020192478811317
0.05316498350741834	-0.01614192868339457
0.053670407032928615	-0.014372360344899058
0.05369807147545403	-0.014268652801890241
0.05372553552367794	-0.014164892010103012
0.05377986202800028	-0.013957212229278218
0.05388610584551835	-0.013541230733188666
0.05408893476487969	-0.012706867000344716
0.054113381019191956	-0.012602354051351506
0.0541376253293209	-0.012497794071992576
0.054185507755876106	-0.012288534583169424
0.05427884534834831	-0.011869468421709009
0.054455792238611904	-0.011029234997450883
0.05447699695161159	-0.010924016481952143
0.054497998363460004	-0.010818757199427792
0.05453939097096373	-0.010608117904709584
0.05461973317454308	-0.01018636740480035
0.054770629001292745	-0.009341066950119275
0.05478857191647079	-0.009235243381609843
0.054806310367739856	-0.00912938534835897
0.05484117361452378	-0.008917567467954541
0.054908443679641754	-0.008493535520822321
0.055033144294608226	-0.007643975537159322
0.055049500389487686	-0.007525280050048362
0.05506560048224058	-0.007406549567384683
0.055097032363070196	-0.007168985824135543
0.05515682088465607	-0.006693462695931628
0.05517112693282315	-0.006574502713222974
0.05518517641325177	-0.006455512156455221
0.05521250541074429	-0.006217441534296357
0.05526408179807493	-0.005740957758035108
0.05527633354178859	-0.005621768684390848
0.05528832822851111	-0.005502553467280604
0.05531154620905806	-0.005264046820374536
0.055354895112059224	-0.004786744206324647
0.05536508890497691	-0.004667361514588561
0.055375025228155635	-0.00454795711776038
0.055394125281662224	-0.004309085430038499
0.055429233798909155	-0.0038311060321697377
0.05543736660717205	-0.003711565252809885
0.055445241609575834	-0.003592007213191655
0.05546021805151753	-0.003352841577228163
0.055467319421409006	-0.00323323509309847
0.055474162846148846	-0.003113613573136366
0.05548707573407468	-0.002874327650933514
0.0554931451372106	-0.002754664361467714
0.05549895647509499	-0.002634988261714224
0.05550980484820932	-0.002395599857567685
0.05551484183298997	-0.002275888666426165
0.055519620651620825	-0.002156166891494887
0.055528403702740155	-0.0019166938173255986
0.055532407894383934	-0.0017969436317328666
0.05553615383818872	-0.001677185089635806
0.05553964151673438	-0.0015574187479593393
0.05554287091380182	-0.001437645163664709
0.05554584201437305	-0.0013178648937468395
0.05554855480463127	-0.001198078495231696
0.05555100927196093	-0.001078286525173843
0.05555320540494777	-0.000958489540653755
0.0555551431933789	-0.000838688098775127
0.055556822628242825	-0.0007188827566623827
0.055558243701729515	-0.0005990740714581817
0.0555594064072304	-0.00047926260032073056
0.05556031073933844	-0.00035944890042109294
0.05556095669384813	-0.00023963352894069693
0.05556134426775553	-0.0001198170430688429
0.055561473459258263	-1.360863612555825e-17