0.4149297944737153	0.
0.4149290240587072	0.0007995846974685458
0.41492671281654375	0.0015991664257020092
0.41492286075580764	0.002398742215476335
0.4149174678908034	0.003198309097589518
0.41491053424155744	0.003997864102872634
0.41490205983381745	0.004797404262200862
0.41489204469905305	0.00559692660650451
0.41488048887445506	0.006396428166780043
0.41486739240293585	0.007195905974101106
0.4148527553331286	0.007995357059629551
0.41483657771938776	0.00879477845462646
0.4148188596217885	0.009594167190463168
0.41479960110612635	0.010393520298632296
0.41477880224391733	0.011192834810758756
0.4147325837945223	0.012791336174111
0.4147071643789673	0.013590517089347338
0.4146802049601265	0.014389647536584154
0.41462166651875826	0.01598774515706472
0.41459008771361167	0.016786706395818307
0.41455696933994024	0.017585605297614087
0.4144861143846761	0.01918320422382116
0.4144483780662013	0.01998189831559417
0.4144091027054363	0.020780518205154863
0.41432593544614255	0.022377523515316675
0.4141411392202325	0.025570513240207687
0.41409109496715885	0.026368530692836043
0.41403951299855585	0.027166450226674
0.41393173668666366	0.028761983686147158
0.41369774028714407	0.031951745231056435
0.41363539999286625	0.032748896389667215
0.4135715236752694	0.03354592593618066
0.41343916392463304	0.03513960835439168
0.413156022962515	0.03832538364840428
0.4130814014426747	0.03912147906400587
0.4130052459567732	0.03991742920310521
0.4128483342236868	0.041508881829394564
0.4125161159895578	0.04468991374895815
0.411778171446996	0.05104382295408524
0.41167063578601576	0.05190396876479849
0.4115613034052308	0.05276388804274376
0.4113372504007931	0.05448303198900404
0.410867605275173	0.05791843642092077
0.409842275972321	0.06477687216767658
0.4097060544418637	0.0656329436767866
0.40956804476593733	0.06648872873357405
0.4092866633948294	0.06819942455129104
0.4087024699324014	0.07161721450289839
0.40744850552490414	0.07843755278896565
0.4072837503113918	0.07928859359509102
0.40711721752445845	0.08013928834936322
0.4067788221453865	0.0818396248525836
0.4060807330059209	0.08523598197576895
0.4045995344203118	0.0920106031328267
0.4012985455233759	0.10548085941450508
0.40109202209124356	0.10626346576673008
0.4008839724335961	0.1070456677678241
0.40046329761422245	0.10860884681250567
0.39960366849130824	0.11173022183047993
0.39781147743094186	0.11795237499181982
0.39393692260064606	0.13030899951243666
0.3936819812950748	0.1310771984198014
0.39342554196049384	0.1318448985554288
0.39290817311318593	0.133378790828446
0.39185550238696537	0.13644046170787677
0.38967865502770255	0.14253869705381908
0.3850408224612447	0.15462955532616598
0.3847444016428129	0.1553656324497586
0.3844465736775942	0.15610114134610845
0.3838467006689889	0.15757044369910014
0.38263011716220696	0.16050211145787263
0.38012985108056124	0.16633709946812814
0.3748629983068725	0.17788891714320304
0.3745221144243336	0.17860548745524596
0.3741798607815391	0.17932140454365078
0.37349124922716054	0.18075126857849347
0.37209764440711407	0.18360304291780274
0.3692451950207618	0.18927419342340152
0.36328170066621507	0.20048226929846474
0.3628650160928787	0.20123547012868911
0.3624467698920437	0.2019878049210485
0.3616055998144559	0.20348986344490774
0.359904599777138	0.20648344582861297
0.3564283723573366	0.21242775176680528
0.3491823947159963	0.22413921915274387
0.34871666385645866	0.22486311989924276
0.34824943225833416	0.22558605292381786
0.3473104748958944	0.2270290033665037
0.3454146402139502	0.22990315497588754
0.3415517500704952	0.2356037698462858
0.33354484450676425	0.24680877424629397
0.3330663805239701	0.24745407757129723
0.33258666808603304	0.24809845334751793
0.33162350504195687	0.24938441259566888
0.3296822769228882	0.25194509446492436
0.32574062159750583	0.2570209753760773
0.3176238487350328	0.2669865634385833
0.3171063489955522	0.26760100479764776
0.3165876606249896	0.2682144430898456
0.3155467257720048	0.26943830127984175
0.31345067833698753	0.2718738799371539
0.30920231400842635	0.2766959763961777
0.3004840979274857	0.28613989801267636
0.29988306900386325	0.28676973213158985
0.29928071990993593	0.28739830380882575
0.2980720718238125	0.2886516487752315
0.295639050671163	0.29114306802713535
0.2907107101762399	0.2960642114995088
0.28060972658183514	0.30565489639406623
0.2799677958000291	0.3062429879309448
0.2793246325205981	0.30682973129935187
0.2780346197998224	0.3079991632046552
0.2754399293297972	0.3103217357401765
0.27019252973225844	0.31490114515333584
0.2594708585496266	0.3237925383722103
0.2588033290539744	0.3243263344419936
0.25813470141007244	0.32485875433783895
0.2567941630305879	0.32591945657695776
0.2541000336359654	0.32802424795767904
0.24866020601395325	0.3321668801778678
0.23757946988060016	0.34018043717011803
0.23687822945971554	0.340669104484146
0.2361759839226524	0.3411563262789753
0.2347684894232505	0.3421264250477077
0.23194157042357838	0.3440491858026173
0.22624068554971352	0.3478245053816584
0.21465616870185394	0.35509078216737877
0.2139734820665758	0.3555025784917803
0.21329000544409576	0.3559130623054698
0.21192069233398275	0.3567300863435618
0.2091726974906035	0.358348317934526
0.2036398024200479	0.36152118224569285
0.19243098137644365	0.3676099179136744
0.1917242808330928	0.3679789864666636
0.19101687244629006	0.3683466964462114
0.18959994259190127	0.3690780352596824
0.18675770385226473	0.3705243506084714
0.1810402987407377	0.3733512348631836
0.16947851955535945	0.3787397071226138
0.16868903046399802	0.37909200115950215
0.1678988090658074	0.3794426494956559
0.16631618307402696	0.38013900298402215
0.16314229456084714	0.38151189505364236
0.1567607440370475	0.38417808822335364
0.14386877040037677	0.3891895569584098
0.1430575641646724	0.38948846924815406
0.14224573689255024	0.3897856907043856
0.140620233338836	0.3903750559625076
0.13736192904127598	0.39153344019643976
0.13081692466531628	0.39376854440535064
0.11761971050740104	0.3979099622303453
0.11684551245090492	0.3981379918597132
0.11607087231802961	0.3983645151633505
0.11452027754797757	0.39881303937099877
0.11141391215694703	0.3996919745502575
0.10518113665785535	0.40137720766550905
0.1044002179847547	0.40158103643814574
0.10361890432112844	0.4017833458585466
0.10205510384795323	0.4021834035867009
0.09892289317992202	0.40296525352307155
0.09264069705961836	0.40445572760230214
0.09185381407344646	0.4046351581142701
0.09106658356514291	0.40481305771895804
0.08949109189715901	0.4051642615200085
0.08633606943317615	0.40584826900804866
0.08001053686826806	0.40714254055803495
0.07921845164887183	0.40729739903460593
0.07842606671230583	0.4074507165315047
0.07684040968050743	0.4077527262718563
0.07366563099437297	0.40833822886450455
0.06730288813191564	0.4094350444101023
0.0665220396456153	0.409562635726682
0.06574094928299325	0.40968873786006194
0.06417805428993391	0.40993647274859296
0.061049486808698275	0.410414052515742
0.06026678288173912	0.4105297178318336
0.05948385982277722	0.4106438904483833
0.05791736769656783	0.410867755927744
0.05478187916852226	0.41129755658983075
0.053997501937407606	0.41140126898992335
0.05321292836960183	0.4115034855214853
0.05164320363556154	0.4117034294978068
0.04850152369409343	0.4120853510395036
0.04220988183455965	0.4127772525436838
0.041422705919693555	0.41285698949671445
0.04063537939050769	0.41293522528816684
0.03906028594069469	0.41308719225392454
0.03590841766542957	0.41337310009574246
0.03512011702222557	0.4134408200968366
0.03433168868112219	0.4135070368135253
0.032754460372676736	0.41363495943608825
0.029598597547879593	0.4138727550409646
0.028809355615206495	0.41392844233156556
0.028020008930769846	0.41398262456475055
0.02644101278733826	0.41408647307631224
0.025651369069625177	0.4141361389770923
0.024861632082691376	0.41418429906526455
0.023281889787528934	0.41427610110881485
0.022491890223295178	0.4143197427303976
0.02170180887780951	0.4143618778717833
0.020121412334416524	0.41444162810662255
0.01933110288288297	0.4144792429101016
0.018540723142824206	0.4145153506534357
0.01695976429276299	0.4145830444399934
0.016101985023291347	0.4146172456860777
0.015244136829712937	0.41464967217437493
0.014386223384023511	0.41468032376608444
0.013528248358498026	0.41470920033000286
0.012670215425675225	0.41473630174252485
0.011812128258341709	0.41476162788764354
0.010095805912433357	0.41480695394963923
0.009237578080529406	0.4148269536724991
0.008379310707424982	0.41484517773992274
0.007521007466910112	0.41486162607390226
0.006662672032928267	0.41487629860403125
0.0058043080795609	0.4148891952675041
0.004945919281011546	0.41490031600911725
0.0040875093115899	0.4149096607812685
0.003229081845696374	0.4149172295439578
0.0023706405578062706	0.41492302226478744
0.001512189122454058	0.4149270389189617
0.0006537312142176408	0.4149292794892874
-0.000204729492297462	0.4149297439661739
-0.001063189322473569	0.41492843234763294
-0.00192164460169675	0.41492534463927894
-0.0027800916553727397	0.4149204808543287
-0.0036385268089423896	0.41491384101360157
-0.0044969463878974875	0.41490542514551915
-0.005355346717796492	0.4148952332861054
-0.006213724124280253	0.41488326547898624
-0.007072074933087836	0.41486952177538955
-0.007930395470071976	0.41485400223414487
-0.008788682061214984	0.41483670692168323
-0.009646931032644657	0.4148176359120367
-0.01050513871064973	0.41479678928683816
-0.011363301421695702	0.4147741671353211
-0.012221415492440539	0.414749769554319
-0.01307947724975042	0.41472359664826514
-0.013937483020715537	0.4146956485291917
-0.014795429132665551	0.41466592531673
-0.015653311913185485	0.41463442713810944
-0.017368872791647033	0.414566106429297
-0.0182265435461772	0.41452928419155016
-0.01908413628248591	0.41449068757253293
-0.0207990730171797	0.4144081718591293
-0.024227848772517654	0.41422185563518454
-0.02508479261669392	0.41417084339844235
-0.025941629086101058	0.414118058314726
-0.02765496523042299	0.4140071705177384
-0.0310801876772984	0.41376413120997274
-0.03193616985641547	0.4136989429487363
-0.03279201533363041	0.41363198386048267
-0.03450328152926203	0.4134927543569683
-0.03792401234821377	0.4131930585445648
-0.03872160527435864	0.4131190768131827
-0.03951905389354754	0.41304355547733523
-0.041113506323940244	0.41288789512378654
-0.04430054877431808	0.4125581119312695
-0.04509690406266234	0.41247182156598605
-0.045893091284706186	0.41238399400841597
-0.0474849496616672	0.41220372863139965
-0.0506665191058195	0.41182476635542364
-0.05146144681818978	0.4117261879372968
-0.05225618274500047	0.4116260751056968
-0.053845067395440815	0.41142124770018873
-0.05702040499934275	0.4109931967267957
-0.0633606909937636	0.410063601382508
-0.06415219514684736	0.409940520319522
-0.06494346021872753	0.40981591149785557
-0.06652526132429142	0.4095621124417325
-0.0696858648716608	0.4090362020397318
-0.07599441801999407	0.4079112437428049
-0.08855564785567663	0.4053697467434651
-0.08940372180569381	0.4051835496034973
-0.09025140426685103	0.40499557821025783
-0.09194557987669091	0.40461431596415204
-0.0953290700230285	0.4038305371694223
-0.10207577694569951	0.40217815716785443
-0.10291714264383522	0.4019636750902102
-0.10375805767935833	0.40174743285876335
-0.10543852103546628	0.4013096717297668
-0.10879387791054015	0.4004130698056522
-0.11548149022100228	0.39853576973508437
-0.11631520458805875	0.3982932431307838
-0.11714840962389365	0.3980489724450901
-0.1188132771100999	0.39755520311569087
-0.1221367397247506	0.39654678305517516
-0.12875776133887956	0.3944466671642692
-0.14188970904716894	0.3899154328934793
-0.1426904181519482	0.3896231241977583
-0.14349052507347115	0.3893291712113789
-0.1450889188628333	0.3887363373357497
-0.14827833184332617	0.3875309931447549
-0.15462690654026223	0.3850418861835536
-0.1671970642376271	0.37975238781648024
-0.1679768418613544	0.3794081113264253
-0.16875591058785575	0.37906223365519187
-0.1703119082008577	0.37836568061464326
-0.1734152521976851	0.3769534250371163
-0.17958660289473832	0.3740526519124376
-0.19178213838555538	0.3679488357615272
-0.1924867287815621	0.3675807307041175
-0.19319061264277632	0.36721127641823365
-0.1945962504288272	0.36646832559041276
-0.19739893407771558	0.3649662931929212
-0.2029693584807638	0.36189801582753506
-0.2139658703920002	0.3555071597723362
-0.2146465834329065	0.3550965763881425
-0.21532650859986258	0.354684689599358
-0.21668398533199168	0.3538570118602214
-0.21938937469255643	0.3521860823684103
-0.2247613418955618	0.3487822723868087
-0.23534562966350472	0.3417296723146647
-0.2360552229252065	0.34123989519358766
-0.2367637969165433	0.34074864462189935
-0.23817787485423944	0.3397617316177881
-0.24099366516048717	0.3377703179595783
-0.24657510413697104	0.33371762369081065
-0.2575320418279838	0.32533672060483615
-0.25820752325486496	0.32480087634824506
-0.2588818897592581	0.3242636296236058
-0.2602272663579323	0.32318493805540716
-0.2629045126872989	0.32101082777790146
-0.2682043321524096	0.31659622637782586
-0.2785801791437552	0.3075058017830442
-0.27917606866667927	0.30696491171763785
-0.2797709080019887	0.3064228669302316
-0.2809574271632007	0.30533532134987984
-0.2833177650442257	0.30314646353263724
-0.2879871431655538	0.2987141438120104
-0.297116796215204	0.28963484553625896
-0.29767798980521554	0.2890580369536983
-0.29823806360820704	0.2884801410101338
-0.29935484342994334	0.28732109573965103
-0.30157487321090165	0.28499005279101974
-0.3059603470913531	0.2802766496691053
-0.31450928008853	0.2706485674822503
-0.3150773835676335	0.2699869935870504
-0.31564409542109395	0.2693242272202762
-0.3167733342450899	0.2679951287864169
-0.31901500266485405	0.2653227514118282
-0.32343055023028355	0.25992193735761443
-0.33198615365258677	0.24890144259316907
-0.3325085145366302	0.24820318713232345
-0.3330294068056619	0.24750383541405688
-0.3340667763025328	0.2461018555656034
-0.33612379112278473	0.2432848770130322
-0.3401664174923346	0.23759954282874857
-0.3479620932408738	0.22602901585732105
-0.34842772870693733	0.22531056834983246
-0.34889188077566846	0.22459116160440587
-0.34981572682312756	0.223149482655028
-0.35164553162659307	0.22025474893643118
-0.3552331579575958	0.21442046970724005
-0.3621170907780792	0.20257824885317763
-0.36253430905489975	0.20183064460107655
-0.3629499838769874	0.2010821810745403
-0.3637766960847615	0.19958268894785108
-0.36541152161810986	0.19657353385117043
-0.36860638961557735	0.19051525890743987
-0.37469398245412533	0.17824464607574403
-0.37503639206312567	0.17752306602318785
-0.3753774120656585	0.17680082820193024
-0.3760552782022074	0.17535438996004635
-0.3773942799462961	0.17245373816132928
-0.3800050852241698	0.1666219359681403
-0.38495576408465926	0.15484118973966787
-0.3852531052828058	0.1540999001036502
-0.3855490190189299	0.15335803948779606
-0.3861365597246575	0.1518726163138227
-0.38729446370350007	0.14889503929486
-0.3895413234588783	0.14291358108978017
-0.39375741407545833	0.1308504230127197
-0.39402964078046115	0.1300283681679517
-0.39430015126799817	0.12920574697757586
-0.39483601888526326	0.12755881989433598
-0.39588710816984796	0.12425832739464479
-0.39790644909068407	0.11763159488012774
-0.39815107912752035	0.11680090980634808
-0.3983939749957428	0.11596971599987249
-0.3988745600021196	0.11430581667227233
-0.3998148739485102	0.11097207266486715
-0.4016118507716223	0.10428161708466054
-0.40182861139769366	0.10344322792817766
-0.40204362183745995	0.10260438821910643
-0.4024683884197459	0.10092537175959361
-0.40329687865435543	0.0975620930979534
-0.4048694878967102	0.09081537376598336
-0.4076757284654535	0.07724787869036558
-0.4078254760723606	0.07645335446108345
-0.40797367522277056	0.07565853994906935
-0.40826542590921494	0.07406805214913495
-0.4088303214398846	0.07088372601211254
-0.4098855710022938	0.06450234899694127
-0.4100104790796057	0.0637035429698527
-0.4101338304042686	0.06290449506928956
-0.4103758609281691	0.061305685784139724
-0.41084122073311874	0.05810529828269057
-0.41169703841498223	0.051694128315817864
-0.41179698556230254	0.050891816864800675
-0.4118953691738577	0.050089312184647454
-0.4120874443014154	0.04848373532564799
-0.4124528160891198	0.04527039697367751
-0.4125402448235727	0.04446662504515399
-0.4126261072002087	0.043662684283051964
-0.41279313158194864	0.042054308468546575
-0.413108370105912	0.03883566518596572
-0.413183259182819	0.038030628091881985
-0.4132565794604732	0.03722544660080343
-0.413398512510433	0.03561466265684634
-0.4136635411695109	0.03239149655542338
-0.4137258723912578	0.031585389915154055
-0.4137866327535251	0.03077916334956122
-0.41390343998279183	0.029166362687367685
-0.4141181943765473	0.02593945697789035
-0.41416699060661744	0.02514832467298198
-0.4142142754571848	0.024357100596727205
-0.41430431033511905	0.02277438867985194
-0.41434706003393046	0.02198290661486883
-0.41438829769612917	0.0211913443297928
-0.41446623631426843	0.019607990653930474
-0.4145029369857951	0.018816205041123458
-0.4145381250518824	0.01802435076416119
-0.41460396285962564	0.01644044777655899
-0.4146346123610261	0.01564840484590289
-0.4146637487764769	0.014856304811037927
-0.4147174819297531	0.013271944991014967
-0.4147420784714953	0.01247969098750787
-0.4147651615351222	0.011687391443072816
-0.4147867310363991	0.010895049248971642
-0.41480678689661454	0.010102667296622007
-0.41482532904258057	0.009310248477586661
-0.41484235740663306	0.008517795683562882
-0.41485787192663215	0.007725311806371936
-0.4148718725459622	0.006932799737948326
-0.4148843592135321	0.006140262370329809
-0.4148953318837754	0.005347702595646454
-0.41490479051665063	0.004555123306109735
-0.41491273507764137	0.0037625273940025228
-0.4149191655377562	0.0029699177516683472
-0.4149240818735292	0.002177297271500842
-0.4149274840670195	0.001384668845933191
-0.41492937210581193	0.0005920353674273882
-0.4149297459830166	-0.00020060027153576544
-0.41492860569726914	-0.000993235178467584
-0.4149259512527308	-0.0017858664608824228
-0.414921782659088	-0.0025784912263076775
-0.414916099931553	-0.0033711065822945273
-0.41490890309086303	-0.004163709636428488
-0.4149001921632809	-0.004956297496339967
-0.41488996718059457	-0.0057488672697150025
-0.4148782281801171	-0.006541416064305266
-0.4148649752046864	-0.007333940987938986
-0.4148502083026654	-0.008126439148531867
-0.4148339275279414	-0.008918907654097094
-0.4148161329399263	-0.009711343612756072
-0.4147968246035562	-0.010503744132748972
-0.41475366697311483	-0.012088427290354581
-0.4147298178365345	-0.012880704145136458
-0.4147044552665805	-0.013672933995611513
-0.4146491902022867	-0.015257241119792998
-0.41461928790962027	-0.01604931261204082
-0.41458787258692636	-0.016841325537085887
-0.4145205033155406	-0.018425164124927822
-0.4144845496126929	-0.019216984007975873
-0.414447083371505	-0.02000873376434442
-0.4143676138265158	-0.021592011340287067
-0.41419053066196865	-0.024757597863210867
-0.41413833409810163	-0.025615904677539027
-0.4140843589088459	-0.0264741014776652
-0.4139710735890482	-0.02819015029279653
-0.4137231701561251	-0.03162076561320997
-0.4136567515074856	-0.03247808914135725
-0.4135885563017397	-0.033335273183856255
-0.41344683739808596	-0.03504920808692088
-0.4131420943033617	-0.03847524212570804
-0.4130614718256824	-0.03933134672498015
-0.41297907534748113	-0.04018728240549692
-0.4128089618126225	-0.041898632306847844
-0.4124474628173393	-0.04531914338929148
-0.4116394666234548	-0.052150588299244155
-0.4115305068649789	-0.05300354951749182
-0.41141977968111026	-0.05385628309813382
-0.4111930249469711	-0.05556105269844372
-0.4107183278063632	-0.05896769917458549
-0.4096842995489357	-0.06576860227416675
-0.4095471222955124	-0.06661748240112535
-0.4094081861348602	-0.06746607642188257
-0.4091250394862113	-0.06916239156800219
-0.40853766606267056	-0.07255142831168446
-0.40727874250957485	-0.07931431296946999
-0.40712459201001444	-0.08010181597616205
-0.4069689188177162	-0.08088901939286179
-0.40665300668954174	-0.08246251568049048
-0.40600293612000554	-0.08560578370609251
-0.4046299477912684	-0.09187676361537263
-0.4044515072600895	-0.09265912052810259
-0.4042715540338167	-0.09344113088507883
-0.4039071121938281	-0.09500410023384248
-0.40316010616548964	-0.09812575165893388
-0.40159376306785766	-0.10435125206243111
-0.40139120334283107	-0.10512771385792458
-0.40118714236859887	-0.10590378246369307
-0.40077451973097555	-0.10745472849719317
-0.39993129342240896	-0.11055177467358294
-0.39817309516228533	-0.1167258353188586
-0.3943712189991204	-0.12898866604142942
-0.39409998879119257	-0.1298149959626449
-0.393827027168103	-0.13064075556247318
-0.39327591448089266	-0.1322905492891206
-0.3921529653989077	-0.13558313343053663
-0.3898244512234055	-0.14213947928133971
-0.3848392907719301	-0.15513044388564573
-0.3845132875942728	-0.1559367371899376
-0.3841855951190896	-0.1567423454111574
-0.3835251480422184	-0.1583514924501633
-0.3821840461598683	-0.16156141000520927
-0.3794213439062375	-0.1679469503455907
-0.37357670359513984	-0.18057458534630136
-0.3732043328249473	-0.18134293562939138
-0.3728303817597844	-0.1821105180346623
-0.37207774508505964	-0.183643366214021
-0.37055357831557895	-0.18669970524754376
-0.3674300347483455	-0.1927742304013408
-0.3608851055971859	-0.2047649259519501
-0.36046298369183205	-0.20550710870911895
-0.3600393354434269	-0.20624842126778847
-0.3591874670994956	-0.2077284232372844
-0.35746549365846725	-0.2106778469263153
-0.35394901024184144	-0.21653367518891933
-0.34662926677061756	-0.22806772187239407
-0.34619089315635176	-0.22873259461127765
-0.3457512442453432	-0.22939662474586814
-0.3448681270160983	-0.23072214742067546
-0.34308666057211307	-0.23336297409716758
-0.33946316880949806	-0.23860320903922025
-0.33197696453455056	-0.2489136986194721
-0.33149860778827067	-0.2495504104914234
-0.3310190298686351	-0.2501862030704877
-0.33005621758045833	-0.25145502098482897
-0.32811601695780274	-0.2539815224730857
-0.3241777132720149	-0.2589894680478859
-0.3160727695445658	-0.26882101609514725
-0.31551255743937057	-0.2694783116320635
-0.3149509784444693	-0.2701344397126569
-0.313823729523137	-0.27144318213981466
-0.31155293644790316	-0.27404653278720464
-0.30694672224351355	-0.27919606738985947
-0.2974802825797564	-0.2892615007536743
-0.29687756566644424	-0.28988005337719547
-0.2962735625954853	-0.2904973501582737
-0.29506170845303653	-0.291728165501336
-0.2926226817836441	-0.2941746087747
-0.287683948478602	-0.29900615399981434
-0.27756858370587306	-0.30841922067458016
-0.2769688105413611	-0.30895794589118963
-0.27636799178212884	-0.30949550474976656
-0.2751632265561313	-0.3105671152798036
-0.27274124903047786	-0.31269625104771326
-0.2678480190144758	-0.3168977327972238
-0.2578686174887767	-0.3250700085465077
-0.2572365295311112	-0.3255704258939829
-0.25660347047075516	-0.32606961416906655
-0.25533444860516313	-0.3270642959686932
-0.25278485704108417	-0.3290388280928533
-0.247640022794272	-0.33292815058575637
-0.23717211940604493	-0.3404645651436349
-0.2365232045722387	-0.3409156905172869
-0.23587343165470506	-0.3413655790811851
-0.23457132100081796	-0.34226163925560055
-0.231956906617672	-0.34403884637401083
-0.22668783772663398	-0.34753324814875325
-0.21599303737819603	-0.3542791867244544
-0.21531784818119756	-0.35468994713216556
-0.21464187783149113	-0.3550994207584277
-0.2132876034862045	-0.35591450172915295
-0.21056978905559015	-0.3575291572432714
-0.20509765032336946	-0.3606961161058329
-0.19401179480406958	-0.3667780770696406
-0.19325332467354445	-0.3671782766513036
-0.19249402903176624	-0.3675769077745733
-0.19097297419175568	-0.36836945784138325
-0.1879211013229676	-0.36993566200024913
-0.18177903402811896	-0.3729921140316556
-0.16934750804868615	-0.37879830498525174
-0.16856424722824834	-0.37914750282492116
-0.16778026635974375	-0.37949508107780927
-0.16621015787717294	-0.38018537289123167
-0.16306144789090832	-0.38154645661271736
-0.15673081004390718	-0.3841903011854676
-0.14394273566716792	-0.3891622067861311
-0.1431920255333559	-0.3894390557785061
-0.14244078293245538	-0.38971445662124055
-0.1409367115054976	-0.3902609097668069
-0.13792230209344683	-0.39133639356344513
-0.13186904539446315	-0.39341744903950643
-0.11966983237130648	-0.39729820734836324
-0.11890347827816743	-0.3975282344631045
-0.11813668203618216	-0.3977567833481682
-0.11660177451279362	-0.3982094430352792
-0.1135267792490891	-0.39909698662772214
-0.10735670871460852	-0.4008007877187448
-0.09494139496988037	-0.40392185613454096
-0.09409681084000585	-0.40411944339729533
-0.09325181551010105	-0.40431526467110995
-0.0915606060223926	-0.40470160583671005
-0.08817341523952835	-0.40545305916591295
-0.08138077591607881	-0.4068708685237819
-0.08053005666583636	-0.40704010160596804
-0.07967898550184276	-0.40720755593603214
-0.07797580231073634	-0.4075371254204905
-0.07456537670729807	-0.408174887687249
-0.06772912368624529	-0.4093647519592923
-0.06687322093687983	-0.40950544155545343
-0.06601702595369509	-0.40964434162603636
-0.06430377425330483	-0.40991677077033534
-0.06087392875819656	-0.4104401285687617
-0.06001579297097354	-0.4105664854028697
-0.05915739491666965	-0.4106910480746723
-0.05743982701263804	-0.41093478876186407
-0.054001709125940024	-0.41140071676344586
-0.0531415802969994	-0.411512705497093
-0.052281219241066025	-0.4116228959334833
-0.050559815488219396	-0.41183787999623933
-0.047114386753589026	-0.4122462478941838
-0.04021388782906213	-0.4129764854899988
-0.039407679930548216	-0.4130541963283887
-0.03860132187620972	-0.41313033329859583
-0.03698816759054308	-0.41327788448003544
-0.03376019237538007	-0.41355408806198124
-0.03295286929030697	-0.4136192001679027
-0.032145420644295826	-0.4136827362527966
-0.03053015897647177	-0.4138050793971372
-0.027298264312193673	-0.41403084318386385
-0.02649002291075778	-0.4140833406793699
-0.025681680573889105	-0.4141342603853252
-0.02406470541439294	-0.4142313656585147
-0.023256078752956336	-0.41427755085574686
-0.022447363478445285	-0.4143221575234255
-0.020829679416376416	-0.414406634596275
-0.02002071679271064	-0.41444650467956134
-0.019211677883731022	-0.4144847955895263
-0.017593383540892446	-0.41455663931190717
-0.016784134273250904	-0.41459019185057566
-0.01597482105270684	-0.4146221646684287
-0.014356015088107209	-0.41468137066040195
-0.013546528512218499	-0.41470860360892836
-0.012736990319737464	-0.41473425638545286
-0.011927403595262356	-0.41475832889223013
-0.011117771423576351	-0.41478082103753633
-0.010308096889636525	-0.4148017327356691
-0.009498383078561372	-0.41482106390694834
-0.008688633075618304	-0.41483881447771603
-0.00787884996621264	-0.41485498438033686
-0.007069036835876578	-0.41486957355319837
-0.00625919677025671	-0.41488258194071104
-0.005449332855101516	-0.41489400949330896
-0.004639448176250356	-0.4149038561674494
-0.0038295458196224434	-0.41491212192561333
-0.003019628871204346	-0.4149188067363057
-0.0022097004170374963	-0.4149239105740552
-0.001399763543207167	-0.41492743341941457
-0.0005898213358314492	-0.4149293752589607
0.00022012311895124314	-0.4149297360852945
0.00103006673499467	-0.41492851589704105
0.0018400064261557875	-0.41492571469884987
0.002649939106305769	-0.4149213325013942
0.0034598616893425026	-0.4149153693213717
0.004269771089203087	-0.41490782518150393
0.005079664219874852	-0.4148987001105366
0.0058895379954063826	-0.41488799414323896
0.0066993893299200115	-0.4148757073204043
0.007509215137624318	-0.4148618396888493
0.008319012332825141	-0.41484639130141404
0.009128777829936615	-0.41482936221696176
0.009938508543493645	-0.41481075250037885
0.0115578532787614	-0.4147687914604789
0.01235159100311509	-0.41474591323084953
0.013145283491034485	-0.4147215160368943
0.014732521130479534	-0.4146681651189775
0.015526060468909926	-0.4146392115904083
0.016319542944737885	-0.4146087394882969
0.017906325684612995	-0.4145432400154129
0.018699620137231275	-0.4145082128845252
0.019492846104410655	-0.41447166765986476
0.021079080962279177	-0.4143940234701573
0.02425060104608217	-0.4142205242270153
0.025043266287533106	-0.4141733564048409
0.025835839810592415	-0.41412467171527106
0.0274207000910057	-0.4140227524527109
0.030589192335303658	-0.4138007197362922
0.031381042573635456	-0.4137414222784459
0.03217277788212067	-0.4136806095351187
0.033755892111385376	-0.41355443908845196
0.0369206138566954	-0.41328392494076566
0.03771146349098396	-0.41321251174591483
0.038502175010909266	-0.4131395852026636
0.040083172124587105	-0.41298919314484533
0.0432433815951895	-0.412670260971411
0.04403304525904123	-0.41258674877801743
0.044822547656385506	-0.41250172552801606
0.04640105708626699	-0.41232714710927854
0.04955601356406925	-0.4119598716642647
0.050344306169068896	-0.41186428004666137
0.05113241439321561	-0.41176718001841783
0.05270806615417603	-0.4115684561580086
0.05585703015232936	-0.4111529235267109
0.062144954471481065	-0.4102496056984542
0.06299642895646294	-0.4101197194487641
0.06384763198515651	-0.40998806596276394
0.06554920900327761	-0.4097194595586647
0.0689489442569101	-0.4091610653860618
0.0757339196809374	-0.4079596888808512
0.07658061141029913	-0.4078015991852219
0.07742697314812215	-0.40764175224223487
0.07911869206244898	-0.4073167893769259
0.08249800962028173	-0.40664580749184115
0.08923934871134619	-0.4052197835540293
0.09008032376548873	-0.40503366478887204
0.09092091065683008	-0.4048458007035918
0.09260090546419365	-0.4044648398182604
0.09595607786463797	-0.4036820103284703
0.10264634477745781	-0.4020329118938235
0.11594011966774752	-0.39840258908976484
0.11671176210531385	-0.3981772205039764
0.11748296646852549	-0.3979503573710607
0.11902404939476509	-0.39749215087555145
0.12210083109995348	-0.3965578411615388
0.12823221177735092	-0.3946178331052567
0.14040109680785676	-0.3904539234751656
0.14115729369660218	-0.39018117942598257
0.14191296075537038	-0.38990697084259
0.14342269403947197	-0.3893541641956069
0.14643567798198343	-0.388231022145264
0.15243508274553766	-0.38591486093484495
0.16432260718936528	-0.381005006671158
0.1651221569330772	-0.3806591751577359
0.1659209788487594	-0.38031166576883907
0.16751642511501935	-0.37961161949903977
0.1706984290014067	-0.37819146034575046
0.17702609786639273	-0.3752712286016582
0.18952985086093352	-0.3691140338359298
0.19030438020602966	-0.3687153064579752
0.1910780707244979	-0.3683149538509174
0.19262292164412245	-0.36750938001537037
0.19570240776086198	-0.3658788077199894
0.20181975824949153	-0.3625403695067853
0.2138819533895249	-0.35555765264761313
0.21461437947259546	-0.3551160408452319
0.2153458937433139	-0.35467292029402664
0.21680617441991054	-0.3537821604821291
0.21971565753768876	-0.35198261913733847
0.22548961993471933	-0.3483118798486429
0.23685205627300127	-0.34068730205461234
0.23755378258484824	-0.3401983755423154
0.23825449962381265	-0.3397080036605059
0.23965289397910797	-0.33872293212807136
0.2424374407127961	-0.3367355367088973
0.24795690523859423	-0.3326922113402994
0.258792089803694	-0.3243353027301166
0.2594152340246568	-0.32383710519014364
0.2600374191738001	-0.32333771040729076
0.26127890305917556	-0.3223353365025212
0.26375026099563836	-0.3203163033108559
0.2686460270856667	-0.31622151488013406
0.27824572551357984	-0.3078084641062055
0.2788370564433386	-0.3072728922245079
0.27942735649777467	-0.30673618433870037
0.2806048552550148	-0.3056593684958991
0.2829473864976601	-0.30349219234791425
0.287582100209633	-0.29910411227700673
0.2966463154980128	-0.2901166969401332
0.2972505243284742	-0.28949759952104404
0.29785344111254564	-0.28887724375487756
0.2990553880644523	-0.2876327679726694
0.3014436624796429	-0.28512883525322164
0.30615715393308607	-0.28006165649298054
0.31532734915522975	-0.26969500777125155
0.31588894096338654	-0.26903700734105285
0.316449159710329	-0.2683778374989752
0.31756546828623256	-0.267056001044997
0.3197815019611479	-0.2643984216017031
0.3241466980229406	-0.2590282851404923
0.3326053877609964	-0.24807335684098936
0.3330876126902133	-0.24742549709828632
0.3335685756987163	-0.2467766999704985
0.33452670866974843	-0.24547630339522566
0.3364277517095985	-0.24286437001261507
0.3401685444797552	-0.23759649763522278
0.3474018084718691	-0.2268892192513219
0.34784277214066434	-0.22621259958609186
0.34828241798801374	-0.22553512290200417
0.3491577495608834	-0.22417760874712495
0.35089252589716446	-0.22145240936035757
0.35429816497592154	-0.21596190552200242
0.36085092596067636	-0.20482515366849383
0.3612411072608054	-0.20413622110489582
0.36162997326014823	-0.20344654526893324
0.3624037536977315	-0.20206497382721622
0.36393546898604007	-0.19929302234626955
0.36693520652081263	-0.1937144510807808
0.3726774890066399	-0.18242319898989126
0.373024902363485	-0.18171174028860135
0.37337095751403143	-0.18099961996384126
0.37405898816114613	-0.17957340481780462
0.3754186958713447	-0.1767131492907599
0.37807242138456376	-0.17096192128778998
0.3831149753649805	-0.15934130033701252
0.3834440302311343	-0.15854781620099515
0.38377144168389044	-0.15775365254049717
0.3844213287432108	-0.15616330026387096
0.385701320630211	-0.15297459137422384
0.388181870645174	-0.14656592252093603
0.3928228925378179	-0.13362974758721058
0.3930986973322928	-0.13281622076257882
0.39337281733416457	-0.13200212469722458
0.3939159982678898	-0.13037223880340273
0.3949820914147431	-0.1271057898116177
0.39703294938906486	-0.12054696778193925
0.4008074223557679	-0.10733193619107369
0.4010140187747725	-0.1065574543995212
0.401219118660997	-0.10578257494924394
0.4016248257790682	-0.1042316346409894
0.40241824831850465	-0.1011251094549021
0.4039329626805282	-0.09489413049356979
0.4041155258604784	-0.09411363397780706
0.4042965809332229	-0.0933327862420574
0.4046541640600279	-0.09177004876799214
0.40535120367488914	-0.08864048748353191
0.40667263257586445	-0.08236567401421281
0.4068309881171962	-0.08157990836955734
0.40698782541756606	-0.08079383827916808
0.4072969429599013	-0.07922079649636506
0.4078969337798566	-0.0760711887312858
0.4090238148807708	-0.06975853497874367
0.40915781150907377	-0.06896825083402437
0.409290281213009	-0.06817770930865635
0.4095506378760364	-0.06659586591772262
0.4100530067398518	-0.0634292204398471
0.41098426354996365	-0.057084756777038274
0.41110640989821884	-0.05619834590623906
0.4112266444377486	-0.055311673690723935
0.4114613758629711	-0.05353756172025842
0.411907873002607	-0.049986383150492274
0.4120147097233799	-0.04909799704222801
0.4121196304114711	-0.048209382608700425
0.41232372174682885	-0.04643148529654506
0.412708891154017	-0.0428731326639585
0.41280038645074957	-0.04198303571814965
0.41288996206109047	-0.04109274353448456
0.4130633525652768	-0.039311590015330376
0.41338707960657145	-0.03574712235061464
0.4134632062485934	-0.03485557947635851
0.4135374101218473	-0.03396387450975958
0.41368004819068355	-0.03217999488740385
0.41394223651900836	-0.028610473041195364
0.4140029718496416	-0.027717749577923955
0.41406178190138143	-0.02682489721606482
0.4141736250831749	-0.0250388224056429
0.414226657693113	-0.02414560826304014
0.41427776398392946	-0.023252281833731084
0.41437419666649783	-0.021465308732794747
0.41441952260979936	-0.0205716703713049
0.4144629213370804	-0.019677936343344974
0.41454393634525866	-0.01789019791332026
0.4145815522494038	-0.016996201824951988
0.414617240184026	-0.01610212669746838
0.4146828314898157	-0.014313755956726359
0.41471273455595753	-0.013419468660104962
0.41474070904252636	-0.012525118957603958
0.4147667548194297	-0.011630711008305691
0.4147908717655443	-0.010736248971563757
0.4148130597687168	-0.00984173700698327
0.41483331872576407	-0.00894717927440116
0.4148516485424739	-0.00805257993386794
0.41486804913360537	-0.007157943145627616
0.41488252042288915	-0.006263273070097594
0.414895062343028	-0.005368573867850091
0.41490567483569696	-0.004473849699593507
0.41491435785154374	-0.0035791047261523406
0.4149211113501888	-0.0026843431084471125
0.41492593530022576	-0.00178956900747574
0.41492882967922123	-0.0008947865842949329
0.4149297944737153	-1.0162848893462091e-16