0.6859221659341663	0.
0.6859208923579179	0.0013217967830704504
0.6859170716339017	0.0026435886576860585
0.685910703776306	0.00396537071541021
0.6859017888087776	0.0052871380478427465
0.6858903267644222	0.006608885746638188
0.6858763176858036	0.007930608903523966
0.6858597616249441	0.009252302610318648
0.6858406586433241	0.010573961958950164
0.6858190088118822	0.011895582041474029
0.6857948122110142	0.013217157950091573
0.6857680689305737	0.014538684777168168
0.685738779069871	0.015860157615251443
0.6857069427376732	0.01718157155708952
0.6856725600522036	0.018502921695649224
0.6855961561416206	0.021145410936003705
0.6855541352002312	0.022466540224989687
0.6855095684730164	0.023787586085116125
0.685412798332553	0.02642940789645319
0.6853605952786574	0.02775017403733349
0.6853058471576416	0.029070837128730032
0.6851887165369215	0.03171183454649312
0.6851263344721786	0.033032159065590705
0.6850614082102361	0.034352360920703026
0.684923924068607	0.03699237702931715
0.6846184366603252	0.04227072160006723
0.6845357082977973	0.04358992756418554
0.6844504379313436	0.0449089716583449
0.6842722724626931	0.047546554644474825
0.6838854520431499	0.052819562697494465
0.6837823970438572	0.05413733658737567
0.6836768028380386	0.055454909439793865
0.6834579983847354	0.05808943246192828
0.6829899368847243	0.06335585082704065
0.6828665797404655	0.06467187946377018
0.6827406867905423	0.06598766794331067
0.682481295353117	0.06861850488716181
0.6819321040109874	0.07387708196027916
0.6807122048239086	0.08438075564719222
0.6805344371762797	0.08580266625800281
0.6803536993636821	0.08722420238655415
0.6799833164118314	0.09006612638159317
0.6792069441048142	0.09574520771097557
0.6775119679773465	0.1070829163185291
0.6772867795997882	0.10849809168444385
0.677058635231531	0.10991279351483488
0.6765934825187241	0.11274075187350438
0.6756277498805522	0.11839071463235623
0.673554816112357	0.12966544416947393
0.6732824585848752	0.13107230325939848
0.6730071625433913	0.13247859028956782
0.6724477597373105	0.1352894236224336
0.6712937456825601	0.14090395568363703
0.668845170151106	0.15210311004498248
0.6633882917006617	0.17437084662952038
0.6630468869575676	0.1756645764395787
0.662702959204738	0.17695763781510357
0.6620075399142897	0.1795417355838137
0.6605864834422249	0.1847016935852325
0.6576238049595828	0.19498756080914126
0.6512187622833921	0.21541434810593452
0.6507973177526968	0.21668426090907802
0.650373396824026	0.2179533491905918
0.649518132234549	0.22048903287547186
0.6477779578865958	0.22555029371758703
0.6441794024792467	0.23563131188638478
0.6365125822084592	0.2556187598947649
0.6360225677228409	0.2568355720437927
0.6355302270770271	0.2580514448540064
0.6345385745159718	0.2604803546739303
0.6325274352699457	0.26532670681754333
0.628394235029868	0.274972549722777
0.6196875788429649	0.29406890748183856
0.6191240622814712	0.29525347283970593
0.618558281363612	0.2964369583508652
0.6174199347441177	0.2988006725233185
0.6151161608301836	0.30351495252351846
0.6104007649069143	0.3128899549695897
0.6005424876304051	0.33141807173191795
0.5998536646322477	0.33266319115147225
0.5991622601011888	0.33390687892023646
0.5977717183535906	0.33638993810221735
0.5949597881297534	0.34133864156936145
0.5892132221496115	0.3511651983951294
0.5772348664271388	0.3705254737540474
0.5764649648096335	0.3717221570835481
0.5756925823149396	0.3729172406679189
0.5741403880007631	0.3753025880355094
0.5710063758169871	0.38005385999377467
0.5646206160830419	0.38947757010362505
0.5513843672528738	0.4080006093977877
0.5505934164564482	0.4090673630034963
0.5498004018336428	0.41013258327446145
0.5482081930066569	0.41225840784657625
0.5449991407435077	0.41649148167598365
0.5384831739603041	0.424882441484059
0.5250653030424425	0.4413565964849354
0.5242098220745715	0.4423723320466191
0.5233523761757239	0.443386409434301
0.5216316024485412	0.4454095744893513
0.5181666177314245	0.4494358396796964
0.5111436290216833	0.45740726735630455
0.49673150982232384	0.4730190533894514
0.49573794641335467	0.47406023478634846
0.4947422006253735	0.475099329235667
0.4927441794561839	0.47717123900322206
0.4887221420874147	0.48128981451232367
0.4805750819539616	0.48942497721791955
0.4638771040371733	0.5052793782353516
0.4628159255966261	0.5062515547965816
0.46175270970913784	0.507221502694914
0.45962018432459806	0.5091546954327736
0.45533089073606264	0.5129941497340118
0.4466563926754182	0.5205643904475226
0.42893235352958475	0.5352627894925905
0.42782885774889856	0.5361452099917434
0.42672354661478157	0.537025355532046
0.42450749705405966	0.5387788068073164
0.42005382056642565	0.5422582461773792
0.41106121893960895	0.5491064486997953
0.392743608032986	0.562353693034064
0.3915843845818385	0.5631615109997139
0.3904234995689632	0.563966939371575
0.38809676456842	0.5655706136737856
0.3834235730333677	0.5687491374605713
0.37399941657966573	0.5749901339309116
0.35484900368231465	0.5870020462532364
0.35372045157118404	0.5876827884667848
0.3525905935289302	0.588361360963426
0.35032697634154053	0.589711986792885
0.34578425465693025	0.5923870921544199
0.33663780284453243	0.5976321673201868
0.3181084542409953	0.6076974815319072
0.31694020463872963	0.6083075902891383
0.315770784897515	0.6089154531829729
0.3134284522724696	0.6101244324118665
0.3087299356116783	0.6125153423197063
0.2992784694845088	0.6171884764177211
0.28016564431140695	0.6260961822814385
0.27886053661670673	0.6266785610164595
0.27755421834254684	0.6272582192367637
0.27493797274484844	0.6284093640794757
0.2696912044664818	0.6306788976596858
0.259141836800911	0.6350863926579344
0.237830061657727	0.6433708724302801
0.2364890532615491	0.643865005577469
0.23514701822749048	0.6443563436007581
0.2324598915541419	0.6453306257558636
0.22707357519214214	0.6472455555423123
0.21625400128494404	0.6509404155896832
0.19443763176880488	0.6577866105903621
0.19315780174732522	0.6581635673173949
0.19187724092754774	0.6585380339311085
0.1893139462754746	0.6592794911609375
0.18417880075067286	0.6607324625548997
0.1738753736961252	0.6635183284144085
0.17258443379543423	0.6638552786047026
0.17129284093426544	0.6641897171475079
0.16870771587953243	0.6648510542388641
0.16352984542001747	0.6661435336147332
0.15314472093136164	0.6686074425032026
0.1518439213999702	0.6689040598274895
0.15054254737830003	0.669198146402596
0.14793809556088974	0.669778722864227
0.14272251482677792	0.6709094584825424
0.13226575068162394	0.6730490241553319
0.13095635131689087	0.6733050213458868
0.12964645648846013	0.6735584711365479
0.1270252002659239	0.6740577246921957
0.12177696043895019	0.6750256214589698
0.11125868379642925	0.6768387717911143
0.10996785992182927	0.677049693526281
0.10867663620047761	0.6772581534865173
0.10609300799868351	0.6776676850592842
0.10092116010638595	0.6784571741551557
0.0996272689951295	0.6786483809694016
0.09833301563584955	0.6788371201958374
0.09574344099831064	0.6792071931492046
0.09056015189479703	0.6799176984081303
0.08926349463749399	0.6800891458073126
0.08796651281519169	0.6802581203800163
0.08537159434022651	0.6805886485973931
0.08017807018547883	0.6812200046836194
0.06977733090608525	0.6823637899327899
0.06847604713305322	0.6824956034208938
0.06717451437886386	0.6826249353325601
0.0645707208575652	0.6828761525545847
0.05936035432591814	0.6833487879949152
0.05805721125980111	0.6834607362098812
0.056753857095756456	0.6835701993391553
0.054146534430789046	0.6837816687576184
0.04892956449272619	0.6841747696593102
0.047624865377079786	0.684266826550603
0.04631999309585816	0.6843563954252329
0.043709748015535545	0.6845280678308497
0.04240438470737143	0.6846101707376303
0.04109886721547131	0.684689784379337
0.03848738866862458	0.6848415427186703
0.03718143710909975	0.6849136868644984
0.035875350356647843	0.684983340641658
0.033262790269334916	0.6851151760859748
0.03195632643382821	0.6851773572737737
0.030649746404068656	0.6852370471341901
0.02803625676526791	0.6853489520137971
0.02661825829360914	0.6854054902356945
0.025200145883223314	0.6854590945981257
0.02378192560430186	0.6855097648716388
0.02236360352749775	0.6855575008393409
0.02094518572390003	0.6856023022968997
0.01952667826500748	0.6856441690525434
0.016689418669224843	0.6857190977538116
0.015270678677146899	0.6857521593787054
0.013851873319346286	0.6857822856602253
0.012433008668980554	0.6858094764694164
0.011014090799460904	0.6858337316898895
0.009595125784426645	0.6858550512178204
0.00817611969771889	0.6858734349619517
0.006757078613354254	0.6858888828435922
0.00533800860549931	0.6859013947966177
0.0039189157484444395	0.6859109707674711
0.0024998061165778258	0.6859176107151628
0.00108068578435946	0.6859213146112705
-0.00033843917370501847	0.6859220824399399
-0.0017575626830898651	0.6859199141978843
-0.0031766786692755352	0.6859148098943849
-0.004595781057774992	0.6859067695512904
-0.006014863774159254	0.6858957932030173
-0.007433920744083536	0.6858818808965496
-0.008852945893313273	0.6858650326914385
-0.010271933147750099	0.6858452486598023
-0.011690876433458008	0.6858225288863261
-0.013109769676688903	0.6857968734682611
-0.014528606803908885	0.6857682825154248
-0.015947381741824564	0.6857367561501997
-0.017366088417408602	0.6857022945075338
-0.018784720757925852	0.6856648977349393
-0.020203272690959357	0.6856245659924918
-0.021621738144436343	0.6855812994528303
-0.023040111046654353	0.6855350983011562
-0.02445838532630681	0.685485962735232
-0.025876554912509266	0.6854338929653814
-0.028712555723294154	0.6853209517179922
-0.030130374808452643	0.6852600807238958
-0.03154806492136534	0.6851962764927545
-0.034383033957496444	0.6850598694243414
-0.0400511573941058	0.6847518693009976
-0.041467774820740294	0.6846675407606485
-0.04288421474569815	0.6845802815196058
-0.04571653783924028	0.684396972442026
-0.05137878728687771	0.6839952031533173
-0.05279381498101025	0.6838874401680213
-0.05420861669266081	0.6837767498212309
-0.05703751794542905	0.6835465889509236
-0.06269234226429769	0.6830511605591738
-0.06401084644192362	0.6829288610518716
-0.0653291120651215	0.6828040164180355
-0.06796490799759035	0.6825466936413194
-0.07323342110415103	0.6820015276765882
-0.07454987933759039	0.6818588807154811
-0.07586605973993076	0.6817136926154228
-0.07849756743190181	0.6814156951722583
-0.08375703308914843	0.6807892310604813
-0.08507113139081825	0.6806262706682017
-0.08638491265098326	0.6804607737306391
-0.08901150446329677	0.6801221726961991
-0.09426066823955241	0.6794145598549174
-0.10474182134028666	0.677877841931817
-0.10605026014188614	0.6776743761155916
-0.10735830371735533	0.6774683847551486
-0.10997318569222439	0.6770488284817584
-0.11519799253845377	0.6761794438127563
-0.12562668793957343	0.6743197705815476
-0.14639170913217436	0.6701184113402489
-0.1477936636999488	0.6698106080751218
-0.14919497109586347	0.6694998717845452
-0.15199561983030332	0.6688696055825978
-0.1575888814386591	0.6675739376029671
-0.1687418906632466	0.6648423813620872
-0.1701327557919847	0.6644878201490549
-0.17152287592848686	0.664130349218464
-0.17430085687935246	0.6634066844786397
-0.17984761126017956	0.6619245081154084
-0.1909029309359778	0.6588211355746499
-0.19228114761754228	0.6584202138381681
-0.19365852232154981	0.658016408953494
-0.19641072167513055	0.6572001568250516
-0.20190475152163476	0.6555331334362932
-0.2128499898408559	0.6520614231378556
-0.23455846711814785	0.6445708209522075
-0.2358821226636119	0.644087604233715
-0.23720478273743484	0.6436016693315084
-0.23984709414677963	0.6426216531904009
-0.24511952598651537	0.6406290937039654
-0.2556143811757903	0.6365143406522243
-0.2763941610536046	0.6277702489408781
-0.2776832146808391	0.6272011240458143
-0.2789710964271263	0.6266293522314966
-0.28154332254131126	0.6254778775082435
-0.2866734733868117	0.6231432719496849
-0.2968753588460884	0.6183479918539594
-0.31703584919891636	0.6082577480332988
-0.31820061050784654	0.6076492320346103
-0.3193642038411779	0.6070384856207295
-0.3216878695011719	0.605810310522704
-0.32632099747722415	0.6033272945303298
-0.3355294891849784	0.5982551124788533
-0.3537078686803413	0.5876903618006922
-0.35483315823442185	0.5870116247036372
-0.3559571453508043	0.5863307329430416
-0.35820119577260695	0.5849624954361541
-0.3626734861566887	0.58220027495594
-0.37155390744310507	0.5765734225435462
-0.3890508374957331	0.5649147400835693
-0.3902238690627145	0.564105087491279
-0.3913952156696238	0.5632929991316656
-0.39373283377934404	0.5616615291471416
-0.3983876284250928	0.5583695149608798
-0.40761432836992334	0.5516699892393588
-0.4257272875575318	0.5378154835524213
-0.426843928708747	0.5369296771871528
-0.4279587267769684	0.536041552396131
-0.4301827744179199	0.5342583628862716
-0.4346085414402848	0.5306643321601389
-0.4433696950016473	0.5233665362573005
-0.4605220507410859	0.5083391176183893
-0.461507118185423	0.5074449700056194
-0.4624904495602542	0.5065489135171173
-0.4644518893117987	0.5047510874030077
-0.4683537736624817	0.5011326774577076
-0.47607274202099487	0.49380559132560375
-0.4911650093815163	0.47879656565087536
-0.4920927208351065	0.4778430409882725
-0.49301858116412484	0.4768877188046798
-0.4948647345240409	0.4749716962559648
-0.49853467497197784	0.47111823947964737
-0.5057843200511951	0.46332649320988356
-0.5199165966819617	0.44741027057328986
-0.5208557309018979	0.4463166200204377
-0.521792564619706	0.4452209981878752
-0.5236593140079844	0.44302386004876226
-0.5273650253795698	0.4386061419157554
-0.534664385392283	0.42967803377984115
-0.5488076889305198	0.4114600081302674
-0.54967120587665	0.4103057191289532
-0.5505322950492069	0.409149617899945
-0.5522471748713952	0.40683199919178015
-0.5556476346109892	0.40217524025110074
-0.5623305170465138	0.39277679070690824
-0.5752175809922127	0.3736495045323696
-0.5759873249143698	0.37246183597491733
-0.5767546166262381	0.3712725816972472
-0.5782818303628814	0.368889336240523
-0.581306688280404	0.3641040399120658
-0.5872374082631545	0.3544593686957523
-0.5986172661891449	0.33488294423582166
-0.5993069714547479	0.33364707654279857
-0.5999941252289238	0.33240978837963925
-0.6013607666119073	0.32993097171947516
-0.6040633034884917	0.32495652493585725
-0.609344753039436	0.31494156547386176
-0.6194081780350751	0.29465696445712386
-0.6199742167813167	0.29346411747641477
-0.6205379583633375	0.29227018313553443
-0.6216585416880053	0.2898790700726091
-0.6238720510303745	0.28508399054133465
-0.6281879840746692	0.27544341412352036
-0.6363719718529836	0.25596861362238055
-0.6368635078221295	0.25474318464742174
-0.6373526840478796	0.2535168117833247
-0.6383239500278469	0.25106125256730616
-0.6402380859026131	0.2461390076350684
-0.6439523790926553	0.2362510342426613
-0.6509220159951277	0.21630937754211382
-0.6513720350913883	0.21495043526525195
-0.6518192171014309	0.21359055676011446
-0.6527050620843264	0.21086801476116163
-0.6544426221445457	0.20541195690706346
-0.6577808030046024	0.19445727787470046
-0.6581852019341421	0.19308406893042876
-0.6585867341023465	0.19171001899802528
-0.6593811911716624	0.18895942011145578
-0.6609356280604002	0.1834483940519033
-0.6639062179073066	0.17238837415508587
-0.6642645457982036	0.17100242955971195
-0.6646199804488534	0.16961574015398367
-0.66532216384956	0.16684015107388664
-0.666691744496087	0.16128030115479736
-0.6692914313637227	0.15012727141634613
-0.6739304392987546	0.12769878897783468
-0.6741779876894491	0.12638535767573306
-0.6744229763202795	0.12507144650604202
-0.67490527059132	0.122442204520644
-0.6758391017383817	0.11717818176296867
-0.6775835391711451	0.10662910092523174
-0.677790025232338	0.1053085913653993
-0.6779939378192636	0.10398768196352182
-0.6783940394831766	0.10134468369636532
-0.679163327708802	0.09605410983047317
-0.6805780834718416	0.08545577814058539
-0.6807433065160335	0.08412947374990284
-0.6809059448727608	0.08280284993133327
-0.6812234650635766	0.08014866415974861
-0.6818274626827673	0.0748366811890908
-0.6819719914866746	0.07350796247697898
-0.6821139309379718	0.0721789646653776
-0.6823900396368715	0.06952015192882548
-0.6829111617496306	0.06419939935535086
-0.6830349611935871	0.0628685891927988
-0.6831561672489855	0.06153754032697508
-0.6833907973631465	0.05887474670162838
-0.6838289173398039	0.05354651743754821
-0.6839319573412581	0.052213939203756235
-0.6840324005483848	0.05088116272091407
-0.6842254950640414	0.048215035250277774
-0.6845805064439676	0.042880624024596956
-0.6846611716944868	0.04157279992676005
-0.6847393384772752	0.040264824121329396
-0.6848881755077917	0.03764843648050003
-0.6849588452123834	0.03634003419283145
-0.6850270153629731	0.03503149929299421
-0.6851558560162017	0.03241405075771891
-0.6852165260486748	0.031105146673882374
-0.6852746955868163	0.029796129081045713
-0.6853835323401395	0.02717777247625261
-0.685434199158154	0.025868443019211432
-0.6854823646875031	0.0245590191629655
-0.6855711911862713	0.021939907366600977
-0.6856118518315443	0.020630228984153495
-0.6856500105398613	0.01932047531780893
-0.6856856671719737	0.01801065114712423
-0.6857188215977629	0.016700761251913932
-0.6857494736962418	0.015390810412232423
-0.6857776233555548	0.014080803408356482
-0.685803270472978	0.012770745020767844
-0.6858264149549196	0.011460640030135449
-0.6858470567169211	0.010150493217298917
-0.6858651956836562	0.00884030936325047
-0.6858808317889322	0.007530093249116909
-0.6858939649756899	0.006219849656143051
-0.6859045951960036	0.004909583365673995
-0.6859127224110814	0.003599299159137666
-0.6859183465912653	0.0022890018180273686
-0.6859214677160317	0.0009786961238840341
-0.6859220857739909	-0.00033161314172031693
-0.6859202007628877	-0.001641921197200629
-0.6859158126896007	-0.0029522232609768733
-0.6859089215701428	-0.004262514551490579
-0.6858995274296613	-0.005572790287222592
-0.6858876303024372	-0.006883045686710519
-0.6858732302318854	-0.008193275968566179
-0.6858563272705549	-0.009503476351493354
-0.6858369214801281	-0.010813642054304325
-0.6858150129314204	-0.012123768295937927
-0.6857906017043809	-0.013433850295477601
-0.6857636878880907	-0.014743883272167942
-0.6857342715807642	-0.016053862445432436
-0.6857023528897471	-0.0173637830348909
-0.6856310088316843	-0.019983429341955725
-0.6855915837249874	-0.02129314549994042
-0.6855496567552971	-0.022602783954910357
-0.6854582978480656	-0.025221808639560556
-0.6854088662439116	-0.02653118531188759
-0.6853569334435373	-0.027840465166528588
-0.6852455650213083	-0.030458715311810634
-0.6851861298058595	-0.031767676047924895
-0.6851241942070009	-0.033076520857334125
-0.6849928227722407	-0.03569384359151627
-0.6847000858577207	-0.040926887815322784
-0.6846137995012844	-0.042345758373574106
-0.6845245728918337	-0.043764447066891365
-0.6843373004593424	-0.04660125448781088
-0.6839274902651412	-0.05227241891708395
-0.6838176933213208	-0.053689664000867277
-0.683704959543572	-0.05510667850034635
-0.683470683435559	-0.05793999140445192
-0.6829669113604494	-0.0636035824980482
-0.6828336340078726	-0.0650188125654473
-0.6826974240476674	-0.06643376339255061
-0.6824162086569218	-0.06926280301959097
-0.6818186131669614	-0.07491726409112577
-0.6804829113042432	-0.08621035403430051
-0.6803027894751318	-0.08762038776547752
-0.6801197459077656	-0.0890300451879835
-0.6797448967153286	-0.0918482068920531
-0.6789601729013601	-0.09747974832534774
-0.6772508164959677	-0.10872234947499518
-0.6770240482088064	-0.1101256367372185
-0.6767943722648024	-0.11152845103609249
-0.6763263013643636	-0.11433263664683926
-0.6753553119192738	-0.11993506735829368
-0.6732741801669005	-0.13111482006396508
-0.6730193533360811	-0.13241664455385263
-0.6727620093355748	-0.13371797379028003
-0.6722397736848977	-0.1363191270361408
-0.6711651393274592	-0.1415152764593636
-0.6688954466209034	-0.15188185938300935
-0.668600465837969	-0.1531751768436028
-0.6683029844124946	-0.15446792141144092
-0.6677005240937336	-0.15705167253095856
-0.6664656453268962	-0.16221208746213026
-0.6638763170491173	-0.17250348802594626
-0.6635414647266963	-0.17378706024376092
-0.6632041306829803	-0.1750699824780088
-0.6625220224876144	-0.17763385780514632
-0.6611280815760482	-0.18275359769753421
-0.6582215967326175	-0.1929599629834685
-0.6519366994628054	-0.21323169936330238
-0.6514883276799965	-0.2145977087867887
-0.6510370936875957	-0.215962775409622
-0.6501260470162795	-0.2186900562686934
-0.6482696952266331	-0.22413304078289326
-0.6444204187756742	-0.23497136332924207
-0.6361794293361416	-0.25644678085201084
-0.6356405121296688	-0.25777966766087346
-0.6350988023384423	-0.25911142195606535
-0.6340070145336475	-0.2617715096070412
-0.631790033443999	-0.26707783764410076
-0.6272229988784404	-0.2776338008920277
-0.6175611997146104	-0.298508596738635
-0.6169456320484105	-0.2997787597816185
-0.6163274519900339	-0.30104765344259116
-0.6150832651782782	-0.30358161113190957
-0.6125636587636724	-0.30863405787741766
-0.6074001159244699	-0.318675880629141
-0.5965806663717012	-0.33849774922636483
-0.5958828548974111	-0.3397246546236067
-0.595182520219086	-0.34095012149209647
-0.5937742931229787	-0.34339671889248585
-0.5909276916783911	-0.34827242343812737
-0.5851145783427656	-0.3579527174510421
-0.573014280020654	-0.3770196979101086
-0.5722896027788884	-0.37811880179515023
-0.5715628173387827	-0.37921651276753676
-0.5701029325806256	-0.3814077398045151
-0.5671579830058492	-0.38577330134750754
-0.5611679737291957	-0.394435955486422
-0.5487924983613431	-0.41148026861823306
-0.5480017248380445	-0.41253281965723176
-0.5472089325880016	-0.41358385100934236
-0.5456173035970494	-0.4156813391713696
-0.5424099498924866	-0.41985790927103916
-0.5358995237186119	-0.4281365648925385
-0.5225012075929703	-0.4443891377877118
-0.5215751186360047	-0.4454757157687225
-0.5206467700679912	-0.4465603638228389
-0.5187833101960677	-0.4487238513627603
-0.5150294527356069	-0.4530274611264524
-0.5074149009104263	-0.46154017815774206
-0.4917658901998667	-0.4781793878407461
-0.49076953636813336	-0.4792019197507721
-0.48977105638385426	-0.48022237562244163
-0.48776773526964246	-0.48225704157611005
-0.48373577015621205	-0.48630126710835775
-0.47557152962520277	-0.4942883145794192
-0.4588497781228196	-0.5098490941802851
-0.4578582906144495	-0.510739663072521
-0.45686507462910636	-0.5116283038534509
-0.45487347223211155	-0.5133997876697267
-0.45086969112898007	-0.5169194708473227
-0.44278067227400164	-0.52386495777099
-0.42628368217977053	-0.5373745807414735
-0.42523877495267504	-0.5382018227361983
-0.42419226239169	-0.5390270329462499
-0.42209443707700345	-0.5406713455588946
-0.41787969667712765	-0.5439354528111308
-0.4093747498235961	-0.5503649079716894
-0.39207021527227665	-0.5628233861667162
-0.3909974914663717	-0.5635691433948655
-0.3899233491586945	-0.5643128560476758
-0.38777082463070045	-0.5657941368422303
-0.38344892535949615	-0.5687320453082151
-0.3747386056998023	-0.5745086553899655
-0.35705898684153603	-0.5856603944569871
-0.35594282877675315	-0.5863394241923537
-0.3548253793851856	-0.5870163267439646
-0.3525866228423678	-0.5883637404806926
-0.3480937925234011	-0.5910329342147469
-0.33904777726615054	-0.5962682470589062
-0.3207217034813645	-0.6063223619790299
-0.31946787335960614	-0.6069839335690103
-0.31821267858176794	-0.6076429123339089
-0.31569821651068913	-0.6089530801398315
-0.31065315280064637	-0.6115421787373593
-0.30049967585513176	-0.6165948122801381
-0.2799490686457967	-0.6261930506514496
-0.27865425693161866	-0.6267703110499934
-0.27735825490299193	-0.6273448941029048
-0.2747627020517377	-0.6284860183656006
-0.2695575565007498	-0.6307360315164839
-0.2590923527925719	-0.6351065819563103
-0.23795233394734563	-0.6433256597469348
-0.2367113319083713	-0.643783319965641
-0.23546944964584235	-0.644238586242164
-0.23298306292539217	-0.645141930205843
-0.22799993021122122	-0.6469198169352183
-0.21799326643045142	-0.6503600183827417
-0.19782669673364456	-0.6567753160550971
-0.19655983360055676	-0.6571555748334936
-0.19529223954937558	-0.657533389944273
-0.19275487754989157	-0.6582816835523714
-0.18767159011281379	-0.6597488855499083
-0.17747182089560085	-0.6625654462072541
-0.15694801419876547	-0.6677248973633394
-0.15555182866715778	-0.668051529687734
-0.15415496337907283	-0.6683752426484801
-0.15135921795344306	-0.6690139048333301
-0.1457598388074809	-0.6702561354516907
-0.13453089854046604	-0.6725999219875906
-0.13312457101590658	-0.6728796818983679
-0.13171766174126398	-0.6731565013466274
-0.12890212253683506	-0.6737013140296795
-0.12326433381251656	-0.674755601480695
-0.11196329556092008	-0.6767225710488427
-0.11054839917243972	-0.6769551456043664
-0.1091330196910194	-0.677184761887727
-0.10630083619209132	-0.6776351156372286
-0.10063094436422636	-0.6785002805866642
-0.09921235653159262	-0.6787091615937316
-0.0977933351441586	-0.678915076663643
-0.09495401651107115	-0.679318005405593
-0.08927044955832417	-0.6800882329194299
-0.08784856702015241	-0.6802733619599726
-0.08642630058657479	-0.6804555182278538
-0.0835806408958857	-0.6808109092745583
-0.07788498835006885	-0.6814859839420967
-0.06647774492870565	-0.682693142743511
-0.06514499930448915	-0.6828216068530902
-0.06381200545705562	-0.6829474691946421
-0.06114529340998777	-0.6831913866652773
-0.055809114180017626	-0.6836479799533235
-0.05447452503627015	-0.6837556170459521
-0.05313972832721468	-0.683860648811677
-0.05046953255795306	-0.6840628947715259
-0.04512687407037815	-0.6844361058246812
-0.04379076685403871	-0.6845228896524594
-0.04245449278091627	-0.6846070652297807
-0.03978146443145747	-0.6847675903600481
-0.03844472034021135	-0.6848439393013426
-0.03710782976232395	-0.6849176787688783
-0.03443362952307902	-0.6850573281687347
-0.03309633005127702	-0.6851232375689463
-0.03175890447190597	-0.6851865364311841
-0.029083695374986902	-0.6853053015869299
-0.02774592205083848	-0.685360767427905
-0.026408043005881374	-0.6854136218258414
-0.023731988144904972	-0.6855114954969814
-0.02239382252550791	-0.6855565143972553
-0.02105557157850777	-0.6855989211086321
-0.01971724040306674	-0.6856387154695289
-0.01837883409865269	-0.6856758973283167
-0.01704035776502097	-0.6857104665433204
-0.015701816502193766	-0.6857424229828205
-0.014363215410439457	-0.6857717665250527
-0.013024559590254378	-0.6857984970582087
-0.011685854142344621	-0.6858226144804368
-0.010347104167605373	-0.6858441186998417
-0.009008314767100262	-0.6858630096344859
-0.007669491042043145	-0.6858792872123884
-0.00633063809377988	-0.6858929513715267
-0.004991761023767681	-0.685904002059836
-0.0036528649335544508	-0.6859124392352096
-0.002313954924760566	-0.6859182628654993
-0.0009750360990606555	-0.685921472928515
0.0003638864418370551	-0.6859220694120255
0.0017028075962114036	-0.6859200523137579
0.0030417222623465114	-0.685915421641398
0.004380625338550002	-0.6859081774125901
0.0057195117231736625	-0.6858983196549373
0.0070583763146340964	-0.6858858484060004
0.008397214011430948	-0.6858707637132991
0.00973601971216512	-0.6858530656343108
0.011074788315559428	-0.6858327542364709
0.012413514720479265	-0.6858098295971723
0.013752193825950802	-0.685784291803765
0.015090820531179232	-0.6857561409535563
0.016429389735569396	-0.6857253771538099
0.01910633524057412	-0.6856560111845391
0.020418466368113168	-0.6856181910881538
0.021730522715114865	-0.685577859985535
0.024354391846714063	-0.6854896653616266
0.025666195021659653	-0.6854418021633406
0.02697790419680108	-0.6853914286048274
0.029601021332032577	-0.6852831511542645
0.030912419685225453	-0.6852252476587698
0.032223704824854954	-0.6851648345961566
0.03484591625406668	-0.6850364806637911
0.04008876927199732	-0.6847496683446255
0.04139912747359713	-0.6846716950219592
0.04270933405514294	-0.6845912141595043
0.0453292731646565	-0.6844227310034215
0.050567120848530496	-0.6840556877980828
0.05187613176509036	-0.6839576629243282
0.05318495269064367	-0.6838571331258539
0.05580200539575433	-0.6836485602366396
0.06103362005209716	-0.6832013721759891
0.06234097686595888	-0.6830833187270905
0.06364810536239326	-0.6829627635556683
0.06626165825493752	-0.6827141498204969
0.07148581365122728	-0.6821869217204622
0.07279120993243601	-0.6820488673668406
0.0740963396233117	-0.681908315079267
0.07670578011544393	-0.681619718770444
0.08192125176752663	-0.6810125742074514
0.08322438154565466	-0.6808545513075177
0.08452720652302918	-0.6806940348476922
0.08713192299080365	-0.6803655236089956
0.09233748844989934	-0.6796786048910048
0.10273208224785296	-0.6781853264387533
0.10413965825409574	-0.6779706109401337
0.10554678551482129	-0.677752974015833
0.10835966954801973	-0.6773089396540267
0.11397978601069055	-0.6763858559289773
0.12519605705375178	-0.6743998554403846
0.12659572666682206	-0.674138516708189
0.12799485076950962	-0.6738742730630908
0.13079143833039725	-0.6733370756012801
0.13637780221537207	-0.6722278726612895
0.1475219378552448	-0.6698705065691811
0.14891215720877596	-0.6695628328657788
0.15030173488876888	-0.669252273966435
0.15307894127975985	-0.668622505945235
0.15862539070481094	-0.6673284072655413
0.16968509871478796	-0.6646022757965628
0.19166109317851257	-0.658600974096938
0.19293669849572906	-0.6582284163520944
0.19421157963041102	-0.6578533879651898
0.1967591502139869	-0.6570959249050992
0.20184539082489858	-0.6555514136378335
0.21198120167873633	-0.6523443782655423
0.23209763604497746	-0.6454610019684777
0.23334770826131185	-0.6450101276484049
0.23459690461351118	-0.64455683230075
0.23709265097351254	-0.6436429853375006
0.2420734272380698	-0.6417863145510606
0.25199106816080075	-0.6379574588379672
0.271642384173062	-0.629840958370121
0.27296412317393226	-0.6292692628594728
0.27428465899926485	-0.6286947936459113
0.276922097845932	-0.6275375442508807
0.2821822816814411	-0.6251898732584157
0.2926425773531233	-0.6203624260381501
0.31331258334100265	-0.6101839418077185
0.3145929610170424	-0.6095248039238007
0.31587195202530105	-0.6088629793669048
0.3184257514943854	-0.6075312819148113
0.3235164627792603	-0.6048357760835692
0.3336290802697959	-0.5993169900129214
0.353569145135146	-0.5877738317824468
0.3547799217339285	-0.5870438014784634
0.35598919101192616	-0.586311277055535
0.3584031870611456	-0.5848387583122646
0.3632128656826256	-0.5818639290439243
0.37275782689327336	-0.5757958146857465
0.3915411175782163	-0.5631915934790037
0.39270114425773095	-0.5623833470316193
0.39385950250405327	-0.5615727112378928
0.39617119401859224	-0.5599442853978429
0.40077433978482685	-0.5566589137792138
0.4098985895079256	-0.5499748758254609
0.42781027809759736	-0.5361600355060738
0.4288404003964174	-0.5353364630843469
0.42986893724963066	-0.5345109114954447
0.43192123941489025	-0.5328538830318524
0.4360066514801464	-0.5295162108801658
0.4440998627296268	-0.5227470991247533
0.45996916405647115	-0.5088394499613892
0.4609466956715205	-0.507954093860188
0.46192252314229393	-0.5070668598258763
0.463869051226582	-0.5052867710854586
0.46774149934943066	-0.5017042031976258
0.47540316382892034	-0.49445024981414537
0.49038725575460373	-0.47959311620715206
0.49138607588077066	-0.4785696836933108
0.49238276011968596	-0.47754417100069163
0.4943697036160803	-0.4754869229183563
0.4983177699673783	-0.471347661344105
0.506109662258359	-0.46297108709783136
0.5212689500525509	-0.445833937056085
0.5221973198022103	-0.4447461938130625
0.5231234197386756	-0.4436565174104078
0.5249687940801491	-0.44147138408038633
0.5286321285485956	-0.43707812846904043
0.5358482522815994	-0.42820073358948546
0.5498313474060443	-0.41009109613532435
0.5506285154386157	-0.4090201165049026
0.5514235973848158	-0.40794758727930547
0.553007490977169	-0.40579789630178514
0.556150113119023	-0.4014800983828663
0.5623340331782495	-0.3927717566848479
0.574291371914402	-0.37507151033435204
0.5750203307860636	-0.37395298755659656
0.5757471111616218	-0.37283304803740935
0.5771941254189008	-0.3705889357519031
0.5800618913827852	-0.3660838973312593
0.5856917674832807	-0.35700752264081037
0.5965241638726815	-0.33859731191463444
0.5971691741998646	-0.33745843463346664
0.5978120101978572	-0.33631832864566713
0.5990911498517782	-0.3340344471594092
0.6016232347541982	-0.329452122657774
0.6065821133271264	-0.32023016333789556
0.6160747043450364	-0.301564547627857
0.6166490148076146	-0.3003884322949476
0.6172210800137214	-0.29921122322953275
0.6183584663330062	-0.29685354105031403
0.6206062047939179	-0.2921252407634568
0.6249930894574565	-0.2826178618740185
0.6333289563779664	-0.26340776513423825
0.6338729183433628	-0.26209605321463075
0.6344141635752482	-0.2607832179702832
0.6354884945711868	-0.2581542000190286
0.6376044544738084	-0.25288293211479324
0.6417050620021966	-0.24228873502615667
0.6493771545613435	-0.22090389053529824
0.6498330886121657	-0.21955904596392994
0.650286237525341	-0.2182132603783599
0.6511841721820399	-0.215518889240385
0.6529465351892679	-0.21011910885054702
0.656336817021293	-0.1992766929226189
0.6625764139532625	-0.17743086933409577
0.6629179393512581	-0.17615057026901645
0.6632569908247018	-0.1748696138326482
0.6639276669459846	-0.17230574796993792
0.6652392770400283	-0.16717033828726444
0.6677432576406226	-0.1568698810967456
0.6680450535913571	-0.15557963906610262
0.6683443564838086	-0.15428881643224107
0.6689354786353299	-0.15170544862575003
0.6700877577165995	-0.14653195787321588
0.6722722173190597	-0.13615903767555365
0.6725339955218899	-0.1348600852260619
0.6727932639142824	-0.13356062949606365
0.6733042674068992	-0.13096022759401718
0.6742961147223862	-0.1257535979211435
0.6761589665488492	-0.11531812379418144
0.676380476931419	-0.11401170179347445
0.676599463148977	-0.11270485431574848
0.6770298598295665	-0.11008990243875896
0.6778603278840556	-0.10485510765212523
0.6793997923832079	-0.09436704843043413
0.6796017130186311	-0.09290171893974918
0.679800473235113	-0.09143595741902928
0.6801885087286972	-0.08850316555496245
0.6809266150039791	-0.08263269751763452
0.6811032272306493	-0.08116410275369537
0.6812766720557387	-0.07969513054431546
0.6816140562895572	-0.07675608111618529
0.6822507814357115	-0.07087375360582394
0.6824020326906067	-0.06940233064923684
0.6825501105039579	-0.06793058494413902
0.6828367430663045	-0.0649861526667001
0.6833718975823061	-0.05909371637133786
0.6834977428502923	-0.057619903144431404
0.6836204095812451	-0.056145821962000096
0.6838562051650376	-0.05319688315204058
0.6842896297791349	-0.04729609176826891
0.6843900316063634	-0.04582032690475978
0.6844872507470597	-0.044344348958460116
0.6846721391752287	-0.04139178127399448
0.6847598076028963	-0.03991520526644552
0.6848442916244261	-0.03843844363727618
0.6850037048923454	-0.03548439098503167
0.6850786333973996	-0.0340071136994792
0.685150376013649	-0.03252967826728786
0.6852843022600236	-0.02957436044634989
0.6853464852673382	-0.028096491801009496
0.68540548114023	-0.026618492495779387
0.6855139104001504	-0.02366212939936944
0.6855633432829399	-0.02218377935645678
0.6856095880228302	-0.020705326150125446
0.685652644404765	-0.019226776655771733
0.6856925122285149	-0.01774813774924033
0.6857291913086786	-0.016269416306791726
0.6857626814746838	-0.014790619205069626
0.6857929825707879	-0.0133117533210708
0.6858200944560786	-0.01183282553211188
0.685844017004475	-0.010353842715796166
0.6858647501047276	-0.008874811749982855
0.6858822936604192	-0.007395739512756277
0.6858966475899653	-0.00591663288239269
0.6859078118266144	-0.0044374987373270785
0.6859157863184484	-0.0029583439561223774
0.6859205710283827	-0.0014791754174387074
0.6859221659341663	-1.6800247699509928e-16