1.8744560875853382	0.
1.8744526072155958	0.00361214456920601
1.8744421661192925	0.007224275724815672
1.874424764335201	0.010836380053282453
1.8744004019279425	0.014448444141159438
1.8743690789879863	0.018060454575149144
1.8743307956316488	0.021672397942153334
1.8742855520010946	0.025284260829322818
1.8742333482643343	0.028896029824107265
1.8741741846152251	0.03250769151430502
1.8741080612734695	0.036119232488112885
1.8740349784846149	0.03973063933417596
1.8739549365200516	0.04334189864163741
1.8738679356770138	0.04695299700018826
1.8737739762785763	0.05056392100011727
1.873565183237004	0.05778519228855179
1.8734503503692161	0.06139551276107132
1.8733285604967196	0.06500560524309658
1.8730641115724875	0.07222505261265683
1.8729214535027754	0.07583438069097889
1.8727718403923983	0.07944342716048039
1.8724517512978107	0.08666062166575071
1.872281276502242	0.09026874290067255
1.8721038490432877	0.09387652892517939
1.871728138796525	0.10109104175459867
1.8708933170622621	0.11551545549189304
1.870667240853535	0.11912051999196313
1.870434217975098	0.12272514214136282
1.869947335696181	0.12993300584719514
1.8688902509040204	0.14434283619785598
1.8686086270108528	0.1479439871922764
1.8683200640925794	0.151544588800899
1.8677221254927585	0.15874409037991277
1.866443028866882	0.17313591273895806
1.8661059242193188	0.17673229438700508
1.8657618898403652	0.18032801974469245
1.865053037024263	0.18751744818097874
1.8635522325516418	0.20188784222316158
1.8602185489778706	0.23059179153733758
1.8597327538456783	0.23447752250333748
1.8592388419852572	0.23836223010169388
1.858226676737778	0.24612850738142103
1.8561050427253545	0.26164803583295493
1.851473091057607	0.2926311968593288
1.8508577067674774	0.296498522062367
1.8502342444839024	0.3003645532096227
1.8489630968559638	0.3080926658499636
1.846323987766763	0.323532620430724
1.8406591710952347	0.35434367519223015
1.8399148851532685	0.3581882740643082
1.8391625689773583	0.36203130963818153
1.8376338590925532	0.36971262380711845
1.8344802233339828	0.385055755030663
1.827788870380553	0.41566028147841555
1.8128765675878329	0.4765125129277195
1.8119435926370209	0.48004795738277917
1.811003722922936	0.48358157517113726
1.8091033135366472	0.49064327697060833
1.8052199167211547	0.5047441694155573
1.7971236472125243	0.5328529073912314
1.7796202454682775	0.5886742785319912
1.7784685415208397	0.5921446369819372
1.7773100701885718	0.5956127422176486
1.7749728430280267	0.6025421402679959
1.7702173757724402	0.6163733177215477
1.7603834114761676	0.6439222537583735
1.7394318828002746	0.6985430189928351
1.7380927940797328	0.7018682664530723
1.7367473485371552	0.705190946932031
1.7340374066922108	0.7118285583466609
1.728541459207322	0.7250724433373226
1.7172464424605292	0.7514321527206499
1.6934532987153839	0.8036177881030995
1.6919133469517482	0.8068549130371993
1.6903672072606997	0.8100890870166044
1.6872563867381012	0.8165485348080789
1.68096074088809	0.8294314992081603
1.6680747269455176	0.8550510684230329
1.6411344868252842	0.9056838413256824
1.6392521034787617	0.9090864455739002
1.6373626654395896	0.9124851374736443
1.6335626578391977	0.9192707257381085
1.625878346137799	0.9327943116496524
1.6101743987817347	0.9596478676022849
1.5774405072145001	1.012554724686322
1.5753365560004304	1.0158249650478355
1.5732258251609454	1.0190908337005073
1.5689840609698715	1.0256093996781737
1.5604195787178003	1.0385934539750843
1.5429688724983142	1.064346129220666
1.5067974693439736	1.1149650266552447
1.5046359959159774	1.117880201130545
1.5024688825595554	1.1207911853802093
1.4981177685750902	1.1266005395726228
1.489348220295735	1.138168486203892
1.4715416903279428	1.1610989096164521
1.4348739588074628	1.2061187116623027
1.4325361403381394	1.2088944664075685
1.4301929521971337	1.2116656897722986
1.4254905020526898	1.2171945008269234
1.4160215535058178	1.2281972904597631
1.3968294576765645	1.249981236040257
1.3574446908474405	1.292644396412188
1.3547295271264839	1.2954896883485356
1.3520083995020007	1.2983292771719244
1.3465483004853562	1.3039912955022865
1.3355570644460346	1.3152463464667081
1.3132931586830874	1.337477739493982
1.2676617038169773	1.3808039067737212
1.2647617648928737	1.3834606255151594
1.2618562581288437	1.3861112538706284
1.256028592268918	1.3913941927752511
1.2443070109033105	1.401886474327576
1.2206017473849964	1.4225740748960762
1.1721663202716859	1.4627411739287537
1.1691507384951227	1.4651526114920732
1.1661301958054142	1.4675578321540041
1.1600742789743421	1.4723495819770158
1.1479034796927479	1.481858031524955
1.123328917592601	1.500572479817609
1.0732714052694983	1.5367739309724673
1.070103533515542	1.53898149821344
1.0669311211232306	1.5411825352840134
1.0605727282871773	1.5455649815841541
1.0478020485273227	1.5542511030678665
1.0220481535340913	1.5713062069957235
0.9697147987921222	1.6041318004731677
0.9666307442449347	1.6059921010285876
0.9635431209101125	1.6078464722828898
0.9573572134885515	1.6115373995248043
0.9449430756478147	1.6188478026272208
0.9199480789396887	1.6331812992870416
0.8693119397188654	1.6606873202827668
0.866119401720325	1.6623545970247622
0.8629236660206674	1.664015736376067
0.8565226487242131	1.6673195783976722
0.843682761642496	1.6738533454257647
0.8178542360479757	1.6866238682243635
0.7656235992848628	1.7109664311446398
0.7620570618775849	1.7125579285759172
0.7584872162552493	1.7141419915115248
0.751337662368847	1.7172877864213236
0.7369995388499202	1.7234898618851051
0.7081707191631059	1.7355344585474939
0.649930894532296	1.7581738982871353
0.6462662493632697	1.7595242422938266
0.6425987986461494	1.7608669479163548
0.6352555442637642	1.7635294207264822
0.6205360702536766	1.7687624514897011
0.5909688435584929	1.7788595926123205
0.5313500869713742	1.797568554843249
0.5278526272099306	1.7985986845967912
0.5243531703570001	1.7996220094848518
0.5173483183439299	1.8016482292035927
0.5033152322772448	1.8056188416283865
0.4751585076158028	1.8132319258512013
0.47163068729487545	1.8141527276079863
0.4681010825940238	1.8150666656517156
0.46103657347524607	1.8168739367947182
0.44688673070066853	1.820405964121575
0.418506747103578	1.8271392193575493
0.41495198284395657	1.8279498013401794
0.41139564864410927	1.8287534674095427
0.40427832425014004	1.8303400396722003
0.390025428596835	1.8334300612059322
0.3614496714894182	1.839276966437063
0.35787140600653855	1.839976543613705
0.3542917865435859	1.8406691593747877
0.34712853985543973	1.8420334961947795
0.3327863949571468	1.8446785193136388
0.30404253936730957	1.8496334119335136
0.30051503611706964	1.8502098090090457
0.29698644018428483	1.8507794786609235
0.28992602159537034	1.8518986274328337
0.2757926370114509	1.8540561063937637
0.27225675176000386	1.8545786274533695
0.268719876574062	1.855094405204154
0.2616432078430251	1.8561057233022435
0.24747855725098059	1.8580473589192246
0.2439351128046953	1.8585158823713865
0.24039078140232537	1.8589776481987386
0.23329950928173177	1.8598809002876062
0.21910688881927737	1.861606240738806
0.19068423385069833	1.8647319236947988
0.1871281462781179	1.8650921374442198
0.18357137830144912	1.865445569657351
0.17645585286837542	1.8661320843590432
0.16221720634425346	1.8674236804355886
0.15865603778229137	1.8677296072935603
0.15509429234176325	1.8680287430253157
0.14796912262955356	1.8686066367842036
0.13371243062451607	1.8696808845849116
0.13014700976301075	1.8699324533617463
0.12658111568270192	1.870177223002744
0.11944795973017944	1.870646361341991
0.11588072379435518	1.8708707283344377
0.11231306651241194	1.8710882927794485
0.10517653980013011	1.871503010887614
0.10160769631843714	1.8717001630428398
0.0980384833878216	1.871890509634778
0.09089900109222217	1.872250783385113
0.08732875768663047	1.8724207092335425
0.08375819675080662	1.872583826898755
0.07661617422027732	1.8728896353318796
0.0727411341655977	1.8730441403464138
0.06886578274448157	1.8731906278467023
0.0649901365452648	1.8733290972057102
0.06111421215754453	1.8734595478307228
0.057238026172109616	1.8735819791633497
0.05336159518086862	1.8736963906795268
0.04560806455377248	1.873901152337922
0.04173099810669324	1.873991501603663
0.03785375303121728	1.8740738293000052
0.03397634592378615	1.8741481350745464
0.03009879338153459	1.8742144186092233
0.02622111200222067	1.8742726796203109
0.02234331838415397	1.8743229178584242
0.018465429126123655	1.8743651331085203
0.014587460827328695	1.8743993251898978
0.010709430087306395	1.8744254939561984
0.006831353505861338	1.8744436392954074
0.0029532476829943256	1.874453761129854
-0.0009248707811690857	1.8744558594162122
-0.004802985286448399	1.8744499341455005
-0.00868107923268006	1.8744359853430816
-0.012559136019789356	1.8744140130686628
-0.01643713904786021	1.8743840174162962
-0.020315071717206656	1.874345998514377
-0.024192917428443907	1.8742999565256446
-0.02807065958255939	1.87424589164718
-0.03194828158098422	1.8741838041104066
-0.035825766825663026	1.8741136941810883
-0.03970309871912577	1.874035562159329
-0.04358026066455969	1.8739494083795705
-0.04745723606587904	1.8738552332105916
-0.05133400832779661	1.8737530370555067
-0.05521056085589469	1.8736428203517634
-0.05908687705669614	1.8735245835711418
-0.06296294033773583	1.8733983272197507
-0.06683873410763044	1.873264051838027
-0.07071424177615024	1.8731217580007333
-0.07846433245434375	1.872813117430094
-0.08233888228996619	1.8726467720178763
-0.08621307967625359	1.8724724107923376
-0.09396035076881941	1.8720996439209996
-0.109449934002316	1.8712579555562676
-0.11332120000159757	1.8710275064562603
-0.11719198093258006	1.870789048474154
-0.12493202131670744	1.8702881099807738
-0.14040555238724203	1.8691901736165226
-0.1442724740397246	1.868895683958896
-0.14813877813782558	1.8685931945443783
-0.15586946747516092	1.8679642216580978
-0.17132270750027812	1.866610338067511
-0.17492585419096957	1.8662761236808696
-0.17852834897125183	1.865934954091201
-0.18573132910022921	1.865231754414554
-0.20012887587095662	1.8637419503054495
-0.20372643150084582	1.8633521313465322
-0.2073232278868722	1.8629553680816673
-0.21451448931232117	1.8621410145745696
-0.22888731163574816	1.8604290426828682
-0.23247841815422005	1.8599837121271372
-0.23606865827646184	1.8595314498188205
-0.2432464858153745	1.8586061367121878
-0.25759115563915036	1.8566724053591739
-0.28623356174630465	1.8524729343274513
-0.289809202247076	1.851916912439283
-0.2933837626923211	1.8513539888617274
-0.3005295901338867	1.8502074450557404
-0.31480769847586465	1.8478316312007603
-0.3433067506293683	1.842749602973241
-0.40005243157743836	1.8312683244884438
-0.40388362760024643	1.8304271740886604
-0.40771305506199534	1.8295780084537931
-0.41536653723560224	1.8278556463874924
-0.43065154155815694	1.8243149053930674
-0.4611299647294676	1.8168502359617684
-0.46493085605074835	1.8158813076238356
-0.4687297114920107	1.8149044277455355
-0.47632124820442234	1.8129268305132213
-0.4914791597457734	1.8088764081112125
-0.5216906214766819	1.8003956564458288
-0.5254569477117466	1.7993000362327536
-0.5292209730298331	1.7981965370868365
-0.5367420549962424	1.7959659213593513
-0.5517558833905033	1.791410357631578
-0.5816665199269314	1.7819230297299111
-0.6409904336383501	1.7614530616141473
-0.6446076577466892	1.7601325495143996
-0.6482221614765794	1.7588046092890377
-0.6554429467967289	1.7561264669095313
-0.6698512024986156	1.7506812933246565
-0.6985310530339474	1.739436688193341
-0.7553170658282777	1.7155412423938674
-0.7588397314291232	1.7139859644379558
-0.7623591945683997	1.712423453104621
-0.7693884540643565	1.7092767567126725
-0.7834078909045159	1.702896855582942
-0.8112871274326805	1.6897925379015504
-0.8663807747113003	1.6622183904338144
-0.8695637800645893	1.660555466308041
-0.8727435936286635	1.6588864470077087
-0.87909359871409	1.6555301474106847
-0.8917547946494123	1.6487446771727627
-0.9169193310885739	1.634883654747889
-0.9665963583080004	1.606012797082092
-0.9696714970915237	1.6041579760154598
-0.9727430766340819	1.6022972667848479
-0.978875512911699	1.5985582111726777
-0.9910971793809177	1.5910097439390252
-1.0153651802815378	1.575632944234657
-1.0631799742626251	1.5437726408421213
-1.066385580191198	1.5415600600190753
-1.0695865815395118	1.5393408228447507
-1.075974715228481	1.5348824178010256
-1.0886951208277087	1.525886155049476
-1.1139094158874938	1.507578003780539
-1.1634076655426246	1.4697170571380036
-1.1664591703743619	1.4672963668377594
-1.1695056385148979	1.4648693408518025
-1.1755834121264033	1.4599963237689937
-1.1876779417236618	1.450174724310412
-1.2116200133506954	1.4302316482073083
-1.2584931707277174	1.3891654197817584
-1.2611851170729782	1.3867219349095734
-1.2638723191685042	1.3842732335508623
-1.2692324501940224	1.3793602182389526
-1.2798953376722697	1.3694719963878486
-1.300989374208891	1.3494488773129907
-1.3422328181947938	1.3084329123216807
-1.3447680247649685	1.305827164618449
-1.347298172668293	1.3032165047337345
-1.3523432544224274	1.2979804877207866
-1.362372296426548	1.2874499408579687
-1.3821837882057422	1.2661570202415486
-1.4208038143218291	1.2226619097257732
-1.4233702364948488	1.2196732325284225
-1.4259303719630023	1.216679168309866
-1.4310317375823638	1.2106749317292955
-1.4411585326974368	1.198602397761286
-1.4611058831270196	1.17420408046359
-1.499756043061288	1.1244187100839618
-1.5021158218770119	1.1212643229642518
-1.5044689661864028	1.1181049834732646
-1.5091553097423078	1.1117715032156255
-1.5184479274415625	1.099045729682872
-1.5367105967151615	1.0733620853323755
-1.5719277637113875	1.021091930219336
-1.5740312839829687	1.0178463250062166
-1.5761281029687007	1.014596386410881
-1.5803016014031714	1.0080835644371477
-1.5885677919699377	0.9950065299290701
-1.6047749867910739	0.9686500224825488
-1.6358733315080403	0.9151524832215221
-1.637758125873868	0.9117751616598516
-1.6396359476429854	0.9083939583036769
-1.643370641442231	0.901619963804863
-1.6507560081089263	0.8880260277593309
-1.6651889069912065	0.8606576138739287
-1.6926897652253818	0.8052248027644049
-1.6942366094978027	0.8019650461978521
-1.6957771761870346	0.7987023181441634
-1.6988394540064273	0.7921679959433332
-1.7048884290473205	0.7790642263551144
-1.7166828094745383	0.7527189089828544
-1.7390476293821922	0.699499082934289
-1.7403908759419209	0.6961502878142382
-1.7417276739050112	0.6927989132779955
-1.744381904252466	0.6860884756372706
-1.7496127654508853	0.6726371943752729
-1.7597630125589803	0.6456158020952365
-1.7788093110589074	0.5911201732100404
-1.7800391022457347	0.5874065191687373
-1.7812611403757337	0.5836903066464901
-1.7836819362084273	0.5762502709148942
-1.788430259260486	0.5613402106095772
-1.7975526841438867	0.531403774932811
-1.7986578066678924	0.5276511336085419
-1.7997550950402939	0.5238961940711496
-1.8019261502472304	0.5163794857863054
-1.8061740428414192	0.5013192109341277
-1.81429193215714	0.47109490465854637
-1.8152711538965756	0.4673074599412343
-1.8162424691240722	0.4635179798409411
-1.8181613631552385	0.4559329795213529
-1.82190408923674	0.4407392811041217
-1.8290083921983138	0.4102608018734816
-1.8416856566111568	0.3489692916553912
-1.8423621453017902	0.3453800078822148
-1.843031638800114	0.34178941274928226
-1.8443496300785094	0.3346043429410304
-1.8469015602614374	0.3202190671862018
-1.8516686774762627	0.29139103132910765
-1.8522329529489432	0.2877824044235002
-1.8527901957512332	0.2841726848482102
-1.8538835749082594	0.276950022515084
-1.8559858498736226	0.2624921891306862
-1.859852028405504	0.2335295628430478
-1.8603035422307983	0.22990510009409987
-1.860747992742799	0.22627976442752792
-1.8616156971036797	0.21902652940434778
-1.863266273612805	0.20451019021746863
-1.8636612351839137	0.2008791297235793
-1.864049120693037	0.1972473065196286
-1.8648036576612117	0.18998142714249547
-1.8662277558536158	0.17544112279425825
-1.8665660691971537	0.17180434688220006
-1.8668972954494565	0.16816691865297984
-1.8675384816767902	0.16089016048871077
-1.8687357555048196	0.14632942418927472
-1.8690173384125939	0.1426878165746364
-1.8692918249220052	0.13904566719424466
-1.8698195046039396	0.13175979845313684
-1.870789663136954	0.11718216837751005
-1.871010101369456	0.11360820771049689
-1.8712237119059298	0.11003383246405071
-1.8716304467976794	0.10288389040880833
-1.871823569668697	0.09930834969160347
-1.8720098618751755	0.09573244657805227
-1.872361951600172	0.08857960535997297
-1.872527747833843	0.08500269335761587
-1.8726867108332859	0.08142547116315994
-1.8729841348340714	0.07427014841507605
-1.873122594750054	0.07069207397267467
-1.8732542192610908	0.06711374156053151
-1.8734969601719755	0.05995635506016109
-1.8736080756860125	0.05637732709069141
-1.873712354023485	0.05279809338890079
-1.873809794803861	0.049218667016139424
-1.8739003976715587	0.04563906103446144
-1.87398416229595	0.042059288506576406
-1.8740610883713609	0.03847936249580163
-1.8741311756170722	0.03489929606601455
-1.8741944237773218	0.03131910228160415
-1.874250832621304	0.02773879420742584
-1.8743004019431713	0.02415838490875209
-1.8743431315620354	0.020577887451223097
-1.8743790213219673	0.016997314900801603
-1.8744080710919977	0.013416680323724372
-1.8744302807661186	0.009835996786454524
-1.8744456502632818	0.00625527735563384
-1.874454179527401	0.0026745350980342517
-1.8744558685273516	-0.0009062169194873447
-1.8744507172569695	-0.004486965630038437
-1.8744387257350534	-0.008067697966740246
-1.8744198940053622	-0.011648400862772907
-1.874394222136617	-0.015229061251423997
-1.8743617102224996	-0.018809666066136207
-1.8743223583816526	-0.022390202240555036
-1.8742761667576788	-0.025970656708577285
-1.874223135519141	-0.029551016404396262
-1.8741632648595608	-0.03313126826255112
-1.8740965549974185	-0.036711399217976184
-1.8740230061761516	-0.04029139620604616
-1.8739426186641552	-0.04387124616262464
-1.8738553927547796	-0.04745093602411172
-1.8736604270420636	-0.054609783210381825
-1.8735526879501931	-0.05818891441107687
-1.8734381118838797	-0.06176783326859906
-1.8731884505253171	-0.06892498171414152
-1.873053366144133	-0.07250318518427287
-1.872911446610633	-0.07608112407554966
-1.8726071041831978	-0.08323615589604949
-1.8724446823998702	-0.08681322271510758
-1.8722754276854368	-0.09038997273507571
-1.8719164219587656	-0.0975424701697979
-1.871116444178873	-0.11184308923283438
-1.8708806448504212	-0.11572051248505956
-1.8706368105357336	-0.11959743874527938
-1.8701250411709953	-0.1273497336900096
-1.8690051309954308	-0.14284762720635447
-1.86870508303086	-0.14672060843780374
-1.8683970094235727	-0.15059295953922616
-1.8677567906077208	-0.15833570483147338
-1.8663801057885936	-0.17381290228947854
-1.8660158916586496	-0.1776803769781805
-1.8656436634354248	-0.18154708857203253
-1.8648751711380689	-0.1892781560521217
-1.8632420900689592	-0.20473040341187534
-1.8595919463469508	-0.23559163263429464
-1.8590997178174569	-0.2394449070178478
-1.858599504897999	-0.24329715304262464
-1.8575751345166553	-0.25099849384242046
-1.8554306778957457	-0.26638810748430025
-1.8507594284755187	-0.2971113632877484
-1.8501397266821498	-0.3009462012357582
-1.8495120789798425	-0.3047797466915972
-1.8482329566649158	-0.3124428942757328
-1.8455794820190705	-0.32775295549537375
-1.8398922622789264	-0.35830446200384797
-1.8391958834067565	-0.3618620272222194
-1.8384926257307261	-0.36541823903504517
-1.8370654845138614	-0.37252654924660644
-1.8341287738879768	-0.38672634392024563
-1.8279262635711426	-0.41505565799368965
-1.827120153852354	-0.41858997559937333
-1.8263072104943205	-0.42212272763046843
-1.8246608350480744	-0.429183482123202
-1.8212862159777374	-0.4432856232444579
-1.8142102204871569	-0.4714094824732258
-1.8132951516858016	-0.47491716873419
-1.8123733009522978	-0.47842307875039347
-1.8105092675055081	-0.48542951760518327
-1.8066999708284412	-0.4994205038784875
-1.7987572646748597	-0.5273119826678978
-1.781582190690768	-0.5827096378979985
-1.7803569012052727	-0.5864426047078195
-1.7791237900069643	-0.5901729950760104
-1.7766341241761523	-0.5976259809434069
-1.7715611726291447	-0.6125003150354967
-1.7610420495643981	-0.6421187771368758
-1.7385214581768602	-0.7008057960265005
-1.7370487303827356	-0.7044482469006929
-1.7355683711433076	-0.7080876028943726
-1.732584784376926	-0.7153569662981512
-1.726526321907072	-0.7298578519463714
-1.7140457429598013	-0.7587046957328761
-1.687642429057556	-0.8157503637329532
-1.685960234463862	-0.8192214060266568
-1.6842709008467311	-0.822688979412435
-1.6808708451855867	-0.8296136607426523
-1.6739853823492241	-0.8434207514442923
-1.659874693426861	-0.8708625760743297
-1.630307806561659	-0.9250308536204864
-1.6284008599269946	-0.9283836834384573
-1.6264870179980844	-0.9317325821121814
-1.622638680702546	-0.938418529321344
-1.6148596211069584	-0.9517426271865855
-1.598973816243156	-0.978196482949377
-1.5659066856298882	-1.0303018374172455
-1.5639263214795154	-1.0333054172263323
-1.5619401961430943	-1.0363051905487133
-1.5579506911992298	-1.0422932735452028
-1.5499028704227233	-1.054223276417826
-1.5335336525858507	-1.0778961734195145
-1.499714530982686	-1.1244740770000505
-1.497553541998419	-1.1273504393637868
-1.4953870363319057	-1.1302226487981086
-1.4910375068962962	-1.135954566571309
-1.4822726003585853	-1.1473681024466083
-1.4644812115094232	-1.1699916262185917
-1.4278669184126282	-1.2144058990257574
-1.4253361457255183	-1.2173752486288103
-1.4227991980787775	-1.2203393242177032
-1.4177068218962106	-1.2262516020110554
-1.40744845539612	-1.2380123059520893
-1.3866397634893566	-1.26127546182264
-1.343874877256023	-1.3067463176017917
-1.3411520879979473	-1.3095406450906666
-1.3384234884894082	-1.3123292992787963
-1.3329489060303206	-1.3178895394524932
-1.3219305399136514	-1.3289414102695931
-1.2996196843619587	-1.3507680408954956
-1.253923262150492	-1.393291813269425
-1.251213771353824	-1.3957255183811297
-1.248499557055941	-1.39815395444023
-1.2430569989604285	-1.402994982749841
-1.2321156527919417	-1.4126134086970932
-1.210010359526405	-1.4315937112618626
-1.1649281548029984	-1.4685121785102822
-1.162072681091745	-1.470772826831519
-1.1592128203989485	-1.4730279227864107
-1.1534799812706933	-1.4775214235649832
-1.1419621353801477	-1.4864414235494605
-1.1187202134887912	-1.5040115385918176
-1.071431188955846	-1.538057486447888
-1.0684996993960392	-1.5400954570013856
-1.065564333420781	-1.5421278402348035
-1.059682014834852	-1.5461758152685228
-1.04787133018114	-1.5542043944314858
-1.0240681750685023	-1.5699904449064652
-0.9757541376442527	-1.6004653970504497
-0.9727039529685754	-1.6023210178254046
-0.9696502394153187	-1.6041708255318534
-0.9635322700031608	-1.60785297491664
-0.9512544729583523	-1.615147222999334
-0.926533944581419	-1.629454041642209
-0.8764533052997788	-1.656929457736456
-0.8730268968510491	-1.658737369706356
-0.8695967591338639	-1.660538196124863
-0.8627253545194393	-1.6641185615679672
-0.8489384398326013	-1.6711939293990754
-0.8211914918319385	-1.6850015305715802
-0.7650317514120462	-1.711231148505996
-0.7614933503798935	-1.7128086587861875
-0.7579516965119596	-1.714378852541169
-0.7508586907974454	-1.7174972636774941
-0.73663431192564	-1.7236459946229017
-0.7080354915742104	-1.7355896309199934
-0.6502650345397216	-1.7580503431758683
-0.6468736820770218	-1.759301015665554
-0.6434799241804662	-1.7605451461017507
-0.6366852425741474	-1.7630137623325668
-0.6230675700229154	-1.7678722882243143
-0.5957218261880617	-1.7772735102085142
-0.5406115655618994	-1.7948049363277463
-0.5371495411079735	-1.7958440897731702
-0.5336855192351893	-1.7968765652777599
-0.5267515347650081	-1.7989214671320262
-0.5128601640605789	-1.8029309682862207
-0.48498671069997507	-1.81062793382024
-0.4289002094700379	-1.8247274411819128
-0.4250847788000633	-1.8256200467562342
-0.4212674905233074	-1.826504674429805
-0.4136274078832116	-1.8282499806463963
-0.39832568583935135	-1.831644690513513
-0.367639761858498	-1.838049680989706
-0.36379661562344495	-1.838814195819322
-0.35995187960891123	-1.8395706750901812
-0.3522577054537586	-1.8410595137675985
-0.33685101950648877	-1.8439406213170673
-0.30596806951770983	-1.8493158639673588
-0.30210150669118635	-1.8499514328599678
-0.29823362369081935	-1.850578917524453
-0.29049396478433925	-1.851809623236041
-0.2749995489737385	-1.8541739056382964
-0.2711228983408881	-1.8547447259073064
-0.2672450629097107	-1.8553074410016572
-0.25948590544154965	-1.8564085458656217
-0.24395411888779958	-1.8585133876739792
-0.24006846463739714	-1.8590192996772186
-0.23618176129554344	-1.8595170878260485
-0.22840527528106414	-1.8604882838947183
-0.2128404617825279	-1.862333096444869
-0.18166727926170775	-1.8656319636872063
-0.1780252142103283	-1.8659830244112885
-0.17438247082612426	-1.8663269751451135
-0.16709500458182266	-1.86699354142684
-0.15251254298657513	-1.8682412982582044
-0.14886544005104632	-1.8685354438822244
-0.1452177698907296	-1.868822469790455
-0.13792078349297926	-1.8693751581120404
-0.1233206156848938	-1.870395051862796
-0.11966936423142416	-1.8706322106577176
-0.11601765679952405	-1.8708622417474998
-0.10871292965878876	-1.871300917332842
-0.10505993778329291	-1.871509560156908
-0.10140654559593935	-1.8717110719328536
-0.09409861596948092	-1.8720926992962612
-0.09044410637591793	-1.8722728134296012
-0.08678925216147487	-1.8724457936065826
-0.0794785655758413	-1.8727703494822157
-0.07582276106069759	-1.8729219239442059
-0.0721666676366612	-1.873066361976519
-0.06485366978647801	-1.8733338265778898
-0.06119679322518465	-1.8734568521278216
-0.057539683484599286	-1.8735727392098298
-0.05388235449947438	-1.8736814873823475
-0.05022482020539778	-1.8737830962310096
-0.046567094538742936	-1.8738775653686535
-0.042909191436612495	-1.8739648944353224
-0.03925112483678189	-1.8740450830982642
-0.035592908677649485	-1.874118131051935
-0.03193455689818688	-1.8741840380179984
-0.02827608343788242	-1.8742428037453276
-0.024617502236684744	-1.8742944280100073
-0.02095882723495305	-1.8743389106153319
-0.017300072373407256	-1.8743762513918085
-0.013641251593071573	-1.8744064501971571
-0.00998237883521806	-1.8744295069163106
-0.006323468041316824	-1.8744454214614155
-0.0026645331529862276	-1.8744541937718322
0.000994411888063553	-1.8744558238141358
0.00465335314008699	-1.8744503115821145
0.008312276661352994	-1.8744376570967727
0.0119711685101947	-1.8744178604063273
0.01563001474506593	-1.8743909215862102
0.019288801424597643	-1.874356840739067
0.022947514607647712	-1.8743156179947562
0.026606140353350738	-1.87426725351035
0.03026466472117447	-1.8742117474701325
0.033923073770976295	-1.8741491000855994
0.037581353563052956	-1.874079311595457
0.04123949015819044	-1.8740023822656218
0.04489746961772029	-1.8739183123892191
0.05221290137834357	-1.87372875230525
0.055798632095145975	-1.8736253993106635
0.05938415845518544	-1.8735151843554143
0.06655454557929162	-1.8732741702026607
0.07013938008255002	-1.8731433718878459
0.07372395770752996	-1.8730057133777438
0.08089228981105322	-1.8727098178134427
0.08447601803631617	-1.8725515818429304
0.08805943687683608	-1.8723864878445016
0.09522529390921186	-1.8720357282075675
0.10955271798711878	-1.8712519408853976
0.11313360373464525	-1.871038859027718
0.11671407514196326	-1.870818924682314
0.12387372248510212	-1.8703585017753728
0.1381874682196651	-1.869355463231317
0.14176467216950334	-1.8690875854304974
0.1453413569207845	-1.8688128622882918
0.15249311643266064	-1.8682428840293728
0.16678982884044088	-1.8670208293645547
0.17036251253561174	-1.8666982184081835
0.17393457229557124	-1.8663687708612384
0.18107676768297915	-1.865689370846931
0.19535309577296098	-1.8642485864974268
0.19892042181598293	-1.8638713180019388
0.2024870193333828	-1.8634872232691093
0.20961797654484343	-1.862698560743251
0.22387057410386946	-1.8610393844129514
0.22743170635303528	-1.860607546805903
0.23099200565692496	-1.86016889491474
0.23811005327505985	-1.8592711547310903
0.2523355796521479	-1.8573939753125472
0.2807414405358171	-1.8533132136397255
0.28458799856335587	-1.8527264491444593
0.2884333302800851	-1.852131701113415
0.2961202485071985	-1.8509182647296365
0.3114786405224858	-1.8483957046000723
0.3421299426393082	-1.8429684551384369
0.3459548944445245	-1.8422542808460538
0.3497783555044223	-1.8415321681432435
0.35742073949245395	-1.8400641399870823
0.3726868940384247	-1.8370329619518875
0.4031410678914987	-1.8305908618981563
0.406940194468428	-1.8297500655586083
0.41073756750985474	-1.8289013846902245
0.41832698754118464	-1.8271803840290237
0.43348406571362125	-1.8236439315442372
0.4637075196793989	-1.8161940866764523
0.5237624918746318	-1.7997940094330267
0.5272484065614043	-1.7987759010127395
0.5307323422359391	-1.797751040937117
0.537694224248359	-1.795681081232324
0.5515936652484362	-1.7914603129133306
0.5792923361781248	-1.7826962762991971
0.6342655893124035	-1.7638857067565128
0.6376817283325473	-1.7626535784539594
0.6410954738320538	-1.7614148340802027
0.647915733024585	-1.7589175157422667
0.6615269659802729	-1.7538436924557068
0.6886294323027897	-1.7433803742304976
0.7423316317033289	-1.7211999804957023
0.7459436183680345	-1.7196376776814752
0.7495523170507751	-1.718067795021357
0.7567597868590096	-1.714905317875841
0.7711345717864796	-1.7084897121380087
0.7997199796847997	-1.6952974896397024
0.8562060075151416	-1.6674822028977443
0.8597049638814117	-1.6656809416462066
0.8632001308266761	-1.6638723383801242
0.8701790348467524	-1.6602331377246111
0.8840906930960194	-1.6528669851705349
0.9117259822847577	-1.6377855041221445
0.9662172610770067	-1.6062408999532358
0.9695260148671732	-1.6042459072042263
0.9728306495214353	-1.6022440986433482
0.9794275052794116	-1.5982200681345113
0.9925711705801005	-1.5900905935257217
1.018655195175949	-1.5735079337667104
1.0699852954670301	-1.5390637062090917
1.0731553622459864	-1.5368549680332293
1.0763208696085695	-1.5346397003631784
1.0826381523080513	-1.5301896142154219
1.0952174142594564	-1.521211503962734
1.1201517381339716	-1.5029456769428415
1.169099964891037	-1.4651931259658262
1.1719150350402148	-1.4629425056824432
1.1747257725576206	-1.4606864768233583
1.1803342081473878	-1.4561582267606816
1.1914986315999883	-1.447037192051776
1.2136153816455886	-1.4285388793165432
1.2569822677955902	-1.3905327046614862
1.2596536205782212	-1.3881132448218743
1.2623203163548957	-1.3856886530542887
1.2676396974719653	-1.3808241096095177
1.2782221430003822	-1.3710338352605467
1.2991595821704034	-1.3512105699485022
1.3401074093758174	-1.3106096885120941
1.3428369384082353	-1.3078128998951382
1.34556063058764	-1.305010426662686
1.3509904570569917	-1.2993884751015277
1.3617795485515094	-1.2880768942235479
1.383072868207897	-1.2651857830029998
1.4244994625075313	-1.2183541790470813
1.4270364680384855	-1.2153816450703778
1.4295672707298603	-1.2124038282452392
1.4346102236187466	-1.2064323978467681
1.4446212131103735	-1.1944267139164486
1.4643410993188561	-1.1701669834392772
1.502553449175788	-1.1206778112623077
1.5047319127766061	-1.117751088103872
1.5069046756179327	-1.1148201302840501
1.5112330661172106	-1.1089455550926326
1.5198210772609475	-1.0971460784230633
1.536720205435894	-1.0733483285917935
1.5693966627636373	-1.0249779213193284
1.5713887275523941	-1.0219212744663853
1.5733748390486557	-1.0188607560085676
1.5773291720883025	-1.012728150672708
1.5851660690946152	-1.000416991897308
1.6005511317927317	-0.9756134986780055
1.6301533991689383	-0.9253029338890532
1.6319160532926713	-0.9221906631989958
1.6336727655110543	-0.9190750347567909
1.6371683386682485	-0.9128337500048844
1.6440879021338204	-0.9003113874337848
1.6576392940996456	-0.8751100473326549
1.6835802038765535	-0.8241015237218751
1.6851496527093923	-0.8208874906216732
1.6867129658101176	-0.8176704686203179
1.6898211620691144	-0.8112275047784814
1.6959636768479123	-0.7983062263932575
1.7079519505493543	-0.7723249050110902
1.7307318186895984	-0.7198284490495832
1.7322183325655036	-0.7162438639246547
1.7336974222788424	-0.7126562090302945
1.7366333038925765	-0.7054717514520956
1.7424157003765184	-0.691066676498831
1.7536216492816936	-0.6621153490565572
1.7745875858211921	-0.603675843922089
1.7758335411198336	-0.6000007154325113
1.777071885324277	-0.5963230153832342
1.779525719253395	-0.5889599636659698
1.7843418226416485	-0.5742036957888836
1.7936066266300346	-0.5445740474853358
1.810657905964739	-0.48487480018363427
1.8115912106356356	-0.48137605864172867
1.8125177546809585	-0.4778755206662399
1.8143505470891534	-0.4708691076753951
1.817934853949933	-0.45683529973040454
1.8247776152909188	-0.4286866909747964
1.8256023491822526	-0.42516077776057126
1.826420270160245	-0.42163327790096333
1.8280356611921365	-0.4145735709081821
1.8311845556961381	-0.4004356967924696
1.8371541449633684	-0.3720890645123122
1.8378695202205941	-0.36853934787191517
1.8385780367849724	-0.36498825589003475
1.839974483284421	-0.3578819989157889
1.8426849573451882	-0.34365356430494814
1.8477756718894944	-0.31513598756578104
1.8483810051265475	-0.31156585848437784
1.8489794404432425	-0.30799456667923136
1.850155608408173	-0.3008485482124129
1.8524250727549942	-0.2865431452929695
1.8566320495015873	-0.2578818664607276
1.8571838487917627	-0.25387748240588076
1.857727011436531	-0.24987191771951453
1.8587874167263319	-0.24185732096751444
1.8608044791128533	-0.22581477985126683
1.861287116764566	-0.22180147261003985
1.8617610986890398	-0.21778713390352525
1.8626830865797142	-0.2097554367724523
1.8644230993473467	-0.1936804866417026
1.8648364317188226	-0.18965945064758044
1.8652410918573301	-0.18563753266138874
1.866024387948453	-0.17759112553090703
1.8674868332376382	-0.16148855058421746
1.8678307373136191	-0.15746098257090477
1.868165955231917	-0.1534326823012375
1.868810326400275	-0.14537395992897376
1.8699947689606014	-0.12924855258655596
1.870269142388958	-0.12521565123180556
1.870534818320075	-0.12118216757434835
1.8710400727890473	-0.11311352838317
1.8712796489772676	-0.1090784103718383
1.8715105229689901	-0.10504278510240417
1.8719461601087906	-0.09697008786057339
1.872150921230982	-0.09293305342943774
1.872346976104912	-0.08889558682254704
1.8727129635015467	-0.08081943218674789
1.8728828943222635	-0.07678078171517867
1.8730441154907527	-0.07274177418235989
1.8733404259125823	-0.06466276306652706
1.8734755137879615	-0.06062279705413601
1.8736018892551956	-0.05658254912156837
1.8737195517265888	-0.0525420380575863
1.873828500654963	-0.048501282652177326
1.873928735533663	-0.04446030169646523
1.874020255896556	-0.04041911398262105
1.8741030613180363	-0.03637773830378064
1.8741771514130252	-0.03233619345395399
1.8742425258369746	-0.028294498227934457
1.8742991842858674	-0.024252671421214712
1.874347126496219	-0.020210731829902656
1.874386352245079	-0.016168698250630685
1.874416861350032	-0.01212658948046495
1.8744386536691988	-0.008084424316821262
1.8744517291012364	-0.004042221557381021
1.8744560875853382	-4.59109329560731e-16