0.17216673434199964	0.
0.17216641467385865	0.0003317715141849515
0.1721654556706228	0.0006635417963458006
0.17216385733585327	0.0009953096144630202
0.17216161967548543	0.0013270737365262326
0.17215874269782885	0.0016588329305387863
0.17215522641356704	0.0019905859645223296
0.1721510708357576	0.002322331606521385
0.17214627597983218	0.002654068624607927
0.17214084186359638	0.002985795786885952
0.17213476850722956	0.0033175118614960585
0.172128055933285	0.0036492156166200167
0.17212070416668968	0.003980905820485345
0.1721127132347441	0.004312581241369887
0.17210408316712245	0.0046442406476063765
0.17208490575541407	0.005307506489768078
0.17207435848254218	0.005639110462674407
0.17206317221642342	0.005970693494904067
0.1720388828729777	0.006633791812119002
0.1720257798858485	0.006965304634707493
0.1720120380858677	0.007296791591834893
0.1719826382538425	0.007959682985937421
0.17196698033097355	0.008291084961284167
0.17195068381360348	0.008622456147922206
0.17191617523979777	0.00928510123304108
0.1718394977797614	0.010609967803346792
0.17181873292811897	0.010941089020952314
0.17179733003248795	0.01127216960913426
0.1717526104295454	0.011934203979549394
0.17165551835158516	0.01325773108179876
0.17162965150609302	0.013588492848205614
0.17160314731876083	0.013919204154129916
0.1715482273146327	0.01458047047237459
0.17143074369341396	0.015902343560358675
0.1713997810015233	0.01623266726753571
0.17136818182141014	0.016562930695163527
0.1713030744682501	0.017223271806304424
0.17116522722464253	0.018543176726903268
0.17085903204726438	0.0211796029674913
0.17081441229755526	0.02153650309194798
0.1707690470352668	0.021893309221209797
0.17067608076818427	0.022606633265502305
0.17048121101273514	0.0240320849203716
0.17005577133583485	0.026877854255184176
0.16999924896419935	0.027233063830514
0.1699419846377318	0.027588154548240488
0.16982523112324927	0.028297973212292844
0.16958283184995113	0.029716116094467615
0.16906252465607094	0.03254607765774672
0.16899416280918977	0.03289919984452106
0.1689250633941344	0.03325217844407109
0.16878465306904525	0.03395769871988848
0.16849499508588245	0.03536694848297112
0.1678804016611809	0.038177940647306376
0.16651072301661526	0.04376715131777145
0.16642503029136657	0.044091878010654
0.1663387042896786	0.044416436926204866
0.16616415377333563	0.04506504648594021
0.16580746803804122	0.04636019798062366
0.16506383456970575	0.0489419547130424
0.16345616633029397	0.05406908638577081
0.16335038358677045	0.054387835000518595
0.1632439792663778	0.05470637666001192
0.1630293075168972	0.055342834265599765
0.16259252306881802	0.056613212734348134
0.16168928424143844	0.05914355227309232
0.1597649093278346	0.06416040961104805
0.15964191549856496	0.06446582994065714
0.15951833780216823	0.06477101449585317
0.15926943261799728	0.06538067181919975
0.15876463587356818	0.06659710811981244
0.1577272009821813	0.06901821849566436
0.1555418268432713	0.07381141182938102
0.15540038396395003	0.07410873820168294
0.15525837273028742	0.07440579353203498
0.15497264727955692	0.07499908672213762
0.15439439911799746	0.07618237286263263
0.15321083288037163	0.07853550217635023
0.1507364013934944	0.08318606679563602
0.15056350654911954	0.08349859226131845
0.15038996373896768	0.08381075838208756
0.15004093721155673	0.08443400721667997
0.14933514161567266	0.08567613373989091
0.14789275128683055	0.08814260338111393
0.1448861792733481	0.09300204013654706
0.14469293366352007	0.09330240812451121
0.14449906535253865	0.09360237457581642
0.14410946396712193	0.09420109770643581
0.14332282567218668	0.09539366884300374
0.14171999745888836	0.09775902379955191
0.13839769377895902	0.10240831397232436
0.1381991648169152	0.10267606954834116
0.13800011783363547	0.10294344025673226
0.13760047278971227	0.10347702306326911
0.1367949994052405	0.10453952626499187
0.1351594891711934	0.10664566048822961
0.1317915982755776	0.11078067989481492
0.1315768722150347	0.1110356299216477
0.1313616529560413	0.11129016374615167
0.1309297380714318	0.11179797897339173
0.1300600255400129	0.11280857312509483
0.12829725260231356	0.11480940461777002
0.12467980499567138	0.11872796907312967
0.12443042018791997	0.11898930601464297
0.12418048760217529	0.11925011913149046
0.12367898350020903	0.11977016930080585
0.12266945053338997	0.12080393337894621
0.12062453522473505	0.12284586242851377
0.11643333617792631	0.12682532334067464
0.11616697997056519	0.1270693400412034
0.11590011236321782	0.12731279734646536
0.1153648476501179	0.1277980294865839
0.11428823326666743	0.12876173403139804
0.11211093083013922	0.13066186743801123
0.10766219000991503	0.1343511713989038
0.10738521213347892	0.13457265929242987
0.10710777860261524	0.1347935761703867
0.10655154928833159	0.13523369313246209
0.10543367473233527	0.1361070337874748
0.10317652817516133	0.13782593532317788
0.09857880060873167	0.14115099887897573
0.09828783506501736	0.14135376150715134
0.09799645246865366	0.141555924346343
0.09741244106529394	0.14195844722907233
0.09623946814576614	0.1427562579539291
0.0938740011567351	0.14432275053093319
0.08906723996197542	0.1473377452642213
0.0887839729367095	0.14750861182847025
0.08850037812221628	0.14767893379291921
0.08793220931486692	0.14801794140912483
0.08679198437928874	0.14868939391057445
0.08449622136481846	0.15000590984709994
0.07984534755290311	0.1525323076864203
0.07955211644169606	0.15268544522525881
0.07925859162515103	0.1528380190514985
0.07867066521188583	0.1531414733150627
0.0774913356758032	0.15374159264547987
0.07511901394795432	0.1549145511482886
0.07032168728681484	0.1571503888354213
0.06999410474039701	0.15729656612774168
0.06966621833805704	0.1574420605697945
0.06900953966055881	0.15773099837960336
0.06769259875210264	0.15830065220388548
0.06504470330483882	0.159406935187821
0.059695439333414466	0.1614863428800693
0.059358845696757874	0.16161037049501856
0.059021994373588064	0.1617336965327659
0.05834752451812911	0.1619782417381884
0.05699555698560971	0.16245888987029547
0.05427983966506318	0.16338630120032618
0.04880392230689381	0.165104698847281
0.04848268446642993	0.16519931513452854
0.04816126319530488	0.16529330640235027
0.04751787522605517	0.16547941245964626
0.0462289516727946	0.16584410885293183
0.04364278741595569	0.16654336228308345
0.04331876099142535	0.16662793691382138
0.0429945706735574	0.16671188112004842
0.04234570326462491	0.1668778769909691
0.04104605573589034	0.16720228982437668
0.038439385390849165	0.16782073192774022
0.038112884195122	0.1678951829931934
0.03778623880210817	0.16796899883960353
0.03713252036811656	0.1681147237605918
0.0358234075455762	0.16839853884702277
0.03319875561848209	0.16893557067525175
0.03287009586119234	0.16899982607110786
0.032541311742318946	0.16906344206858528
0.03188337539600904	0.16918875490807844
0.030566065128271726	0.1694316973785098
0.02792597354006321	0.16988679882742028
0.027601976238127504	0.1699397402661853
0.02727787857449933	0.16999206379847134
0.026629386876245224	0.1700948563848535
0.02533125101425897	0.17029301845948144
0.025006483834712035	0.17034101144531508
0.024681625730768247	0.17038838506563456
0.02403164147479549	0.17048127352297543
0.022730633864278846	0.1706596106233598
0.022405172380982583	0.17070264398821458
0.022079629431743422	0.1707450566726474
0.021428303870467777	0.17082801938564873
0.020124727258052224	0.17098649001245006
0.017514137594373647	0.17127358056137562
0.017187514853803598	0.1713066657989086
0.016860829618864804	0.17133912815977642
0.016207276417457	0.17140218378164504
0.01489947236179302	0.17152081546368897
0.014572382937924885	0.17154891450982473
0.01424524052839361	0.1715763897984711
0.013590801510532213	0.17162946870595966
0.012281339997251894	0.17172813718741778
0.011953860004337808	0.17175124350346163
0.011626336546796002	0.17177372532634122
0.010971164001527143	0.1718168151678999
0.010643517296028993	0.17183742302990293
0.01031583189035226	0.17185740608539007
0.009660349744499072	0.17189549748845268
0.009332555387677237	0.1719136056975265
0.00900472709737735	0.17193108882308178
0.008348973484440329	0.17196417957163285
0.008021050546144876	0.17197978707430958
0.007693098443046106	0.1719947692528301
0.007037111512318803	0.17202285742177365
0.00668119333633312	0.17203704853778218
0.0063252465616819836	0.17205050325390683
0.0059692727119858326	0.17206322151255515
0.0056132733109809626	0.1720752032592869
0.0052572498825131184	0.17208644844281462
0.004901203950530891	0.17209695701500355
0.004189050672292493	0.1721157641485917
0.0038329463743889645	0.17212406262948748
0.00347682566966325	0.17213162433803805
0.003120690082480291	0.1721384492418756
0.0027645411372686965	0.17214453731178642
0.0024083803585143297	0.17214988852171065
0.0020522092707537065	0.17215450284874256
0.0016960293985673952	0.17215838027313068
0.001339842266573602	0.1721615207782778
0.0009836493994216098	0.17216392435074107
0.0006274523217852503	0.17216559098023207
0.00027125255835637804	0.1721665206596168
-0.000084948366161694	0.17216671338491585
-0.0004411489270606067	0.17216616915530422
-0.0007973475996335571	0.17216488797311152
-0.001153542859181902	0.17216286984382176
-0.0015097331810215691	0.1721601147760735
-0.0018659170404896211	0.17215662278165975
-0.0022220929129507846	0.1721523938755279
-0.0025782592738039724	0.17214742807577962
-0.0029344145984888503	0.17214172540367095
-0.0032905573624922484	0.17213528588361196
-0.003646686041354762	0.1721281095431669
-0.004002799110677354	0.17212019641305384
-0.004358895046127764	0.17211154652714478
-0.004714972323447075	0.17210215992246525
-0.0050710294184562335	0.1720920366391944
-0.005427064807062578	0.17208117672066467
-0.005783076965266395	0.1720695802133616
-0.006139064369167338	0.17205724716692378
-0.006495025494971014	0.17204417763414243
-0.0072068628176782095	0.1720158293364766
-0.007562735967581527	0.17200055069293624
-0.007918576745400254	0.17198453580574005
-0.00863015509226217	0.17195029757773664
-0.010052856311721007	0.1718729894252281
-0.01040842784486058	0.17185182292832102
-0.010763954825009268	0.1718299208243833
-0.011474869039237156	0.17178391017356962
-0.012896095885145925	0.17168306592354937
-0.013251268394800134	0.17165601737171246
-0.013606384182762188	0.1716282340509852
-0.014316439513605433	0.1715704635817073
-0.015735802649262984	0.1714461108598621
-0.016066747718181965	0.17141541363526494
-0.01639763290984536	0.17138407758290336
-0.01705921872908632	0.17131948946439768
-0.018381617598000603	0.17118265259210572
-0.018712049134121344	0.1711468481485736
-0.019042410934526594	0.17111040587816187
-0.01970292040371029	0.1710356084023258
-0.021023048359276257	0.17087836566304176
-0.021352887551591516	0.17083746254026885
-0.021682647166363957	0.1707959227436289
-0.022341922747813606	0.17071093375035884
-0.0236594649271853	0.17053332264794457
-0.026290238491754915	0.1701476058427956
-0.026618657147319057	0.17009653584262718
-0.026946976600968522	0.17004483192986353
-0.027603313008598442	0.16993952313966876
-0.028914741588921315	0.169721307244655
-0.03153234825018575	0.16925452852971964
-0.03674437676424261	0.16819998570212802
-0.037096267914021756	0.16812272696110958
-0.0374479966234087	0.16804473202954578
-0.03815096056100194	0.16788653496412853
-0.03955487143202563	0.16756132178991845
-0.04235428114882391	0.16687570009547542
-0.04270338884502859	0.1667867050910802
-0.04305230954788806	0.16669697974642944
-0.04374958386285853	0.16651533961114628
-0.045141821401418904	0.1661433127590487
-0.047916711002918846	0.16536436502660248
-0.04826264393389137	0.16526373351252566
-0.04860836552816481	0.1651623783271148
-0.049299168652042334	0.16495749872074977
-0.05067817231168043	0.1645390751922968
-0.05342543144923698	0.1636676745373122
-0.05887426781287708	0.16178753043262112
-0.05920650587715636	0.16166624284558273
-0.05953849407766088	0.16154427299335936
-0.06020171528416897	0.1612982885551875
-0.06152509775665668	0.16079815533774794
-0.0641593105508574	0.1597653506979136
-0.0693750435007272	0.1575705802275948
-0.06969859646987556	0.15742772965433416
-0.07002185529644367	0.15728421470329623
-0.07066748506620815	0.15699519409334134
-0.071955154952993	0.15640920717681375
-0.0745158322293465	0.1552055899803759
-0.07957612326404813	0.15267293479937333
-0.07986847881225136	0.1525201970435576
-0.08016054119811833	0.15236689945264836
-0.08074378219578891	0.15205862701835657
-0.08190669914619701	0.15143538902437254
-0.08421803419888517	0.1501622693277645
-0.08878081462614226	0.14751051273826976
-0.08906326274830108	0.14734014945905194
-0.08934538395808367	0.14716924535843515
-0.08990864149954886	0.1468258172042447
-0.09103118815089936	0.14613249877362747
-0.09326017739836191	0.14472015659753393
-0.09765191374656514	0.1417938226990939
-0.097946345132803	0.1415905995789075
-0.0982403535933978	0.14138676508016176
-0.09882709666145587	0.14097726547020245
-0.09999545195450832	0.1401509686102893
-0.10231135728188835	0.13846938501028475
-0.10685771718608159	0.1349918986153172
-0.10713799455570819	0.13476956086805997
-0.10741780931077599	0.1345466411950237
-0.10797604614635363	0.13409905992433052
-0.10908691541555322	0.13319695679372187
-0.1112859684169594	0.13136520714210514
-0.11559121647656916	0.12759331913331357
-0.11583846879384507	0.12736888772964164
-0.11608528535698989	0.1271439771974076
-0.11657760750869073	0.12669272213327146
-0.11755698202055292	0.1257844998090308
-0.11949444612475567	0.12394539829830932
-0.12328261118826335	0.12017812693078621
-0.12351546712922681	0.11993879186417365
-0.12374785843719219	0.11969900561908324
-0.12421124365909762	0.1192180832032161
-0.12513240015983618	0.11825086403163111
-0.12695206393572175	0.11629513264298337
-0.13049927094720995	0.1123001544800156
-0.13073499400703412	0.11202564775965114
-0.1309701396399163	0.11175064624730142
-0.1314386944730687	0.11119916370730484
-0.13236882948975964	0.11009031471251056
-0.13420097173357223	0.10784935604700487
-0.13775094650318712	0.1032766244193949
-0.13796768959744438	0.10298689742453608
-0.13818382331957663	0.10269671555981089
-0.13861425883170655	0.1021149923494358
-0.13946777556830312	0.10094614401758056
-0.14114518169695445	0.09858712947298137
-0.14437983983307953	0.09378617309477437
-0.14457304586131295	0.09348806781815197
-0.1447656363837961	0.09318956452512911
-0.14514896763439367	0.09259136897496667
-0.14590820816542263	0.09139025770805316
-0.1473968212215941	0.08896944142658261
-0.15025317005196812	0.08405575116149415
-0.15042628634581995	0.08374554788282218
-0.15059876221431667	0.08343498806558541
-0.1509417897407773	0.0828128041056433
-0.15162012756332993	0.08156421599983808
-0.15294577348488975	0.07905045722257069
-0.15547169713022813	0.0739590143622486
-0.15561377307891647	0.07365960929934513
-0.15575527243847884	0.07335993130860957
-0.15603653929519776	0.07275976098618576
-0.15659213101367242	0.07155619413150428
-0.15767543191103148	0.06913640564607301
-0.1597296160731197	0.06424822303474595
-0.15985299179535523	0.06394063987842764
-0.15997577522106715	0.06363281980556314
-0.16021956336533966	0.06301647347327988
-0.1607000122253011	0.06178098805277203
-0.16163230128181144	0.05929910282908514
-0.16338168289483154	0.054293739127466496
-0.16349463786558863	0.05395264407968079
-0.16360688072658536	0.05361131403822843
-0.16382922816688228	0.0529279549220665
-0.16426535642770854	0.051558482247507594
-0.16510324114096342	0.04880885348722675
-0.16520474543187	0.04846417750029097
-0.16530553016455005	0.04811929042500223
-0.1655049392024731	0.04742888901897614
-0.16589510347498973	0.04604561930315553
-0.1666407226988777	0.04326954994432487
-0.16673066314090346	0.042921677303936444
-0.1668198773784854	0.04257361771585513
-0.1669961256891726	0.04187694376139149
-0.1673398909719426	0.04048141923755929
-0.16799241340166035	0.03768200437177312
-0.16915680622409282	0.03205244642852388
-0.1692189409678497	0.03172277465336346
-0.1692804332108705	0.031392982431248724
-0.1694014892632344	0.030733041655308994
-0.1696358812496743	0.029411769865737007
-0.17007373573372322	0.0267639464123727
-0.17012556381657035	0.026432497991728476
-0.1701767459563608	0.026100949210573158
-0.17027717163189918	0.02543755560248327
-0.17047026328012327	0.024109619474270722
-0.17082536753496588	0.021449434037580175
-0.17086683858426172	0.021116531112105704
-0.17090766087598389	0.020783548010105533
-0.1709873585691849	0.020117346333989133
-0.17113896220996358	0.018784036512031515
-0.17117523899678125	0.018450527590925504
-0.17121086585507184	0.018116948615737472
-0.17128016924745929	0.017449585569588255
-0.1714109711034176	0.01611407457386278
-0.17144204481270695	0.015780040697870895
-0.17147246758044474	0.015445946907263631
-0.17153135983169362	0.014777584656455955
-0.17164132811873445	0.01344019700843788
-0.17166719119976317	0.013105719345867031
-0.17169240248439088	0.012771191922706348
-0.17174086928402357	0.012101992875415314
-0.17182997728048685	0.010763053552595825
-0.17185022429020097	0.010434789187918677
-0.1718698441835286	0.010106486744575628
-0.17190720233692533	0.009449772414195475
-0.17192494046066695	0.009121362923642401
-0.17194205119536765	0.00879292014738266
-0.17197439025017375	0.008135939532077903
-0.17198961845226735	0.007807404090488643
-0.17200421902929688	0.007478840158095557
-0.17203153709733238	0.006821631616983473
-0.17204425448864918	0.006492989406551977
-0.1720563440555239	0.006164323501882835
-0.17207863954176922	0.005506925407388296
-0.17208884537977906	0.005178195616542119
-0.1720984232306256	0.004849446929408063
-0.17210737305935733	0.0045206805456568105
-0.17211569483331451	0.004191897665023695
-0.1721233885221293	0.0038630994873042543
-0.17213045409772582	0.003534287212349846
-0.1721368915343204	0.003205462040063274
-0.17214270080842153	0.0028766251703943265
-0.17214788189882996	0.0025477778033356356
-0.17215243478663883	0.0022189211389181374
-0.17215635945523378	0.0018900563772065431
-0.17215965589029283	0.0015611847182951907
-0.17216232407978665	0.001232307362303586
-0.1721643640139785	0.0009034255093720255
-0.17216577568542418	0.0005745403596572156
-0.1721665590889723	0.0002456531133278167
-0.172166714221764	-0.00008323502943970664
-0.17216624108323317	-0.0004121228684656187
-0.1721651396751064	-0.0007410092035714451
-0.17216341000140298	-0.0010698928345841228
-0.1721610520684348	-0.0013987725613404571
-0.17215806588480648	-0.0017276471836915005
-0.17215445146141514	-0.002056515501506932
-0.1721502088114506	-0.002385376314679515
-0.17214533795039516	-0.002714228423129244
-0.17213983889602352	-0.0030430706268078805
-0.17213371166840294	-0.0033719017257034817
-0.17212695628989283	-0.003700720519844554
-0.172119572785145	-0.004029525809304505
-0.17211156118110332	-0.004358316394206024
-0.1720936537943743	-0.005015848651097278
-0.17208375807703466	-0.005344587923618204
-0.1720732343910963	-0.00567330769265176
-0.1720503032693273	-0.0063306839220716275
-0.17203789591717694	-0.006659337983558505
-0.17202486076378826	-0.00698796774376798
-0.17199690724585828	-0.007645149563500775
-0.17198198898332512	-0.007973699224834103
-0.17196644312356932	-0.008302219788518717
-0.17193346884160005	-0.008959168827699444
-0.17185999176052974	-0.010272664993044979
-0.17183833385101216	-0.010628802063109552
-0.1718159379368276	-0.010984893485003904
-0.17176893248236708	-0.01169693326717321
-0.17166606996189496	-0.01312039777699074
-0.17163851088566573	-0.013476126852322369
-0.17161021466296147	-0.01383179805090263
-0.17155141126739543	-0.014542960707972561
-0.17142496427773418	-0.01596452430754647
-0.17139151160964075	-0.01631974761297045
-0.17135732285587535	-0.016674900828969993
-0.17128673768181926	-0.017384990891810146
-0.17113674097800394	-0.01880426285224355
-0.1708014792833399	-0.021638832884688722
-0.17075626863314958	-0.021992751907670274
-0.1707103246255043	-0.022346576477026894
-0.17061623733027204	-0.02305393617690852
-0.17041927134328233	-0.02446745529909863
-0.16999022221094792	-0.02728935262444354
-0.1699333032813785	-0.027641578281055287
-0.16987565452879413	-0.027993685223679704
-0.16975816854806433	-0.02869753691862177
-0.16951444981415525	-0.030103749238141724
-0.16899208492301113	-0.03290987157924612
-0.16892812328791051	-0.03323663003996029
-0.1688635298422251	-0.033563264191860516
-0.16873244848780994	-0.03421615468309144
-0.1684627148399989	-0.0355203902389303
-0.16789302107494114	-0.03812240664383669
-0.16781898078201332	-0.038447029836840826
-0.1677443128268211	-0.03877150923353729
-0.16759309504905698	-0.03942003178418851
-0.1672831399912479	-0.040715297968420265
-0.1666332175716721	-0.043298443571339405
-0.16654916950659818	-0.0436206207045602
-0.1664644985284999	-0.043942634691649225
-0.16629328910227567	-0.04458616841056925
-0.1659434093833673	-0.04587122514401426
-0.16521388054065014	-0.04843302685862674
-0.16363636884565363	-0.05352124069000901
-0.16352382735122306	-0.05386410959438643
-0.16341056744105528	-0.054206741855427884
-0.16318189436701924	-0.054891290427349713
-0.1627159493352268	-0.056257481688434884
-0.1617497794269565	-0.05897790492480721
-0.15968128782540733	-0.0643682431980872
-0.15954601939390423	-0.06470279831312258
-0.15941005002252587	-0.06503706916677963
-0.1591360108526589	-0.06570475221695235
-0.15857954772424707	-0.06703664264834513
-0.157433220245956	-0.06968619358938323
-0.15500810484289945	-0.07492577558491718
-0.15485359711575544	-0.07524458700996356
-0.15469843367714417	-0.07556307981962426
-0.15438614229638722	-0.07619910419964497
-0.15375372009198296	-0.07746727032666656
-0.15245766880160108	-0.07998777180025698
-0.1497419826940654	-0.08496306864066819
-0.14956683173863408	-0.0852710223795622
-0.1493910474579942	-0.08557861504717174
-0.14903758190112812	-0.08619271196019537
-0.148323083815153	-0.08741651572530088
-0.14686399007382225	-0.08984627334277653
-0.143826810419707	-0.09463209296260094
-0.14364491614603697	-0.09490796847149709
-0.1434624927137516	-0.09518349435876708
-0.14309606106332484	-0.09573349320979511
-0.14235687755786022	-0.09682925087991269
-0.14085338286552115	-0.09900358048741259
-0.13774713366432895	-0.10328170980986988
-0.1375486491979099	-0.10354590053603761
-0.13734965803028137	-0.10380970982019667
-0.13695015852543144	-0.10433618017661886
-0.13614511147983518	-0.10538450091987878
-0.13451099194091615	-0.10746244674796616
-0.1311480093058647	-0.11154184895857477
-0.13091556061219434	-0.11181458046061592
-0.1306825447552592	-0.11208682755024496
-0.13021481559201006	-0.11262986377656457
-0.12927259588801096	-0.11371007152562912
-0.12736134037488167	-0.11584676685994395
-0.12343343251080108	-0.12002321505688053
-0.12318334730583465	-0.12027987096982935
-0.12293272843574014	-0.12053600579633142
-0.12242989404548175	-0.12104670775366336
-0.12141786921083485	-0.12206180995827187
-0.11936864161561324	-0.12406656202551904
-0.11517147538943816	-0.12797232384624702
-0.11492261163355634	-0.12819585698965258
-0.11467331402927218	-0.12841890617635943
-0.11417342104165994	-0.12886354931334354
-0.11316847040472058	-0.12974699117992894
-0.11113812347986823	-0.13149031113873844
-0.10699737245583925	-0.13488123183577133
-0.10673510032947578	-0.13508886990291027
-0.10647242526367251	-0.13529599799129444
-0.10594587028179978	-0.13570872110598026
-0.10488796877812458	-0.13652801331443978
-0.10275322376149346	-0.13814180909706206
-0.0984097787600457	-0.14126889204063128
-0.09814052466142352	-0.1414560773992026
-0.09787091451829671	-0.14164274956855694
-0.0973306300122973	-0.14201455163256324
-0.09624583158962942	-0.14275196781694244
-0.09405953791760317	-0.14420189922714488
-0.0896219466070884	-0.14700099013389287
-0.08934179049234695	-0.1471714268654424
-0.08906131025407293	-0.14734132967302976
-0.08849938147832213	-0.14767953105269224
-0.08737167929520961	-0.14834949973331124
-0.08510112589571762	-0.1496635653232606
-0.08050127414352921	-0.1521871521359705
-0.08018656228815599	-0.15235320686613837
-0.07987150790356816	-0.15251861079618753
-0.07924037693141933	-0.1528474634325191
-0.07797406394921319	-0.1534973282022612
-0.07542553722891791	-0.15476554121547145
-0.0702673267092772	-0.15717470283452226
-0.06994232845803362	-0.15731959542236695
-0.06961703143739369	-0.15746381599540135
-0.06896554664741915	-0.15775023863567159
-0.06765905305996103	-0.15831499282448916
-0.06503228279921733	-0.15941200270968087
-0.05972612972636232	-0.1614749944787069
-0.059414637724830355	-0.1615898673742133
-0.05910292478683881	-0.161704139389287
-0.05847884073877743	-0.16193087908066633
-0.057228072460975575	-0.16237712935136528
-0.05471639590296964	-0.16324062127233577
-0.04965457895053016	-0.16485086351983191
-0.04933659580416989	-0.16494630862327486
-0.04901842919707972	-0.16504114036518155
-0.04838155033386395	-0.16522896235612106
-0.04710564318108739	-0.16559723063651985
-0.04454549708232704	-0.166304188473042
-0.03939401350190029	-0.1675992127493467
-0.0390435703824757	-0.167681197591672
-0.038692956643907046	-0.16776244967256948
-0.037991223438760185	-0.16792275413300867
-0.036585777063383056	-0.16823455450845143
-0.033767308624970065	-0.16882284585391488
-0.03341431986131213	-0.16889306570192453
-0.033061185078153754	-0.16896254749268177
-0.03235448362671688	-0.16909929569113286
-0.030939396432014352	-0.16936392225740207
-0.0281028313710186	-0.16985763239525262
-0.027747691819134904	-0.16991600870047233
-0.027392431010732635	-0.1699736424782117
-0.026681551834807964	-0.17008668144706432
-0.025258406748446087	-0.1703038381908016
-0.024902340642623103	-0.1703562674060084
-0.024546165714374152	-0.17040795216981852
-0.023833495616959664	-0.17050908744305987
-0.02240691806885565	-0.17070241485299575
-0.0220500249906424	-0.17074888231523136
-0.02169303555453078	-0.17079460361035573
-0.020978773849155842	-0.17088380690333022
-0.01954916281242183	-0.171053250911294
-0.01668594021190179	-0.1713562482468425
-0.016351420534268326	-0.171388492789044
-0.01601683855250943	-0.17142008428644387
-0.01534749277630338	-0.17148130766783298
-0.014008109683709543	-0.17159591276332267
-0.013673127281946277	-0.1716229297160504
-0.013338092781208793	-0.1716492927306971
-0.012667872589357287	-0.17170005654643358
-0.011326863200547679	-0.17179373266805967
-0.010991499761964736	-0.1718155154430804
-0.010656094442263415	-0.1718366435462071
-0.009985163271664566	-0.17187693541725393
-0.009649639977228711	-0.17189609903164918
-0.009314079914588087	-0.17191460766710126
-0.008642854599190446	-0.17194965972157647
-0.008307191904015888	-0.1719662030070401
-0.007971497555791735	-0.17198209104644205
-0.007300019016719749	-0.17201190114740378
-0.006964237384419239	-0.17202582309537756
-0.0066284292161540295	-0.17203908957011807
-0.00595673838996988	-0.17206365590019915
-0.005620858291407146	-0.17207495566193412
-0.005284956775582368	-0.1720855997632251
-0.004949035122387264	-0.1720955881635147
-0.0046130946117902815	-0.17210492082474385
-0.004277136523832028	-0.17211359771135218
-0.003941162138620086	-0.172121618790278
-0.0036051727363238285	-0.17212898403095844
-0.0032691695971698497	-0.17213569340532955
-0.0029331540014373918	-0.17214174688782652
-0.0025971272294531595	-0.1721471444553836
-0.0022610905615861364	-0.1721518860874344
-0.001925045278243014	-0.17215597176591171
-0.0015889926598636162	-0.17215940147524786
-0.0012529339869157164	-0.17216217520237453
-0.0009168705398898513	-0.17216429293672297
-0.0005808035992947493	-0.1721657546702239
-0.0002447344456527554	-0.17216656039730766
0.00009133564050535251	-0.1721667101149042
0.0004274053786455494	-0.172166203822443
0.0007634734882351363	-0.17216504152185322
0.0010995386887473137	-0.17216322321756358
0.0014355996996663662	-0.17216074891650243
0.0017716552404928485	-0.17215761862809764
0.002107704030748158	-0.1721538323642766
0.002443744789979108	-0.17214939013946615
0.002779776237763112	-0.17214429197059264
0.00311579709371337	-0.1721385378770817
0.003451806077483439	-0.17213212788085822
0.003787801908771809	-0.17212506200634636
0.004123783307327082	-0.17211734028046938
0.004795697685513824	-0.1720999293948078
0.005125043116345936	-0.17209043653568978
0.005454369777233662	-0.1720803134130162
0.006112961964749542	-0.17205817652761
0.006442225079351272	-0.17204616284595148
0.006771464599965062	-0.17203351906288522
0.00742986803609588	-0.17200634138006332
0.007759029540277921	-0.1719918075798431
0.008088162627810876	-0.17197664387728576
0.008746338731373305	-0.17194442698960835
0.01006229690791494	-0.1718724369843101
0.010391197333636635	-0.17185286564954946
0.010720059702664942	-0.17183266492131227
0.011377665453086383	-0.17179037558264526
0.012692367288804495	-0.1716982475932552
0.013020929545449469	-0.17167364331125823
0.013349444114276823	-0.1716484102921681
0.014006325376054042	-0.17159605841466402
0.01531946271940203	-0.1714838140349623
0.015647609795616996	-0.17145418257270012
0.015975699564067598	-0.1714239231770972
0.016631702371509485	-0.1713615210314562
0.01794296743764042	-0.17122918657028205
0.018270622419385783	-0.1711945348730412
0.018598210486852347	-0.17115925619339264
0.019253181080167894	-0.17108681840598633
0.020562266523075905	-0.1709344248810715
0.020889352611653558	-0.17089476107082593
0.021216362195121796	-0.17085447137606344
0.02187014705645925	-0.17077201492550684
0.023176746041018142	-0.17059959805620536
0.025785793186430036	-0.17022478457538237
0.026139095319483177	-0.17017089090049348
0.026492284817234403	-0.17011626394660567
0.02719831981964459	-0.17000481114655847
0.028608971269699367	-0.16977311676728501
0.031424259727900215	-0.16927462986089245
0.03177557735314688	-0.16920903373597657
0.0321267580550722	-0.1691427084767757
0.032828702636501124	-0.16900787170186146
0.03423088217623409	-0.16872946132618766
0.037028064619767084	-0.1681377615067568
0.03737701022613998	-0.16806053528578238
0.03772579477220154	-0.16798258487948806
0.03842287467233781	-0.167824512857635
0.03981503566687806	-0.1674996935783284
0.04259102674198869	-0.1668154335037735
0.04810701002499644	-0.1653091044088122
0.04842718746302304	-0.16521559226783017
0.04874718313094767	-0.1651214599947158
0.04938662435279922	-0.1649313364677076
0.050663272753373526	-0.16454366353009756
0.05320736527768616	-0.16373869638602706
0.058256598242368215	-0.16201096621900624
0.058570366861997014	-0.1618977965867348
0.05888391563938226	-0.1617840192755848
0.05951034896066467	-0.16155464332716837
0.06076052576868354	-0.16108861822705484
0.06324985755418973	-0.16012757393204763
0.0681823456284684	-0.15809032911152013
0.06851410263929829	-0.15794683331273338
0.06884555765259341	-0.15780264131342073
0.06950755584394651	-0.15751217125857078
0.07082786406253977	-0.1569229049129765
0.07345340240418614	-0.15571121375558467
0.07864158206436106	-0.15315641019690635
0.07896295736633567	-0.1529909663279206
0.07928398461414995	-0.1528248481029571
0.0799249892887223	-0.15249059151694017
0.0812027598302257	-0.1518140184895432
0.08374103081119644	-0.15042880100787523
0.08874599496155233	-0.14753146373663079
0.08904990036566798	-0.14734822584223156
0.08935342743167178	-0.1471643619229929
0.08995934139268597	-0.14679475913731682
0.09116657262477043	-0.14604807581697588
0.09356236165546929	-0.14452497671835085
0.09827697503003328	-0.14136131222132486
0.09856814218438474	-0.14115844204406477
0.09885889056134647	-0.14095497213992986
0.09943912604378237	-0.1405462366114349
0.10059451744769403	-0.13972160703861897
0.10288470772898842	-0.1380439108744363
0.10738054863367004	-0.13457638050237752
0.10763910973720163	-0.1343696634995092
0.10789727289326023	-0.13416244972489885
0.10841240154666151	-0.13374653492660699
0.10943784158730901	-0.1329087778993537
0.11146924080483586	-0.13120972817738094
0.1154524417005395	-0.12771890274885783
0.11569780252169026	-0.12749667801805914
0.11594273560195523	-0.12727398192530862
0.11643131491928993	-0.12682717894896903
0.117403300926349	-0.12592795299529735
0.11932638173430242	-0.12410720783334148
0.12308739472097537	-0.12037806143476262
0.12333809896681792	-0.12012117946990075
0.12358826710411742	-0.11986377537934471
0.12408699070584037	-0.11934740529880557
0.12507795691808224	-0.11830844901014909
0.12703372495811302	-0.1162059255686007
0.13083871217692097	-0.11190449414511246
0.13107173335045758	-0.11163147016184652
0.13130418479998673	-0.11135796095474997
0.13176737448795564	-0.11080949162657291
0.13268687288523512	-0.10970678273436942
0.1344981227899922	-0.10747855311622341
0.13800788518452065	-0.10293302696843636
0.1382079746752907	-0.10266421065854879
0.1384075405575583	-0.10239500539966066
0.13880509847430716	-0.10185543211594837
0.13959389787211782	-0.10077166313432272
0.14114606424740772	-0.09858586593145757
0.14414736098902967	-0.09414309711225274
0.14433032995349324	-0.09386234745362196
0.14451275211457515	-0.09358124219233271
0.14487595326420233	-0.09301796912305352
0.1455957636528733	-0.09188720270160224
0.14700886477587363	-0.0896090290723964
0.14972780054451332	-0.08498805891471531
0.14988969839118332	-0.08470220026769533
0.15005105048036846	-0.0844160332148259
0.15037211503830267	-0.0838427780604635
0.1510076693480728	-0.08269261280218318
0.15225234982685107	-0.08037789737353697
0.15463499391850538	-0.07569282046411326
0.15477914607125856	-0.07539761505141049
0.15492273466375137	-0.07510213511141724
0.1552082190787503	-0.07451035595399695
0.1557724023194873	-0.07332355071601798
0.15687351210127692	-0.0709371948627742
0.15896581798799386	-0.06611545300001116
0.15910235265597766	-0.06578621279053531
0.15923820542277808	-0.06545669062610639
0.159507862926733	-0.06479680608282508
0.16003896969733405	-0.06347371575860729
0.16106822380522443	-0.060814568108462475
0.16299392206528715	-0.05544696370193574
0.16310836169197349	-0.05510940718379243
0.16322210224801129	-0.05477161447071314
0.16344748420120392	-0.05409532625177403
0.1638898380115176	-0.05273997924295378
0.1647408000892977	-0.05001852856618964
0.1663069413816184	-0.04453521822422813
0.16639266439129496	-0.04421386265363563
0.1664777664449327	-0.04389234208259018
0.16664610641605052	-0.04324881073924512
0.16697532106726967	-0.041959820882254494
0.1676038211861905	-0.03937440206245883
0.1676795720889257	-0.03905055080358596
0.16775469723304798	-0.03872655381307609
0.16790306912636047	-0.03807812747414581
0.16819229163049487	-0.036779579253591835
0.1687405918527882	-0.034175972190406356
0.16880629828500676	-0.033849934612964955
0.16887137475381503	-0.033523770711917804
0.16899963683212443	-0.03287106880828078
0.16924859089973457	-0.031564202705643626
0.1697161674433332	-0.028944894581517593
0.16977176663677512	-0.02861698214377338
0.169826732263803	-0.02828896291112949
0.16993476200048283	-0.02763260895803975
0.1701432098098957	-0.026318673400733742
0.17052961600671768	-0.023686166397078517
0.17058029816589493	-0.023318368116638535
0.17063018705867064	-0.022950461396489288
0.17072758412069472	-0.022214329481210673
0.17091284908707696	-0.020740839687118144
0.1709571788256695	-0.020372221821802754
0.17100071354521523	-0.020003509217532772
0.1710853971210491	-0.019265806651204778
0.17124521538401122	-0.017789340124700632
0.17128317950867977	-0.017420012381914485
0.17132034709826838	-0.017050603629124774
0.17139229198453412	-0.016311549965495994
0.1715266159792441	-0.01483254612996729
0.17155820319117224	-0.014462618428387686
0.17158899258905064	-0.0140926234698656
0.171648177373637	-0.01335243866479569
0.1717569671228222	-0.011871337698778966
0.17178216802107915	-0.011500920135641897
0.17180657006376054	-0.011130449088640313
0.17185297713219538	-0.010389353434637266
0.17187498194213743	-0.010018732274026089
0.1718961874648822	-0.009648064522314944
0.17193620025804085	-0.00890659614081337
0.17195500734237926	-0.008535798959146561
0.1719730147673704	-0.008164962082610984
0.17200663030806312	-0.007423176143268066
0.17202223826743898	-0.0070522305300611135
0.17203704625481697	-0.006681252121170279
0.17206426204184758	-0.0059392038172713865
0.17207666971493593	-0.005568137373083816
0.17208827716289843	-0.005197045034837446
0.17209908433175586	-0.004825928528259459
0.1721090911712505	-0.004454789579189588
0.17211829763484665	-0.0040836299135719265
0.17212670367973054	-0.0037124512574467586
0.1721343092668107	-0.0033412553369429887
0.1721411143607181	-0.002970043878269806
0.1721471189298064	-0.002598818607708351
0.1721523229461519	-0.0022275812516039974
0.1721567263855539	-0.0018563335363586267
0.1721603292275346	-0.001485077188422294
0.1721631314553394	-0.0011138139342848944
0.17216513305593678	-0.0007425455004684395
0.17216633402001852	-0.0003712736135193343
0.17216673434199964	-4.216868802631651e-17