1.2857309795450185	0.
1.2857285922822665	0.002477650026577122
1.2857214305028755	0.004955290852471185
1.2857094942334404	0.007432913277033297
1.285692783518286	0.009910508099682896
1.285671298419468	0.012388066119941924
1.2856450390167697	0.014865578137468981
1.2856140054077052	0.017343034952093505
1.2855781977075167	0.01982042736384992
1.2855376160491752	0.022297746173011817
1.2854922605833794	0.024774982180126096
1.2854421314785556	0.02725212618604716
1.285387228920857	0.029729168991971026
1.2853275531141624	0.03220610139946955
1.2852631042800762	0.03468291421052451
1.2851198885047688	0.03963614425348573
1.2850411220953755	0.042112543091712785
1.2849575837222438	0.044588785546206204
1.2847761923433556	0.049540764522782686
1.2846783400111905	0.052016482655832356
1.2845757170624685	0.05449200762714988
1.2843561608574172	0.05944244131417306
1.2842392284164037	0.06191733164658371
1.2841175269894614	0.06439199205074046
1.2838598190032382	0.06934058631685557
1.2832871962711037	0.07923461142987105
1.2831321255883474	0.08170740508009151
1.2829722900308576	0.08417989531218201
1.282638326683548	0.08912392879704477
1.2819132487933331	0.09900795084191394
1.281720076722553	0.10147806013186278
1.2815221450206424	0.10394779258591523
1.2811120056811576	0.10888609030263881
1.2802346449530975	0.11875776026689493
1.2800034174030943	0.12122459815644922
1.2797674365967266	0.12369098588189854
1.2792812187377773	0.12862237420674472
1.2782517836832732	0.13847934601348622
1.2759651362258129	0.15816802109793035
1.2756319185765392	0.16083333009836645
1.2752931334834587	0.163497937148252
1.2745988669046246	0.16882499888120775
1.2731435911075033	0.1794701874509608
1.2699664327870597	0.20072222436965823
1.269544327061892	0.20337490844929793
1.269116680461964	0.2060267049073925
1.2682447721277863	0.2113275886682384
1.2664345487051851	0.2219181957561987
1.2625489253842306	0.2430521811729272
1.2620384031588427	0.24568927675841104
1.2615223728179952	0.2483253000430043
1.2604737968227246	0.25359408369498226
1.2583106481526385	0.2641182774960481
1.253720900841792	0.28511060056448
1.2434922218111433	0.32685049496211377
1.2428522736121201	0.3292755346802682
1.242207596142139	0.33169932144724235
1.2409040632197341	0.33654309924071674
1.2382403552648698	0.34621521392816085
1.2326869445475233	0.36549562036211114
1.2206809733118935	0.4037847361603961
1.219890994045752	0.406165131944951
1.2190963728803503	0.4085439821999177
1.217493216964109	0.41329700991923196
1.2142313365641282	0.42278412111559205
1.2074860024743095	0.4416805469911534
1.1931148845453092	0.47914614058575694
1.1921963739097372	0.4814270015259499
1.1912735029890258	0.4837061017167844
1.189414693809186	0.4882589865149367
1.1856449016064907	0.4973432607931143
1.1778973992552677	0.5154239697467214
1.1615771545632148	0.5512192537989019
1.1605208675140677	0.5534396695450992
1.1594603360283469	0.5556580611660605
1.1573265552776537	0.5600887395859274
1.1530082322402595	0.568925450430884
1.1441694296465124	0.5864984808370498
1.1256905217924555	0.6212286220936878
1.1243993533302903	0.6235625437694422
1.123103345898063	0.6258937818786576
1.1204968364542358	0.6305481672781563
1.1152259967282991	0.6398242946177993
1.1044543111441114	0.6582437438798633
1.0820014093408599	0.6945337298837154
1.0805582625670853	0.69677686023561
1.0791104654979617	0.6990169919355073
1.0762009454166384	0.7034882208296929
1.070326377200193	0.7123942714756366
1.0583565509930422	0.7300586022586852
1.033545783796539	0.7647792260242108
1.0320631812611987	0.7667788088143849
1.0305767101739367	0.7687755174359148
1.0275921846454859	0.7727602822462539
1.0215769570954465	0.7806949932549849
1.0093630634921666	0.7964234789479157
0.9842118536677467	0.8273035590771328
0.9826082921597074	0.8292075107841076
0.9810010474748375	0.8311083543167307
0.977775532686563	0.8349006883703597
0.9712805709901734	0.8424477456666349
0.958116287050156	0.8573898368017994
0.931101402481911	0.8866534441697111
0.9292390115015667	0.8886050929774055
0.927372529747598	0.8905528298935068
0.9236273268038862	0.8944365337702278
0.916088194373501	0.9021566227054433
0.900816887910426	0.9174056279624447
0.8695172615539367	0.9471240064645894
0.8675281291660386	0.9489463087379947
0.8655351776733189	0.9507644334806644
0.861537852484338	0.9543881183766212
0.8534977600058671	0.9615850068645829
0.8372377943093449	0.9757750906545094
0.8040148612358364	1.0033265942222958
0.8019464068521046	1.004980652698743
0.7998745496680831	1.006630446864724
0.795720662078597	1.009917214281939
0.7873724410742159	1.0164392705905372
0.7705162042115995	1.0292759254976973
0.7361806469376605	1.0541073032837978
0.7340077334827854	1.055621522587171
0.7318317055034147	1.05713126270192
0.7274703429174486	1.0601372797602029
0.7187106505961176	1.066095283021878
0.7010454831611193	1.077793756848306
0.6651488751259067	1.1003095590244292
0.6630334537510407	1.101585580410691
0.6609155844656307	1.1028575347578882
0.6566725334487653	1.1053892235659677
0.6481574011328417	1.110403591095829
0.6310127788532867	1.1202352541701435
0.5962803285643956	1.1391022436677618
0.5940904959856096	1.140245865741843
0.5918984700327473	1.1413852780436085
0.5875078703845813	1.1436514565189724
0.5787007072271397	1.1481331121505909
0.5609843490084604	1.1568926968087172
0.5251581975117853	1.1735898002913818
0.5227118304485	1.1746814436565223
0.520263194207177	1.1757679875362903
0.5153591567199529	1.1779257579944042
0.505524319980419	1.1821798990298082
0.4857499935395138	1.1904415548602776
0.44580200688512267	1.2059704484020284
0.44328834553340396	1.2068966792878544
0.44077275979406	1.2078176708366708
0.4357358588430888	1.2096439199533342
0.4256394453486778	1.2132333717488415
0.4053586291732509	1.2201592246574116
0.3644648025247126	1.2329921165532305
0.36206581734987564	1.2336987053849733
0.35966546232572044	1.2344006266086462
0.354860679060867	1.2357904556267836
0.34523507427126576	1.238513986701283
0.3259217527058775	1.2437359699208357
0.32350194255032044	1.2443675682562454
0.3210809084490209	1.2449944586187298
0.3162352050530072	1.2462341059555686
0.3065295142494411	1.2486568017897448
0.2870630544313486	1.253275290804992
0.2846247628310037	1.2538312869541848
0.2821853943738587	1.2543825393251704
0.27730346380989124	1.2554708044079834
0.26752708675254255	1.257590318671184
0.24792634154421458	1.261600840571333
0.24547192993391032	1.2620806960635735
0.24301658959866174	1.2625557765665754
0.23810315991520778	1.2634916054332082
0.22826556482242905	1.265305885419842
0.208549517138949	1.2687045560976375
0.2061299244692046	1.2690999196281247
0.20370958230428238	1.2694906686696077
0.1988666846933723	1.270258317619239
0.1891722829275897	1.2717381802610774
0.1867469408574225	1.2720965890380285
0.18432091976924242	1.2724503724299872
0.17946687582565102	1.2731440579302773
0.16975102801185518	1.274475868838132
0.16732050092239178	1.2747972394592297
0.16488936545008973	1.2751139748756812
0.16002530471790358	1.275733535504862
0.1502902717500153	1.2769169847641229
0.13079454269236807	1.2790609599873208
0.12835534340233215	1.279308038582523
0.12591567740805018	1.279550465571665
0.12103498079123663	1.2800213612227953
0.11126837752743991	1.2809072956011314
0.10882569307416222	1.2811171376141688
0.10638261292708903	1.2813223214432026
0.10149530108544164	1.281718711581979
0.09171632002629	1.2824555619601905
0.08927071882649941	1.2826281185604784
0.08682479303544216	1.2827960114827865
0.08193200325454175	1.2831178038685656
0.07948515705504298	1.2832717021619886
0.07703802184490167	1.2834209344373408
0.0721429199851663	1.2837053987803457
0.06969497113432341	1.2838406298136769
0.06724676887027538	1.2839711927602973
0.06234963971042917	1.2842183125114564
0.05990073062075354	1.2843348684174594
0.05745160373005332	1.2844467544396838
0.05255273216676205	1.2846565152224938
0.04989475629937456	1.2847624936367106
0.047236566858846536	1.2848629726601908
0.04457817522348524	1.2849579518628371
0.0419195927724631	1.285047430838093
0.039260830885769926	1.2851314092029467
0.03660190094416357	1.285209886597931
0.0312835824227889	1.2853503371581576
0.02862421660793762	1.2854123097222052
0.02596472826790957	1.2854687801139966
0.02330512878657188	1.2855197480918112
0.020645429548267154	1.2855652134374826
0.017985641937765567	1.2856051759563973
0.015325777340215566	1.2856396354774968
0.012665847141094576	1.2856685918532782
0.010005862726161103	1.2856920449597944
0.007345835481405731	1.285709994696655
0.0046857767930023695	1.285722440987027
0.002025698047259526	1.2857293837776338
-0.0006343893694287236	1.2857308230387574
-0.0032944740706306176	1.2857267587642371
-0.005954544669926017	1.2857171909714697
-0.008614589780955719	1.2857021197014098
-0.011274598017469335	1.28568154501857
-0.01393455799337431	1.2856554670110192
-0.016594458322784684	1.285623885790384
-0.019254287620069796	1.2855868014918466
-0.02191403449990333	1.2855442142741453
-0.024573687577311182	1.285496124319574
-0.02723323546772077	1.2854425318339797
-0.029892666787010327	1.2853834370467645
-0.03255197015155678	1.2853188402108813
-0.03521113417828478	1.2852487416028353
-0.03787014748471538	1.2851731415226817
-0.040528998689014814	1.2850920402940245
-0.043187676410043445	1.2850054382640153
-0.0458461692674037	1.284913335803352
-0.04850446588148928	1.2848157333062762
-0.05382042486566197	1.284604029897568
-0.05647806448093197	1.2844899298921266
-0.05913546234339071	1.2843703316626502
-0.06444948731128261	1.2841146426028736
-0.07507413579222014	1.283537309896695
-0.07772952295135466	1.2833792397508803
-0.08038457739139082	1.2832156761353097
-0.0856936426560894	1.2828720713189306
-0.0963072806026401	1.2821189724299056
-0.09895968787800867	1.281916975446101
-0.10161167155913824	1.281709491251723
-0.10691432273356745	1.2812780648072515
-0.11751404260229639	1.2803494060423735
-0.119985520784554	1.2801201609864021
-0.12245655180701175	1.2798861452025057
-0.12739723553826066	1.2794038049572158
-0.13727283200337648	1.2783819152958813
-0.13974047515309873	1.2781145298312584
-0.14220759752062614	1.2778423811132593
-0.1471402431333689	1.2772837979918346
-0.15699888055204086	1.2761095185238605
-0.1594621001132914	1.2758040564245168
-0.16192472539416325	1.2754938396824258
-0.16684815640635614	1.274859146912157
-0.17668748340149096	1.2735327577141629
-0.1963339446360762	1.270652247448306
-0.19878655571296722	1.2702708597104666
-0.20123842595583233	1.2698847379508944
-0.2061399073919428	1.2690982981401535
-0.215933578391315	1.2674686747548891
-0.235481709971517	1.2639827989457304
-0.2744048303548264	1.256107535539745
-0.2770327326289092	1.255530571835649
-0.2796594218077598	1.2549481103041442
-0.2849091148772188	1.2537667039851044
-0.29539343814845864	1.2513380312531963
-0.31629926418438215	1.2462178490288973
-0.3189063797919554	1.2455532396047073
-0.3215120989442969	1.2448831760427264
-0.326719302248843	1.243526698265792
-0.337116449764325	1.2407484237588577
-0.3578391610308269	1.2349312882077879
-0.3604225676795972	1.2341797780181942
-0.3630043960784101	1.2334228634939202
-0.368163272910978	1.2318928347227567
-0.3784615906021333	1.2287680725835515
-0.3989779591996697	1.2222605040803125
-0.4396695465842976	1.2082196992137444
-0.44215068077935876	1.2073139306941432
-0.44462994900654224	1.2064030670585317
-0.4495828457130848	1.2045660698369007
-0.45946578767145624	1.2008311045776758
-0.4791379328693191	1.1931181806709295
-0.5180887177599715	1.176727764732192
-0.5205049921787652	1.1756609651080434
-0.5229190699581833	1.174589203949986
-0.5277405948565632	1.1724308151452834
-0.5373568373391426	1.1680546995439327
-0.5564798236431322	1.1590661575768233
-0.594269777513696	1.1401524386219657
-0.5964530714398041	1.139011802103831
-0.5986341760469407	1.137866984770361
-0.6029897852888294	1.1355648244812464
-0.6116743802281025	1.130910520038769
-0.6289352935671816	1.1214029375150378
-0.663009867674701	1.1015997762925374
-0.6651191735296436	1.1003275134090924
-0.6672260380223141	1.0990512117034574
-0.6714324119963105	1.0964865105794095
-0.679815523932202	1.0913088495850194
-0.6964614836728475	1.0807615618266635
-0.729258710724051	1.0589078735163355
-0.7314575068857091	1.0573902152858876
-0.7336531446637027	1.0558679913165532
-0.7380349071599175	1.0528098724723496
-0.7467601153201008	1.0466391364404937
-0.7640551592000118	1.034081169667854
-0.7980071058134093	1.0081115071424882
-0.8001002006169529	1.0064511020086888
-0.8021898406423588	1.004786351087623
-0.8063587202820202	1.0014438406555484
-0.8146546262193266	0.9947069878819802
-0.8310770238466925	0.9810275899259495
-0.8632283614789124	0.9528593535775491
-0.8650748271466322	0.9511833131415925
-0.8669180386282983	0.9495036946018995
-0.8705946713110128	0.9461337484978867
-0.8779085821852044	0.9393511979485398
-0.892377449414698	0.9256168967439556
-0.920667241844093	0.8974831371992362
-0.9224061962257978	0.8956957970907576
-0.9241416807557798	0.8939050876081169
-0.9276022141598906	0.8903135874777274
-0.9344813563736017	0.8830904519651122
-0.9480704977251736	0.8684851657368331
-0.9745608296871541	0.8386509053243064
-0.9763211955427732	0.8366009053878216
-0.9780772492081738	0.8345472103740834
-0.9815763889630285	0.8304287714139572
-0.9885225822023308	0.8221479527663065
-1.002204912013638	0.8054126061203218
-1.0287159134294535	0.7712637170376925
-1.0303345380258602	0.7691000529923462
-1.0319486118673133	0.7669329920057669
-1.0351630787894914	0.7625887175095457
-1.0415370912489623	0.7538598273647718
-1.0540638609128485	0.7362428464027964
-1.0782200963769653	0.7003895883939456
-1.0796629475577346	0.6981633558363954
-1.0811012021779998	0.6959341509159297
-1.083963897263695	0.6914668619613631
-1.0896338606012757	0.6824970341275867
-1.1007507347767065	0.6644185214534087
-1.1220817787419355	0.6277233734513372
-1.1233746009756844	0.6254067937307001
-1.1246626405507958	0.6230875514011688
-1.1272243498106753	0.6184411184225163
-1.1322901365109128	0.6091167363665944
-1.1421899817729553	0.5903441346361366
-1.1610534300179893	0.5523215407760724
-1.1621144447916911	0.5500856014915244
-1.163171153631935	0.5478476239980841
-1.1652716378665051	0.5433655875611789
-1.1694207639282361	0.5343774215433257
-1.177510790896725	0.516306584389122
-1.1928513166085104	0.47980192603525046
-1.1937726791981431	0.47750491323323546
-1.1946896185524025	0.4752061311524793
-1.196510213981217	0.4706032932315871
-1.2000981776241377	0.461376761253768
-1.2070604571052892	0.44284218933448866
-1.220124735425388	0.40546242953561046
-1.2209682764599032	0.40291515191206967
-1.2218064995008862	0.4003661193697382
-1.223466977021732	0.39526283394609435
-1.226723957054155	0.38503569308726227
-1.232981230488749	0.36450162828750593
-1.2337392585240377	0.3619276084223892
-1.2344919129410896	0.3593520121619493
-1.2359810878309943	0.35419613533451366
-1.238894811519856	0.34386595898834404
-1.244463051742109	0.32313443736393965
-1.2451347216385524	0.32053654508008506
-1.2458009682832016	0.31793725668192757
-1.2471171802332575	0.3127345368341043
-1.2496843990135793	0.3023128423072065
-1.2545573978884346	0.2814069778189463
-1.2632530145526117	0.2393657723767777
-1.263717033140521	0.23690380307692818
-1.2641762535709702	0.23444093428635443
-1.2650802930033296	0.22951253564109014
-1.2668307184817162	0.21964535613777786
-1.2701005898469713	0.19987156734305203
-1.2704876389013757	0.19739633015990948
-1.270869864091274	0.19492034349041154
-1.2716198370908485	0.18996615929906255
-1.2730618340884796	0.1800492109093211
-1.275713731640956	0.16018310355496232
-1.2760234349819508	0.15769700421585628
-1.276328293439793	0.15521030612320286
-1.2769234710943989	0.15023515144607358
-1.2780556381085781	0.14027807262957442
-1.2783265510048938	0.13778744775096788
-1.2785926102734462	0.13529629971262405
-1.2791101639049338	0.1303124719928445
-1.2800869844215705	0.12033895494095966
-1.2803190410429346	0.11784440973034349
-1.2805462364713283	0.11534941708092668
-1.280986040317148	0.11035812735991211
-1.2818072769744864	0.1003705955798067
-1.282000420932477	0.09787273619729162
-1.2821886973135321	0.09537450520563755
-1.282550644503884	0.09037696633802483
-1.2832160977461489	0.08037784674236387
-1.2833673012160414	0.07792638790068268
-1.2835138214178858	0.07547464468977884
-1.2837928098957956	0.0705703409489432
-1.2839252771537752	0.06811779831581224
-1.2840530591075396	0.06566500710699448
-1.2842945652543125	0.06075871476610634
-1.284408288566016	0.058305231538093645
-1.2845173248108972	0.055851535542444666
-1.284721334525717	0.05094354106512095
-1.2848163072511827	0.04848926049371531
-1.284906591420883	0.04603480297514565
-1.285073092792238	0.0411253929243836
-1.285149309386295	0.038670458307626
-1.2852208362093942	0.036215382574509215
-1.28528767300052	0.03376017468410286
-1.285349819515771	0.031304843595959406
-1.2854072755283623	0.028849398270080873
-1.2854600408286248	0.026393847666886183
-1.2855081152240075	0.02393820074717843
-1.2855514985390772	0.021482466472111605
-1.2855901906155194	0.019026653803159637
-1.2856241913121385	0.016570771702082508
-1.2856535005048593	0.014114829130892447
-1.2856781180867267	0.011658835051822913
-1.2856980439679058	0.009202798427295333
-1.2857132780756835	0.0067467282198863865
-1.285723820354467	0.004290633392295308
-1.2857296707657855	0.0018345229073106018
-1.2857308292882899	-0.0006215942722209474
-1.2857272959177521	-0.0030777091834281256
-1.2857190706670665	-0.005533812863449138
-1.2857061535662484	-0.007989896349462603
-1.285688544662435	-0.010445950678720832
-1.2856662440198852	-0.012901966888582536
-1.2856392517199777	-0.015357936016545531
-1.2856075678612136	-0.017813849100280017
-1.2855711925592137	-0.02026969717765956
-1.2855301259467184	-0.022725471286794967
-1.2854843681735886	-0.02518116246606808
-1.2854339194068034	-0.027636761754162832
-1.2853787798304608	-0.03009226019009847
-1.2853189496457762	-0.03254764881326227
-1.2851852183418273	-0.03745806078086037
-1.2851113177105755	-0.03991306620620367
-1.2850327274470057	-0.042367925980657924
-1.2848614791871904	-0.04727717274433676
-1.2847688218158648	-0.0497315418187224
-1.284671476062058	-0.05218572941260707
-1.2844627208450459	-0.057093524336252185
-1.284351312143631	-0.05954711375647176
-1.2842352165833124	-0.06200048587717336
-1.2839889665976911	-0.06690654240943658
-1.283440244106208	-0.076715654011354
-1.2832785041201107	-0.07937526456676379
-1.283111252758851	-0.08203453422434082
-1.282760218807731	-0.08735200516379064
-1.281992047594456	-0.097982353851939
-1.2817862380447136	-0.10063891752683704
-1.281574923528736	-0.10329504898158227
-1.281135783251895	-0.10860596960271705
-1.2801914846189504	-0.11922212240570274
-1.2799416620740756	-0.12187490902087275
-1.2796863424849791	-0.12452717221237049
-1.2791592165838732	-0.12983008276329644
-1.2780390500798036	-0.14042912174084915
-1.2755353355920325	-0.1615975229324818
-1.2751977051329473	-0.1642405692435872
-1.2748545980038046	-0.1668829101806134
-1.2741519596531143	-0.17216543054260652
-1.2726810293229482	-0.18272150766473474
-1.2694769158030075	-0.2037952698299853
-1.2690518486066664	-0.20642567018129074
-1.2686213311352563	-0.20905518398356687
-1.267743952786507	-0.21431150677235036
-1.2659238757101776	-0.22481301712471116
-1.2620228856278743	-0.2457689726415556
-1.2615452239235647	-0.24820918548159296
-1.2610628438952123	-0.25064846999076706
-1.2600839361006464	-0.25552421752721316
-1.2580695811874176	-0.2652641714455762
-1.2538151418766659	-0.28469587591426215
-1.2532622133523736	-0.287120142701452
-1.2527045974834496	-0.28954333562632906
-1.2515753120714197	-0.29438646364111426
-1.2492605860494914	-0.3040594348233154
-1.244407003896452	-0.3233502132599394
-1.2437793379222477	-0.32575621301747754
-1.2431470200704546	-0.3281609944093621
-1.241868438211259	-0.33296686612412485
-1.2392555571838395	-0.34256359373226486
-1.2338074789755962	-0.36169497727460403
-1.2220267150283486	-0.3996934569377088
-1.2211862618105611	-0.40225398161726167
-1.2203404435065797	-0.4048127390583911
-1.218632726527457	-0.40992490726723246
-1.2151530766146543	-0.42012754272450714
-1.2079377769383555	-0.44044350240072405
-1.192490404115697	-0.4806982295097148
-1.1914802274773195	-0.4831966673026496
-1.1904648162614506	-0.4856929822484399
-1.1884183079644015	-0.4906791997393222
-1.1842626742648483	-0.5006256786311132
-1.1757019685212242	-0.520412368201517
-1.1575913502615562	-0.5595412563532912
-1.1564374957023271	-0.5619221212014376
-1.1552787443286792	-0.5643006066487462
-1.1529465707852904	-0.5690503990651726
-1.1482236792031133	-0.5785209886244911
-1.1385448448946627	-0.5973439444119119
-1.118264261816153	-0.6344991666712948
-1.116956244850183	-0.636798946962046
-1.1156434982490493	-0.6390960307938208
-1.1130038383960483	-0.6436820701848511
-1.107668008989312	-0.6528213642516965
-1.096771583309525	-0.6709666502938204
-1.0740901054580445	-0.7067068678871882
-1.0727317297906824	-0.7087670898553933
-1.0713694023981077	-0.7108247008699924
-1.0686329125260072	-0.714932059728738
-1.0631127338679358	-0.7231151131387286
-1.05188472451462	-0.7393528779240631
-1.0286874393745862	-0.771301694432697
-1.027205169129938	-0.7732746551352425
-1.0257191148706546	-0.7752447672514492
-1.0227356762193869	-0.7791764167053994
-1.0167236325428297	-0.787005213953952
-1.0045201245684354	-0.8025231903806939
-0.9794055693433336	-0.8329879245829759
-0.9776696562603039	-0.8350246672941177
-0.9759295076355899	-0.8370577924420438
-0.972436533934692	-0.8411131548316644
-0.9654000929660034	-0.8491800823518088
-0.9511269499430596	-0.8651367966130011
-0.9217935665519631	-0.8963262644959169
-0.9199259450466816	-0.8982429556594154
-0.9180543381618175	-0.9001557553801787
-0.9142992007038949	-0.903969647363235
-0.9067414591520936	-0.9115503705317247
-0.8914379487882322	-0.9265217402856889
-0.8600937598895009	-0.9556897383361058
-0.8582352600936717	-0.9573590706175715
-0.8563735203436582	-0.959024788739062
-0.8526403491065617	-0.9623453573625392
-0.8451354372444378	-0.9689428489211558
-0.8299729266091309	-0.9819618591664683
-0.7990500431001644	-1.0072850541844738
-0.7970914103873733	-1.008835682977392
-0.7951297685467005	-1.0103825032791607
-0.7911974871148955	-1.013464695065826
-0.7832971413147565	-1.0195831207753114
-0.7673549919105646	-1.0316348521408776
-0.7349184017780129	-1.0549877224355948
-0.7329076281097368	-1.05638561161176
-0.7308941955221782	-1.0577796683212344
-0.726859382817003	-1.0605562641240105
-0.7187581724181634	-1.066063244532844
-0.702431060707236	-1.076891246466188
-0.6692913915121703	-1.0977946916475299
-0.6671992022329306	-1.0990675030686394
-0.6651045924183383	-1.1003363271772084
-0.6609081415880319	-1.1028619950585143
-0.6524865284461568	-1.107865281502257
-0.6355301700788137	-1.1176786455334051
-0.6011787495113834	-1.1365246424507134
-0.5988285000068555	-1.1377647293449256
-0.5964756925144314	-1.1389999561023794
-0.5917624437782953	-1.1414558081219495
-0.5823056933947498	-1.146308959749444
-0.5632734467240725	-1.1557798994520436
-0.5247522359369594	-1.1737713757972437
-0.5223251682370416	-1.1748534250654161
-0.5198958693449591	-1.1759304557667694
-0.5150306195022761	-1.1780694430876706
-0.5052738027374593	-1.182286993935491
-0.4856572379388445	-1.1904793988135223
-0.44603120092274134	-1.2058856992124958
-0.4437049970960801	-1.2067435631954953
-0.44137714332901845	-1.207596939838996
-0.4367165206047793	-1.2092902184308976
-0.4273758571534559	-1.2126227890338124
-0.4086188053131722	-1.2190712955796426
-0.37081745597927857	-1.2310964893552612
-0.3684427766673247	-1.2318092677372843
-0.3660667272815012	-1.2325174655716664
-0.3613105536351607	-1.2339201090806675
-0.35178215455378414	-1.236670314796668
-0.3326631350526138	-1.2419498340668833
-0.294192160649306	-1.2516209986950066
-0.2915750721801854	-1.25223325664387
-0.2889567095373979	-1.2528400423737711
-0.28371620750498733	-1.2540371865940736
-0.27322041717814016	-1.2563656933388445
-0.252172261737502	-1.2607590182790627
-0.24953616254795272	-1.2612834159468815
-0.24689897289341864	-1.2618023018468336
-0.2416213682918417	-1.2628235292971741
-0.23105358089702288	-1.264799744827795
-0.2098702809502831	-1.2684867429089048
-0.20721811980159358	-1.2689226937003235
-0.20456505311640188	-1.2693530993404776
-0.1992562495156774	-1.2701972676677977
-0.18862828626298556	-1.2718189813740326
-0.18596920566433076	-1.2722105196493112
-0.18330931238624126	-1.2725964984056322
-0.17798713428985602	-1.2733517706388433
-0.16733353761608058	-1.2747955282909806
-0.16466828123657326	-1.2751425445480147
-0.1620023052619854	-1.2754839884732365
-0.156668241131577	-1.2761501533842052
-0.1459919905442997	-1.277415551204347
-0.12460961367055763	-1.2796783173683404
-0.1221114405220423	-1.2799191177005773
-0.11961280209000671	-1.280155041132897
-0.11461416745954324	-1.2806122537205977
-0.10461173381747925	-1.2814681177889264
-0.10211010507255648	-1.281669878792454
-0.0996080872555786	-1.281866756225107
-0.09460292254084153	-1.2822458573957354
-0.08458834381491727	-1.2829454251262764
-0.0820838695095831	-1.2831080976005593
-0.0795790824385363	-1.2832658810238948
-0.07456860817660506	-1.2835667783315352
-0.07206294007722502	-1.2837098910693252
-0.06955699739506851	-1.2838481124631431
-0.06454432647719369	-1.2841098791308314
-0.062037617341349764	-1.2842334234072872
-0.059530671822405366	-1.2843520743449461
-0.05451610984512174	-1.284574694414127
-0.05200851249386246	-1.2846786626973956
-0.04950071697358975	-1.2847777359453632
-0.0444845696487202	-1.284961195844046
-0.041976236957243965	-1.2850455817957205
-0.03946774432292272	-1.2851250713140154
-0.036959101303912036	-1.2851996640960501
-0.034450317458940526	-1.2852693598576024
-0.03194140234727564	-1.285334158333109
-0.029432365528685025	-1.2853940592756676
-0.026923216563397783	-1.285449062457036
-0.024413965012070316	-1.2854991676676348
-0.021904620435752215	-1.2855443747165471
-0.019395192395847513	-1.2855846834315197
-0.016885690454075983	-1.2856200936589635
-0.01437612417243899	-1.285650605263954
-0.011866503113185337	-1.2856762181302326
-0.00935683683877255	-1.2856969321602059
-0.0068471349118281516	-1.285712747274947
-0.004337406895115516	-1.2857236634141953
-0.0018276623514997064	-1.2857296805363565
0.000682089156091236	-1.285730798618504
0.0031918380647050215	-1.2857270176563769
0.0057015748113992655	-1.2857183376643824
0.008211289833275634	-1.2857047586755936
0.010720973567518579	-1.2856862807417513
0.013230616451434047	-1.2856629039332619
0.01574020892248364	-1.2856346283391986
0.01824974141831876	-1.2856014540673004
0.020759204376819343	-1.285563381243972
0.023268588236132565	-1.285520410014283
0.02577788343470698	-1.2854725405419671
0.028287080411326715	-1.2854197730094228
0.030796169605150123	-1.2853621076177109
0.03581398640314044	-1.2852320841543399
0.03827351858286621	-1.2851611920444375
0.04073291058975853	-1.2850855931636147
0.0456512380565119	-1.2849202762139371
0.04811015550350243	-1.2848305587505386
0.05056889675198782	-1.2847361357271303
0.05548581463457192	-1.2845331744007746
0.057943973260963684	-1.284424636841152
0.0604019196735024	-1.284311395208167
0.06531713984992417	-1.284070801398279
0.07514463760569941	-1.2835331843006244
0.07760084651360555	-1.2833870267312837
0.08005677121637848	-1.2832361688887206
0.08496773202930909	-1.2829203546111458
0.09478584750619146	-1.2822323482404918
0.09723953098745275	-1.2820486049191477
0.09969285833891522	-1.281860166226414
0.10459840871354158	-1.2814692055045207
0.11440484065402408	-1.2806309711219388
0.11685542359241335	-1.2804096851159905
0.11930557855981107	-1.2801837097410282
0.1242045686894669	-1.279717694211679
0.13399701857453403	-1.2787294282900228
0.136443926580557	-1.2784706514664592
0.13889033487470734	-1.2782071923753928
0.14378161649037627	-1.277666231267465
0.1535577890782514	-1.276528165445319
0.15600044862377724	-1.2762319584585606
0.15844253683367515	-1.2759310774032828
0.16332496347312878	-1.2753152975120678
0.17308256733725463	-1.2740276985394539
0.19256677695980565	-1.2712286136541708
0.19520521637344646	-1.2708261388806845
0.19784281463332073	-1.2704181880230456
0.20311544223302117	-1.2695858651104608
0.21365010374941304	-1.267855585202691
0.23467451128608635	-1.264132914496901
0.23729813051291412	-1.263643046519415
0.23992072720448418	-1.2631477334102548
0.24516280778245542	-1.2621407803577285
0.2556342015741134	-1.2600616281544954
0.27652339446514956	-1.2556428489324756
0.27912929959545496	-1.2550661280861433
0.2817340019368904	-1.2544839990667147
0.28693975336296434	-1.2533035265656096
0.2973363292522356	-1.2508777954175216
0.31806726625845333	-1.245767781689937
0.3592603028617236	-1.234518605185639
0.3616513690139363	-1.2338202620528398
0.3640410777177886	-1.2331172878099892
0.36881638690672575	-1.2316974565658814
0.3783503215827729	-1.228802338018611
0.3973494539403626	-1.2227908910419183
0.4350568267986742	-1.209888304438745
0.43740003227450347	-1.2090431603247487
0.43974159598147294	-1.2081934781008627
0.4444197629390464	-1.2064805120974786
0.4537560093290463	-1.2030002642391942
0.4723461917311449	-1.1958232423393003
0.5091817206593913	-1.1806092186274568
0.5116592623757714	-1.1795376004972773
0.5141345487924406	-1.1784607831827865
0.5190783120942098	-1.1762915700094168
0.5289382957064979	-1.1718909638259432
0.5485456606062252	-1.1628421259964195
0.587290679160631	-1.1437630042682958
0.5896906908898921	-1.1425274792492277
0.5920881033712894	-1.1412869181796408
0.5968750883325867	-1.1387907097837422
0.60641740309066	-1.1337381024692488
0.6253730605072163	-1.1233933803230418
0.6627498364809182	-1.1017562371079679
0.6650193840472122	-1.1003878273605443
0.6672861062068847	-1.0990147424966814
0.671811035796751	-1.0962545707742748
0.6808265671681134	-1.090678383942707
0.6987181778151779	-1.0793039700438567
0.7339266313844541	-1.0556779108736054
0.7361010504556319	-1.0541628884000365
0.7382723421220554	-1.0526433872016712
0.7426055063541023	-1.0495909744726086
0.7512339009576634	-1.0434326896420891
0.7683369063957748	-1.0309037540100257
0.8019115801116178	-1.005008442474331
0.8038424991255985	-1.0034646921348578
0.8057704462914098	-1.0019172319334242
0.8096173965786453	-0.9988112048425416
0.8172753220946593	-0.9925548849594483
0.832445691189362	-0.9798664822219698
0.8621919996671914	-0.953797204583701
0.8640243397538279	-0.9521376434501236
0.8658534854968521	-0.9504745622133952
0.8695021669141016	-0.947137864037477
0.8767609008718338	-0.940422497850941
0.8911223544964495	-0.9268252807722159
0.919209376823485	-0.8989762362385186
0.9210816212893814	-0.8970578569327161
0.9229498621284166	-0.8951355784231402
0.926674300460921	-0.8912793572315334
0.9340747774673025	-0.88352049317557
0.9486803374059404	-0.8678189725865317
0.9770957566952215	-0.835696137366917
0.9788359450240006	-0.8336572104233037
0.9805718786876205	-0.8316146598568495
0.9840309518558693	-0.8275187233842051
0.9908977114511102	-0.8192837586591992
1.0044240185112079	-0.8026434717853186
1.0306347162905087	-0.7686977516154029
1.0321289727619907	-0.7666902473274789
1.0336193189561746	-0.7646798383914452
1.0365882579424484	-0.7606503370522049
1.042478965147227	-0.7525568144581242
1.0540704517473853	-0.7362334103495003
1.0764839581326864	-0.7030550758260532
1.0778503595272717	-0.7009584539961866
1.0792126774265742	-0.6988591765467188
1.0819250421099538	-0.6946526866119265
1.0873005434787268	-0.6862081899195448
1.0978534990076518	-0.6691949241278273
1.1181583503629016	-0.6346857925584181
1.1193673938972455	-0.6325510171057205
1.1205723617470018	-0.6304139384963972
1.1229700528581656	-0.6261329029411575
1.1277163348177897	-0.6175435368837761
1.1370115349464114	-0.6002573790971654
1.1548049799668907	-0.5652695021009552
1.1558814997096345	-0.5630649255554807
1.1569538108177173	-0.5608582988564531
1.1590857915278368	-0.5564389271430251
1.1632990785691923	-0.5475759358863942
1.1715221012322972	-0.5297547716501062
1.187147317726748	-0.4937462888731218
1.1881669505442003	-0.49128754248025536
1.1891814909639844	-0.4888266904644915
1.1911952772394032	-0.4838987117613912
1.1951615511599587	-0.47401795154900395
1.2028479599043442	-0.4541595943231303
1.2172289605063553	-0.41407464238517494
1.2180835888634565	-0.4115537902915175
1.2189329966023406	-0.4090311743080612
1.2206161356858438	-0.4039806939262699
1.2239196077532775	-0.39385904270291416
1.2302745421719468	-0.37353541016267705
1.2419703926251557	-0.33258637314885453
1.2426105669864935	-0.33018650877238676
1.243246104084895	-0.32778541218230467
1.2445032570232315	-0.3229795582081951
1.2469618125485502	-0.31335345826626315
1.2516554142285299	-0.2940457035805829
1.2522211174855928	-0.29162720155178573
1.2527821476143803	-0.289207611207751
1.2538901801298061	-0.28436520169640195
1.256050076668289	-0.2746677204612478
1.260144750268205	-0.2552241370507029
1.2606354420140968	-0.2527893077242692
1.2611214292305355	-0.25035353502062635
1.2620792828380485	-0.2454791958451669
1.2639384570765182	-0.2357195971590463
1.2674302910229014	-0.21615875915492302
1.2678455025079727	-0.2137099284827424
1.2682559825565716	-0.2112603002725734
1.269062742234579	-0.2063586878080077
1.2706194181348611	-0.19654629485294212
1.273505076736919	-0.1768868883978877
1.273883568101197	-0.17414019261375493
1.274256135398951	-0.1713926870082932
1.2749834908920992	-0.16589529744507236
1.2763670386930863	-0.15489136289552788
1.2766980905565104	-0.1521385465000662
1.2770232052647594	-0.14938502259970032
1.2776556171956956	-0.14387590350742754
1.2788491305220233	-0.13284973889646
1.2791326443575168	-0.1300916211780725
1.279410209716189	-0.1273328984817743
1.2799474898675798	-0.12181368947484617
1.2809506135078979	-0.11076857639029561
1.2811865049365685	-0.108005978215157
1.2814164383371471	-0.10524287776915364
1.2818584268046127	-0.09971522146490838
1.2826708622110166	-0.08865444713402645
1.2828590610272697	-0.08588819070177722
1.2830412940373779	-0.0831215348551941
1.2833878592770833	-0.07758707638503977
1.2835521898950137	-0.07481929949890714
1.283710551483474	-0.07205117467319824
1.2840093646539672	-0.0665139326961509
1.2841498148464	-0.06374484129519553
1.284284293230168	-0.06097545345531019
1.2845353320979722	-0.05543583997510359
1.2846518914145773	-0.05266564009619379
1.2847624765876617	-0.049895195301058314
1.284965722473992	-0.04435362249788005
1.2850583822420636	-0.04158252026036036
1.2851450659762698	-0.03881122464754253
1.2852257732734969	-0.03603974854705499
1.2853005037584235	-0.03326810484736668
1.2853692570835233	-0.03049630643772592
1.2854320329290663	-0.027724366208099375
1.285488831003119	-0.024952297049115498
1.2855396510415482	-0.022180111852002332
1.2855844928080202	-0.019407823508525233
1.2856233560940031	-0.016635444910929248
1.2856562407187673	-0.013862988951881426
1.2856831465293856	-0.011090468524408564
1.285704073400736	-0.008317896521834994
1.2857190212354994	-0.005545285837724882
1.2857279899641632	-0.002772649365824569
1.2857309795450185	-3.1491326573287957e-16