13.998327091561114	0.
13.99830110036592	0.026975281798619258
13.998223126876855	0.053950463425295095
13.998093171383472	0.0809254447084561
13.997911234368356	0.1079001254772748
13.997677316507126	0.1348744055620397
13.997391418668428	0.16184818479452723
13.997053541913937	0.1888213630083737
13.996663687498348	0.2157938400394473
13.996221856869376	0.24276551572622004
13.995728051667742	0.26973628991013965
13.995182273727183	0.2967060624360018
13.994584525074426	0.32367473315232137
13.993934807929197	0.3506422019117052
13.993233124704199	0.37760836857122326
13.991673870630587	0.43153639504349095
13.99081630557222	0.45849805459604476
13.989906786014553	0.4854580115290847
13.987931897104149	0.539372417083178
13.986866535085104	0.5663266654946162
13.985749233234122	0.5932788108680542
13.983358826825482	0.6471763921650031
13.982085731144531	0.6741216279413754
13.980760713385024	0.7010643603862134
13.977954931504792	0.7549419150866659
13.971720532215977	0.8626625829305112
13.970032208473244	0.8895849911919739
13.968292007412368	0.9165040960048176
13.964655999377557	0.9703319954439603
13.956761752730658	1.0779437554197842
13.954658602169028	1.1048369378527403
13.952503631378704	1.1317260175050827
13.948038261314077	1.1854914690761946
13.938486043436411	1.292968746436733
13.935968565885496	1.3198263116733246
13.933399337510805	1.346678975772364
13.928105666645271	1.4003692017099318
13.916897747693543	1.5076864536687289
13.892001996123536	1.7220458478314549
13.888374106836102	1.7510642566446184
13.884685602302776	1.780075023008805
13.877126812156257	1.8380731219588986
13.861282574955297	1.9539720416563016
13.826691434118834	2.1853524539530733
13.82209578067179	2.2142334096180867
13.817439801247925	2.2431047013511263
13.807946946016267	2.3008177890336863
13.788238235577213	2.416122455775041
13.745933720039623	2.646217588674722
13.740375436687831	2.6749288254455568
13.734757184024344	2.7036283875979485
13.723340869106469	2.7609919870666
13.699789703961288	2.875573582708351
13.649819076242899	3.1041263743876963
13.538454881816877	3.5585672363105068
13.531487480117686	3.5849697261974387
13.524468588734555	3.611358574645586
13.510276443944749	3.66409494562102
13.48127546642939	3.7693995756065615
13.420813005049865	3.979313966730731
13.290098637050667	4.39618466170358
13.28149778015375	4.42210109315751
13.27284638482756	4.4480006977409285
13.255392110759857	4.499749032150482
13.219878562825714	4.603039446547788
13.146439099646136	4.808773269933728
12.989974323855533	5.216677911075958
12.979974088566525	5.2415106622495236
12.969926380906887	5.266324243358871
12.949688695641342	5.315893532447078
12.908645285192277	5.41479808150009
12.824294768808643	5.611650830641651
12.646608979908608	6.0013700662122815
12.635108711305161	6.025544723577636
12.62356223162613	6.04969734338803
12.600330808128462	6.09793611708606
12.553315297631967	6.194145332535641
12.4570833083796	6.385470758716557
12.25589519006309	6.7635933092197575
12.24183766267109	6.789003756306328
12.227727451252033	6.8143849862061145
12.199349219458282	6.865059357648441
12.141963234594662	6.966052696619899
12.024687085436094	7.166593462704595
11.780232321105968	7.561698739245309
11.764520137996268	7.586120700662106
11.748757325045329	7.610510014416087
11.717080081184998	7.659190279228714
11.653121034756333	7.756154428043147
11.522800193816394	7.948473882181328
11.252674296459448	8.326492811510423
11.236532540861543	8.348263161909397
11.220348666612043	8.37000221995139
11.187854804968334	8.41338613313812
11.12236433758812	8.499774873741174
10.989386225961114	8.671017918271762
10.715553777749198	9.007223134712426
10.698095087822542	9.027952306821353
10.680596297505659	9.048647638848704
10.645478678218838	9.089936472490988
10.574765131046322	9.172104654087889
10.43143969559344	9.33478587004176
10.13731658854901	9.65339182597821
10.117039906622548	9.674640297713431
10.09671868661762	9.69584617893871
10.05594299040712	9.738129796630137
9.973861090362625	9.822181850917053
9.80759556018053	9.988204577913939
9.466822556688905	10.311761830186924
9.4451659844843	10.331602048466372
9.423467831980751	10.351396784103962
9.379947168345119	10.390849459086018
9.292411092641425	10.469205196560456
9.115381588072728	10.623698972869976
8.753668685838244	10.923664490495339
8.731148499657696	10.9416729634576
8.708591265671473	10.959635008968338
8.66336603729611	10.99541951296803
8.572475228790179	11.066428051278
8.388953853876094	11.206186443204988
8.015127315324685	11.47653673725092
7.991469836608755	11.493022718715311
7.967778448674401	11.509459933253758
7.920294347400856	11.542187782776015
7.824923666997075	11.607055223785355
7.632595103855658	11.734421730231638
7.241772708853335	11.979561318998323
7.218741172075452	11.9934539334137
7.195682983802793	12.007302268159355
7.14948699339329	12.034865894293713
7.056778946933679	12.089459551876065
6.870117791257546	12.19650125636776
6.491970101289516	12.401914592767394
6.468128416519307	12.414365716771409
6.444262851506465	12.426771007105089
6.396460433286077	12.451443903730183
6.3005729166997995	12.500237689087468
6.107687016646197	12.595607197313884
5.717631713428919	12.777396016087383
5.690997023215569	12.789281224685201
5.664337627448019	12.801110912909488
5.610945182288353	12.824603523060233
5.5038689246867705	12.870920255451868
5.288577005973689	12.96086859026895
4.85364544351311	13.129938585956838
4.826278090343145	13.140022875056479
4.798889785506106	13.150050121155394
4.744050796509791	13.169933310479163
4.634126636016723	13.20901327441585
4.413320337479908	13.284418126554135
3.968090992804392	13.424135548896938
3.941972170360635	13.431828496911212
3.9158384337558854	13.439470626592927
3.8635266136197024	13.45460231549733
3.7587283576528	13.484254614019662
3.548455604800196	13.541108676289985
3.5221100514956034	13.547985169296853
3.4957511725473744	13.55481040450096
3.442993836677555	13.568306998403825
3.337323648528279	13.594683969379638
3.1253836111615056	13.644967520863393
3.098836842117866	13.651020899122043
3.0722783488535628	13.657022629749848
3.0191265916353545	13.66887105747999
2.9126868106886215	13.69194715536013
2.699284748336808	13.735611497480923
2.6725624735491826	13.7408358984201
2.64583008731853	13.746008311920006
2.5923353851260753	13.756197098520982
2.485229096101458	13.775949974583407
2.270571684234603	13.812952819331784
2.2442284987951333	13.817257318568313
2.217877153267107	13.821511577803264
2.165150365232141	13.829869314576655
2.0596030858763505	13.845981239730987
2.033197304148093	13.849883396070117
2.006784129647633	13.853735193778183
1.9539359865133294	13.861287657463214
1.848155214459854	13.875787677303176
1.8216929811120595	13.879286582706651
1.795224124028734	13.882735022568108
1.7422669236457626	13.889480455693935
1.6362772742559233	13.902365196040831
1.424018569613081	13.925707611311209
1.397461918146606	13.928397666266706
1.3709001854626797	13.93103707711067
1.3177618627779384	13.936163928260239
1.2114284934843753	13.945809491295513
1.1848338974900001	13.948094134959533
1.1582349934006455	13.95032806289501
1.1050246478102719	13.954643739274236
0.9985565159335503	13.962666158252889
0.9719301640179283	13.964544858985054
0.945300278132297	13.966372784173307
0.8920302917720645	13.96987628151713
0.8653903849888839	13.97155184093387
0.8387473316178308	13.973176599329081
0.7854521726232694	13.976273689608945
0.75880026078271	13.977746010232478
0.7321455899194691	13.979167507312274
0.6788283588036664	13.981858010351049
0.6521659924143091	13.983127006527262
0.6255012547279761	13.984345159594264
0.5721650532881031	13.986628918868536
0.5432264835677619	13.987782753170155
0.5142855885813064	13.988876713150038
0.48534249220944625	13.989910794125521
0.4563973183423114	13.990884991670248
0.42745019087893055	13.991799301614193
0.39850123372669455	13.992653720043675
0.3405983260238287	13.994182867986384
0.31164462332501264	13.99485759095413
0.28268958663990484	13.995472409316493
0.2537333399097484	13.996027320441756
0.2247760070809629	13.996522321954643
0.19581771210462307	13.996957411736307
0.16685857893592218	13.997332587924362
0.13789873153363502	13.997647848912875
0.10893829385959684	13.99790319335238
0.07997738987816949	13.998098620149884
0.05101614355571087	13.998234128468868
0.02205467886004422	13.998309717729287
-0.006906880240075553	13.99832538760759
-0.03586840977548325	13.998281138036699
-0.06482978577714023	13.998176969206023
-0.09379088427667123	13.998012881561454
-0.12275158130688577	13.997788875805368
-0.15171175290231176	13.99750495289661
-0.18067127509972633	13.997161114050508
-0.2096300239386863	13.996757360738854
-0.23858787546206187	13.996293694689903
-0.2675447057165581	13.995770117888364
-0.2965003907532514	13.995186632575393
-0.3254548066281266	13.994543241248586
-0.35440782940259796	13.993839946661959
-0.3833593351440429	13.993076751825946
-0.41230919992633247	13.99225366000738
-0.4412572998303617	13.991370674729486
-0.4702035109445834	13.990427799771858
-0.49914770936552905	13.989425039170444
-0.5280897711983452	13.988362397217536
-0.5859669895664562	13.986057487707972
-0.6149018983599	13.984815230017421
-0.6438341750825752	13.983513110707538
-0.701690336952142	13.980729309780724
-0.8173656275340424	13.974443630902082
-0.8462760128321005	13.972722650666148
-0.8751827756688177	13.970941860572838
-0.9329849390358349	13.967200881560561
-1.0485403530150463	13.959001557791764
-1.0774182949884012	13.956802326462824
-1.1062916251021944	13.95454335342302
-1.164023955405364	13.949846221144385
-1.279427837058658	13.93973549864176
-1.3063359232332181	13.937239605388301
-1.3332391409794364	13.93469177109039
-1.3870305701557413	13.929440317535635
-1.494550597083828	13.918314548647412
-1.5214169295473157	13.915403403740067
-1.5482775920225844	13.91244039916702
-1.6019815066147034	13.906358855386925
-1.7093168928340738	13.893573950650923
-1.7361350637152937	13.89024824842494
-1.7629467644007595	13.886870780281019
-1.816550355523531	13.879960596780567
-1.9236755005421757	13.865519605515967
-2.137575293678311	13.834158204465854
-2.164277965254954	13.830005865922317
-2.1909725710408683	13.825801985971028
-2.244337187331104	13.817239664704978
-2.3509652551442186	13.79949722748762
-2.5637944894412534	13.76154494154797
-2.9875678753346095	13.675803433531884
-3.0161790204205645	13.669521772143629
-3.044776957997231	13.66318025345428
-3.101932709772453	13.650317755509487
-3.2160802171588085	13.623875711380135
-3.4436912770351835	13.56813000198648
-3.472076108404215	13.560894102520765
-3.500445735941796	13.553598821422328
-3.5571388826800727	13.538830242368038
-3.670337268700477	13.508581927660734
-3.895954676344434	13.445248176296477
-3.924081377695907	13.437066149407542
-3.9521908959356047	13.428825283114588
-4.00835789080176	13.412167176917423
-4.120480272409627	13.37814649669441
-4.343851135310493	13.30729569358837
-4.786878610845409	13.154427183551725
-4.813891826341557	13.144565677367046
-4.840884726212501	13.134648698380035
-4.894809123502386	13.114648489639805
-5.0024091240943855	13.073984255670155
-5.216588550003386	12.990010210246465
-5.640663131736909	12.811560435661137
-5.666970189897098	12.799945711961104
-5.693253332263879	12.788276969826704
-5.7457474260373	12.764777627460635
-5.850443750388563	12.717132903523233
-6.058644238289552	12.619270634873264
-6.470080334542249	12.413348534013839
-6.493850830082066	12.400929915090089
-6.517597489528986	12.388465777763578
-6.565018951577415	12.36340113107082
-6.659572013261191	12.312727641043722
-6.847499281611698	12.209214346167451
-7.218484379934125	11.993608490316037
-7.241449334316789	11.97975679639853
-7.264387708498638	11.965861130021013
-7.310184379570738	11.937938084066856
-7.401455061222435	11.881566577646176
-7.582687055247321	11.766733547782858
-7.939765105992747	11.528802688223692
-7.963704381290797	11.512279265625187
-7.98760926985607	11.4957061337894
-8.035315474058487	11.462411028866923
-8.130310710007011	11.395227471230188
-8.318609572790553	11.258503281422945
-8.68825957084671	10.975759973319587
-8.711048028276599	10.95768240146575
-8.733798871994779	10.939557515086092
-8.779187325512465	10.903166112001372
-8.869508556531052	10.829818988697653
-9.048306530036282	10.680885277018783
-9.398352494368805	10.374205114317217
-9.418455790308073	10.355957313949597
-9.438523656471189	10.337670557169425
-9.478552797642209	10.300980449677734
-9.558182610071315	10.2271357942908
-9.715711626129165	10.077604326437529
-10.023715224144027	9.771299528087198
-10.042647996722177	9.751839958503517
-10.061542991475768	9.732343705039332
-10.099219363339468	9.693241439966457
-10.17411565529237	9.614599939418621
-10.32206670303027	9.45558566882706
-10.6104787717035	9.130766758469042
-10.629644660555686	9.108447494093262
-10.648763600668113	9.08608799976204
-10.686860297105243	9.041248716437874
-10.762486603503609	8.951091747476347
-10.911452235599583	8.768886558313017
-11.200089341843027	8.397092359684276
-11.217712030336514	8.373535583418587
-11.235285172729482	8.349941823137387
-11.270282508966627	8.302643767524579
-11.33967922780818	8.207608444166274
-11.476063760766838	8.01580450866586
-11.739063478987156	7.625454084750876
-11.754772443843864	7.601216097163848
-11.770431363894579	7.576945748134972
-11.80159880312603	7.528308379203664
-11.863330224908138	7.430649859676801
-11.984364596342882	7.233821022409747
-12.216605193621957	6.834304566340519
-12.23068072636339	6.809082928860311
-12.24470418816538	6.783832302368554
-12.272594660358843	6.733244512481737
-12.327748141401276	6.631725802874485
-12.435532175805543	6.4273401082282025
-12.640906957007566	6.013371156565306
-12.652458698458576	5.9890274875086185
-12.66396355928997	5.964661627561917
-12.686832468753895	5.915863696207493
-12.732005856251165	5.81800552068489
-12.820085591037156	5.621260250229952
-12.987104742077653	5.223817739990358
-12.997136027863558	5.198809136287361
-13.007119155911534	5.1737812696569465
-13.026940791012029	5.123668118623679
-13.066004552767236	5.023214746494491
-13.1418059972611	4.821420588652897
-13.284042626889988	4.414450458358729
-13.293226634667787	4.386717109831998
-13.302352743076185	4.358964654721041
-13.320431103040107	4.303402908338417
-13.35589129848525	4.192055460675562
-13.424017027453669	3.968491931321997
-13.432270017038084	3.9404674280741787
-13.440464501642111	3.9124257619068143
-13.456677813397887	3.856291429435659
-13.48840082380987	3.7438221884297676
-13.54902474062882	3.518108858486609
-13.556337510607575	3.4898244455599574
-13.563591235223244	3.4615248325137005
-13.577921422246678	3.404880499170065
-13.605871879048504	3.291414858879223
-13.658926392980472	3.063803380355094
-13.753599453103094	2.6060820105929294
-13.75865143059563	2.579277451865667
-13.763651168406124	2.55246309998138
-13.773493849246181	2.498805424019936
-13.79255151277431	2.39137703631212
-13.828152061914354	2.176090971192985
-13.832366037738403	2.149141959097869
-13.836527493996321	2.1221847870102506
-13.844692784811356	2.0682463722985776
-13.860392449794954	1.9602761285086558
-13.889264842187652	1.7439849500221654
-13.892636720704674	1.7169176767864878
-13.895955850816181	1.6898438846536716
-13.902435815613877	1.6356771549026232
-13.914762223267495	1.527269993243399
-13.917711772898235	1.500153448439095
-13.920608478916982	1.4730312077612062
-13.926243316325627	1.4187700507234011
-13.936878397317814	1.3101839186579274
-13.939404901338714	1.2830246914490993
-13.941878479381836	1.2558605927743232
-13.946666820168405	1.201518193598227
-13.955607990235778	1.0927794769308015
-13.957710834720919	1.0655841668531487
-13.959760683723202	1.038384810900923
-13.963701364348484	0.9839743744763544
-13.97094645083824	0.8751094960884725
-13.9725926705083	0.8484193694108869
-13.974187901348634	0.8217261466786392
-13.977225373440922	0.7683308026970561
-13.978667603608525	0.7416288762981802
-13.980058822777737	0.7149242435448442
-13.982688207999788	0.6615072487868296
-13.983926364457465	0.6347950817116188
-13.985113490726464	0.6080805981401778
-13.987334635556397	0.5546450714629992
-13.988368646011928	0.5279242233543558
-13.989351610067988	0.5012014487429531
-13.991164384819859	0.4477505100858758
-13.991994188900486	0.4210225410935366
-13.992772933351302	0.39429303570440427
-13.993500615330515	0.3675620914598688
-13.99417723218266	0.34082980590657713
-13.994802781438628	0.314096276596071
-13.995377260815658	0.2873616010844307
-13.995900668217365	0.2606258769319195
-13.996373001733724	0.23388920170262092
-13.9967942596411	0.20715167296410175
-13.997164440402228	0.18041338828704323
-13.997483542666249	0.15367444524487292
-13.997751565268695	0.12693494141342698
-13.997968507231494	0.10019497437058811
-13.998134367762983	0.07345464169592927
-13.998249146257901	0.04671404097035773
-13.9983128422974	0.01997326977575272
-13.998325455649038	-0.006767574305372049
-13.998286986266788	-0.033508393690236865
-13.998197434291034	-0.06024909079616459
-13.998056800048566	-0.08698956804091805
-13.997865084052588	-0.11372972784306244
-13.997622287002713	-0.14046947262232135
-13.997328409784954	-0.16720870479993286
-13.996983453471728	-0.19394732679901186
-13.996587419321855	-0.2206852410448875
-13.99614030878054	-0.2474223499654716
-13.995642123479382	-0.27415855599162725
-13.995092865236359	-0.3008937615575062
-13.994492536055827	-0.327627869100911
-13.99384113812851	-0.3543607810636512
-13.992385145728202	-0.40782262803655267
-13.991580556568422	-0.4345513679535714
-13.990724909288263	-0.4612785221043464
-13.988860453042832	-0.5147276829820617
-13.987851650881343	-0.5414494946621538
-13.986791804207007	-0.5681693304830235
-13.984518992976435	-0.6216026845302277
-13.98330603671415	-0.6483160077673962
-13.982042052526888	-0.6750269651677157
-13.979361019013767	-0.7284413925719718
-13.973386832313377	-0.835237569117284
-13.971625896888163	-0.8641939364158067
-13.969804956661422	-0.8931465922074558
-13.965983093343047	-0.9510402719075671
-13.957619670452242	-1.0667776231897976
-13.955378930016105	-1.0957008177401397
-13.953078254555287	-1.1246193065167462
-13.948297138340392	-1.1824416699774678
-13.938016137612891	-1.298024464321254
-13.935296208052476	-1.3269065363363548
-13.932516429717884	-1.3557829096042924
-13.926777374737094	-1.413518063855161
-13.914581621993756	-1.528914532342287
-13.887322564771614	-1.7593843651456664
-13.883646631253997	-1.7881603901225946
-13.879911070784818	-1.8169287353770613
-13.872261133421159	-1.8744418925393622
-13.856246458331157	-1.9893706161294138
-13.82136184420566	-2.2188100716081434
-13.816733947900028	-2.2474484143758975
-13.812046712016855	-2.2760771048886372
-13.802494302294884	-2.3333050373774813
-13.782678310729269	-2.4476396681878723
-13.740206490401551	-2.675796510099545
-13.735005974210827	-2.7023641965373084
-13.72975408752011	-2.7289217758225806
-13.7190962814014	-2.7820062156602186
-13.697165100304833	-2.8880494416344624
-13.650845120456346	-3.0996110819983533
-13.6448251407993	-3.126005156640857
-13.638754127928935	-3.1523875396650176
-13.62645909356419	-3.2051168362098186
-13.60125763812927	-3.310430791236096
-13.548414522714836	-3.520458106983171
-13.54158084307972	-3.546653300319924
-13.534696516376815	-3.5728352287659604
-13.520776024949683	-3.625158899342162
-13.49232842288125	-3.7296427565444654
-13.433012763546058	-3.937934668927678
-13.304750327822216	-4.351641078564321
-13.295599938483456	-4.379518653703001
-13.286391137056464	-4.407376988128116
-13.2677984600238	-4.463035445358232
-13.229913958196853	-4.574116091775751
-13.15135776989671	-4.795305013292823
-12.983175326666334	-5.23357619600368
-12.97217708268744	-5.26077780349376
-12.961121847526812	-5.287956298599393
-12.938840598188149	-5.3422434741419265
-12.893596359133067	-5.450535229689319
-12.800392134423273	-5.665961751311834
-12.603213749315882	-6.091975422749909
-12.590651219678543	-6.117896961108537
-12.578035376236816	-6.143792593868142
-12.552643961847629	-6.1955057040909995
-12.501223733015086	-6.298616240050999
-12.39584594351618	-6.5035501617921945
-12.17504218280955	-6.908075651666092
-12.16080121823589	-6.933114386254298
-12.146508760013015	-6.958123763289997
-12.117769604917099	-7.008054021230226
-12.05967604838889	-7.107557595281881
-11.941041798128763	-7.305113424011678
-11.694098424331097	-7.6942331264649635
-11.67930918209655	-7.716663682662933
-11.664476915665666	-7.73906581224353
-11.634683528929381	-7.783784461558094
-11.574582879813123	-7.872877016737325
-11.452338530088857	-8.049664810076008
-11.199779332097602	-8.397505836535824
-11.183641194296786	-8.418986340383372
-11.16746185823955	-8.440435830399913
-11.134979829912886	-8.483241452992306
-11.069524026784476	-8.56847706321112
-10.936658988135024	-8.737428199394786
-10.663225614907555	-9.069111359329161
-10.64432595430564	-9.091286286374947
-10.62538017947077	-9.113421827395214
-10.587350615615435	-9.157574367940526
-10.510741741902974	-9.24540260872139
-10.355343662648085	-9.419130479550008
-10.035978024001002	-9.758704138567927
-10.015644395014776	-9.779572010826593
-9.995267375422065	-9.800397515211163
-9.954383517720842	-9.841921059654029
-9.872099011864854	-9.924455776629305
-9.705482863439906	-10.087455761975274
-9.364224687659318	-10.405020776594615
-9.343990370795597	-10.423195542289944
-9.32372077910444	-10.441330959012358
-9.283076077454506	-10.477483471832619
-9.20136675201185	-10.549313307381896
-9.036285730570329	-10.691057083274082
-8.699614494628007	-10.96676201105833
-8.67828998600056	-10.983644398887659
-8.65693271565467	-11.000485321973832
-8.614120212437273	-11.034042519766428
-8.528105621199902	-11.100656551573536
-8.354536324470828	-11.231869130533498
-8.001384688837813	-11.486122253553008
-7.979492498353619	-11.50134169699571
-7.957571359028326	-11.516519414662831
-7.9136425520704226	-11.546749452568639
-7.8254410582862075	-11.606706406454084
-7.647680505086425	-11.724595696844087
-7.286874133863402	-11.952180835293879
-7.264095535280814	-11.966038501385794
-7.241290583249375	-11.979852755826249
-7.195601949872066	-12.007350829443237
-7.103912088404876	-12.061823842294702
-6.919300645977166	-12.168666316935223
-6.545301396668549	-12.373851097742472
-6.519713181221798	-12.387352477302668
-6.494097115819	-12.400800942384535
-6.4427818729556225	-12.427538899550798
-6.339822010279715	-12.480377327641449
-6.132609445270436	-12.583491675767647
-5.713211828552979	-12.77937290967034
-5.686787259123349	-12.791153663051906
-5.660338397708678	-12.802879777056354
-5.607368250948939	-12.826167886807957
-5.501141431638211	-12.872086245494447
-5.287567134345487	-12.961280614280492
-4.856140781306991	-13.129015883700536
-4.830814361888545	-13.138355831811879
-4.805469978832471	-13.147646924255067
-4.754727698851514	-13.16608240412113
-4.65303172642493	-13.202365587848902
-4.448815330374044	-13.272573357060894
-4.037255166625434	-13.4034970094334
-4.011400972960398	-13.41125734584443
-3.985531862689577	-13.418967811788654
-3.9337492771682285	-13.434239017775152
-3.830009343136897	-13.464181735026377
-3.6218520435888797	-13.521662217962882
-3.203001372806142	-13.626956504228515
-3.1745079624418158	-13.633622429813999
-3.14600067958002	-13.64022877690898
-3.0889449947277865	-13.65326262040982
-2.9746726403884347	-13.678614112725686
-2.7455119767507448	-13.726446202417145
-2.7168115881872144	-13.732155553904327
-2.688099327244639	-13.737804896314431
-2.6306396901602587	-13.748923455415968
-2.5155834716042595	-13.770439396029644
-2.2849514294036073	-13.810581389919841
-2.256076167121272	-13.815327780783242
-2.2271910458588295	-13.820013799109612
-2.169391731344298	-13.829204636504183
-2.05368035136268	-13.84686095751527
-2.0247297539399076	-13.851123809490847
-1.9957703085133713	-13.855326132501908
-1.9378253798945502	-13.863549118438986
-1.8218349174154946	-13.879267952454104
-1.7928170815098712	-13.883046073343568
-1.7637914110513975	-13.886763525769247
-1.7057170738745469	-13.894016360513856
-1.5894799681270715	-13.907793311422793
-1.3566804865593234	-13.932429056690832
-1.3294817603711686	-13.935050757394972
-1.3022779684336387	-13.937619361112793
-1.2478556019497933	-13.942597238643033
-1.1389546420594168	-13.951915412790644
-1.111718293250685	-13.954112074896976
-1.0844777084408175	-13.956255567387291
-1.0299842460146238	-13.96038301105294
-0.9209510571750074	-13.96799951720439
-0.8936837274798917	-13.969770605044719
-0.8664129925648519	-13.971488463605038
-0.8118617227283099	-13.974764466906139
-0.7845813956645381	-13.976322599164307
-0.757298079095512	-13.977827477177277
-0.7027228932851813	-13.98067744773431
-0.6754312319927351	-13.982022529419075
-0.6481369970919587	-13.983314335140095
-0.5935412224737242	-13.985738099205141
-0.5662398907835745	-13.986870048313856
-0.538936401538918	-13.98794870298823
-0.48432336653385716	-13.989946112796973
-0.45701402886652853	-13.990864860320574
-0.4297029498300518	-13.991730298188326
-0.40239023348833336	-13.992542423102638
-0.37507598391151825	-13.993301231969054
-0.34776030517561834	-13.99400672189627
-0.32044330136209115	-13.994658890196146
-0.2931250765574184	-13.99525773438371
-0.26580573485273395	-13.995803252177177
-0.23848538034345249	-13.99629544149795
-0.2111641171288477	-13.996734300470628
-0.18384204931163087	-13.997119827423024
-0.15651928099757906	-13.997452020886152
-0.12919591629516336	-13.997730879594252
-0.10187205931512729	-13.997956402484782
-0.0745478141700652	-13.99812858869843
-0.0472232849740505	-13.998247437579108
-0.019898575842263764	-13.998312948673968
0.007426209109428782	-13.998325121733389
0.034750965764896904	-13.998283956710988
0.06207559000811821	-13.998189453763619
0.08939997772354992	-13.998041613251365
0.11672402479655052	-13.997840435737547
0.14404762711380137	-13.997585921988717
0.1713706805636784	-13.997278072974652
0.19869308103662411	-13.996916889868354
0.22601472442556902	-13.996502374046049
0.2533355066263533	-13.99603452708717
0.2806553235380983	-13.995513350774369
0.30797407106357894	-13.994938847093486
0.3352916451096445	-13.99431101823357
0.38992285641378094	-13.99289539474872
0.4167008811263886	-13.992123560703797
0.44347737971478873	-13.991300481942883
0.4970254062602689	-13.989500602518506
0.523796738103187	-13.988523808446919
0.5505661515943292	-13.987495782843062
0.6040988313677562	-13.985286052286309
0.6308619015920977	-13.984104355426322
0.657622661349494	-13.98287144321986
0.7111368574381195	-13.980251991016717
0.8181332122475883	-13.974398713696102
0.8448750550164723	-13.972807430997706
0.8716138035172093	-13.971164974326662
0.9250816260142362	-13.967726563315331
1.0319758317653902	-13.960235930849663
1.0586901790871064	-13.958235435291897
1.0854006490647357	-13.956183819129915
1.1388095657048636	-13.95192725523585
1.2455765675800017	-13.942801023346401
1.2722571579074675	-13.940391783823259
1.2989330887237132	-13.937931489046447
1.3522705810485223	-13.93285776996107
1.4588853540451232	-13.9220980777355
1.485525933743522	-13.91928065894604
1.5121610728557044	-13.916412262220236
1.5654146391478558	-13.910522577167093
1.6718521939441608	-13.898131946558069
1.6984465187567235	-13.894907008874043
1.7250346231832756	-13.891631182519667
1.778191781396737	-13.884926911975697
1.8844271702089825	-13.87090824720977
2.0965604576199524	-13.840433360624163
2.125286325247783	-13.836051438110823
2.1540030348590875	-13.831609895024934
2.211408485102433	-13.822548023948075
2.3261040474334576	-13.803709694239716
2.555006157040229	-13.763179316561285
2.5835706706788755	-13.757845905225924
2.6121240515197375	-13.75245321031146
2.6691969227021124	-13.741490062950648
2.7832036610728728	-13.718853404833961
3.0106336284762514	-13.670744183014389
3.0390052808389414	-13.664465165727009
3.06736383790231	-13.658127267245062
3.1240411773915793	-13.645274936192955
3.237233339862267	-13.6188649183997
3.4629403048062692	-13.563229917968732
3.9114272818185833	-13.44075511202325
3.9374598863281816	-13.433151938614046
3.96347771169155	-13.425498344242502
4.015468634406763	-13.410040007711734
4.11926883692822	-13.378519559781115
4.326120871629536	-13.313070253190476
4.736657871539802	-13.17259403345878
4.7621693955018385	-13.163392572239099
4.7876630447934545	-13.154141702591351
4.838596336674017	-13.135491877088525
4.940244218582309	-13.09760086516221
5.142643832573446	-13.019461424100005
5.543688678448376	-12.853819556800115
5.570662781025534	-12.842152371874066
5.59761232914803	-12.83042858110764
5.651437286983232	-12.806811389008173
5.758787329813407	-12.75890002517123
5.972261463700345	-12.660381288552633
6.394095775482351	-12.452658373869115
6.4202257744823505	-12.439206661479917
6.446327474310619	-12.425700119360757
6.498445516371283	-12.398522784311355
6.60233695658641	-12.343512793124457
6.8087156601986	-12.230885185500687
7.215653304256171	-11.995311949053715
7.240362881678099	-11.980413461310583
7.265041697636951	-11.965464073487924
7.314306625894064	-11.935412851876388
7.41246274023551	-11.874702416774667
7.607256691705119	-11.750864095411943
7.990586841862331	-11.493636643160006
8.014260712895014	-11.477141917223177
8.037900534476146	-11.460598429410304
8.085077627683553	-11.42736544951043
8.179018811226047	-11.36031745366054
8.365226865772694	-11.223909338839503
8.730769325388254	-10.94197552314907
8.751792102606068	-10.92516802411276
8.772782523986306	-10.908320134153302
8.814665988943144	-10.874503430764221
8.898041242337062	-10.806388083536634
9.06320782233384	-10.668243779156928
9.387069160719328	-10.38441591685377
9.407018665152046	-10.366347534007089
9.426933391339986	-10.34824082622612
9.466658214607163	-10.311912703768616
9.545687291317217	-10.238799514528978
9.702046847512088	-10.090760542744764
10.007842796911204	-9.78755556380889
10.028226758133213	-9.766669311991416
10.04856713008247	-9.745740607801954
10.089116752701965	-9.703756206370931
10.169689049253117	-9.619281990036216
10.328706299851532	-9.448332526628233
10.638077653566578	-9.09859688078449
10.657023860677326	-9.076398173024803
10.675923745349314	-9.054160013265754
10.713584218973372	-9.009565724567336
10.788345695831705	-8.919907987729657
10.935612638590715	-8.738737756737462
11.220980205095602	-8.369155548750813
11.237248842298298	-8.347298953469883
11.253474906566606	-8.325410733988418
11.285799070568203	-8.281539754242306
11.349933829366881	-8.19342196102014
11.476135518124417	-8.015701774141615
11.720161366954214	-7.654474436229295
11.735037988863517	-7.631647578489454
11.74987015193691	-7.608791807833614
11.779400876974726	-7.562993874244569
11.837926359862172	-7.471054869348385
11.95282109727362	-7.2858238503895
12.173889077541855	-6.9101075310042015
12.187052474186206	-6.886865277741803
12.200171497033173	-6.863597948985151
12.226276230428084	-6.816988403951046
12.277951120740756	-6.723472141612149
12.379152113679428	-6.535270025692893
12.572877292153795	-6.154341391146362
12.584597843123781	-6.130339182229488
12.596272572809589	-6.1063146523757466
12.619484398462038	-6.058198979837741
12.665356335184294	-5.96170363781536
12.754884053463426	-5.7676766678653415
12.925002760133449	-5.37563624261134
12.936103957754927	-5.348866773111025
12.947149712169878	-5.32207437875433
12.969074702252785	-5.268421274890677
13.012257296868581	-5.160845027941082
13.095942659883958	-4.944638228562867
13.252515032747002	-4.508215463922343
13.26181975315489	-4.480769821935128
13.271067634361899	-4.453304975692318
13.289392720874014	-4.398318141371157
13.325359095857166	-4.288119206457593
13.394548103552566	-4.066846747044965
13.521886048163605	-3.621016302478112
13.528855912192867	-3.594887907773748
13.535775288270585	-3.5687460974097363
13.549462473471007	-3.516422619983945
13.57622986491113	-3.411618973072594
13.627331201504191	-3.2014068293242834
13.633490265379226	-3.1750755181796397
13.639598450820761	-3.1487323580612094
13.65166209541343	-3.096010884184039
13.67517785315018	-2.990430077270605
13.71975839238949	-2.778739105564242
13.725100772459196	-2.752230031842144
13.730391932216763	-2.7257106871512704
13.740820512002982	-2.672641580768349
13.761062171824785	-2.56638447343861
13.79907932666396	-2.353416898632523
13.803599919441664	-2.3267553860094368
13.8080689989585	-2.300085190234271
13.816852551689747	-2.246719147378756
13.83380077707622	-2.139887245277008
13.865218230360636	-1.9258465117472108
13.869339034792345	-1.8959420086909742
13.873395341267457	-1.8660286887484454
13.881314385194154	-1.8061761546802912
13.89637768768367	-1.6863714073659168
13.899981997093809	-1.6564002664820585
13.90352166604536	-1.6264214226764966
13.910407017029893	-1.5664411839897934
13.923401329367287	-1.4463944080737785
13.926488071047592	-1.4163655493208525
13.929510049005497	-1.3863301039033662
13.935359657841735	-1.3262400118119317
13.946281112682481	-1.205986935405907
13.948849367962286	-1.1759092959203712
13.951352755530747	-1.1458261879877298
13.956164881268334	-1.0856441263997476
13.96501022818813	-0.9652205390141355
13.96705923270779	-0.9351030704504842
13.96904328483297	-0.9049812532846917
13.972816495295456	-0.8447251334801453
13.974605636085828	-0.8145911110563742
13.976329789387936	-0.7844533004591245
13.979583101757612	-0.7241668753725482
13.981112245695982	-0.6940185412391361
13.982576371887758	-0.6638669796427707
13.98530954409884	-0.6035547349427214
13.986578577407801	-0.5733943323150233
13.98778256754955	-0.543231263175052
13.989995396237767	-0.4828976864512189
13.991004224493699	-0.45272745944254533
13.991947989001392	-0.42255512707068305
13.992826685371966	-0.3923808296489956
13.993640309519131	-0.3622047074999974
13.99438885765921	-0.3320269009546884
13.995072326311158	-0.3018475503518893
13.995690712296572	-0.2716667960376262
13.996244012739709	-0.24148477836445315
13.9967322250675	-0.21130163769077398
13.997155347009569	-0.18111751438021545
13.997513376598226	-0.15093254880099854
13.997806312168493	-0.12074688132526122
13.998034152358098	-0.09056065232838069
13.9981968961075	-0.06037400218834538
13.998294542659869	-0.03018707128512713
13.998327091561114	-3.4286012932195992e-15