0.04900029563873201	0.
0.04900020465812839	0.00009442533914408207
0.04899993171665537	0.00018885032764234697
0.048999476815326515	0.00028327461485027966
0.04899883995583109	0.0003776978501259693
0.04899802114053406	0.0004721196828314114
0.04899702037247606	0.0005665397623338098
0.04899583765537342	0.000660957738006879
0.04899447299361813	0.0007553732592321458
0.04899292639227782	0.0008497859754002515
0.04899119785709574	0.000944195535912254
0.04898928739449077	0.00103860159018093
0.04898719501155736	0.0011330037876320757
0.048984920716065514	0.0012274017777058103
0.048982464516460746	0.0013217952098578765
0.04897700644207206	0.001510566998305905
0.048974004587556554	0.0016049446536031886
0.04897082086946486	0.0016993163489840482
0.04896390789051884	0.0018880404582334801
0.04896017865533566	0.0019823921712804286
0.04895626760791851	0.002076736522770308
0.04894790013515166	0.0022654017397272124
0.04894344374087434	0.002359721904591308
0.04893880559650767	0.0024540333066950786
0.04892898412707566	0.0026426284217646256
0.04890716099019053	0.0030196980913205058
0.04890125111524714	0.0031139383498520836
0.04889515964689553	0.0032081670448619714
0.04888243202112388	0.0033965883446985777
0.048854798689154065	0.0037732767888626283
0.048847436738071015	0.0038674147441527017
0.048839893393417905	0.003961538337907879
0.04882426263612298	0.004149741042766993
0.04879082567633845	0.004525958738686331
0.048782013398739	0.004619972018139052
0.0487730199705172	0.004713968141456796
0.0487544897964665	0.004901907523544613
0.04871525715541322	0.0052775650602432285
0.04862811108580793	0.006027917128616112
0.048615411879219445	0.0061294943100543
0.048602500492636216	0.006231044739563002
0.0485760414058162	0.006434063570059703
0.048520579613707815	0.006839760714599641
0.0483994954215482	0.007649693825420323
0.048383408615168745	0.007750789860443529
0.04836711064136338	0.007851852067458528
0.04833388147692363	0.00805387323328586
0.04826489233044526	0.008457490231366861
0.048116807937600564	0.009262924299550243
0.04809735150357811	0.009363426243869908
0.04807768515061442	0.009463887321895233
0.048037723032111124	0.009664685125409932
0.04795528360579952	0.010065771056927289
0.04778036445185789	0.010865806253139902
0.04739054083831096	0.012456548949669832
0.04736615187091071	0.012548969265440153
0.04734158266699226	0.012641341830180721
0.04729190392424682	0.01282594230078038
0.0471903877600102	0.013194554776233212
0.046978742578177864	0.01392934738085163
0.046521184854723036	0.015388577984850556
0.04649107807639597	0.015479296882532915
0.046460794391360034	0.015569956878774811
0.046399696762773224	0.01575109878725391
0.04627538374046913	0.01611266062310831
0.04601831335028525	0.01683281940371539
0.04547061788491715	0.01826066487965298
0.04543561266733557	0.018347590420188558
0.04540044127559758	0.01843444885707611
0.045329600484796714	0.01860796314946525
0.04518593051388723	0.018954172529479996
0.04489066664320875	0.019643243647917332
0.04426868830751521	0.02100743221374773
0.04422843231422345	0.021092054136790342
0.04418801456186215	0.02117659891870737
0.04410669437181026	0.021345455822606853
0.04394211942661392	0.021682230350688995
0.04360526518021529	0.022351953410076786
0.042901018364718865	0.02367554848262641
0.04285181084201619	0.023764496212695167
0.04280241890206962	0.02385334166977224
0.04270308262149103	0.0240307242359703
0.042502206459257875	0.024384245298506937
0.042091688406453824	0.0250862260967476
0.04123598931868969	0.026469268172581738
0.04118098977392485	0.02655475576846898
0.04112581300246909	0.02664012908319108
0.041014928730082556	0.026810531399981383
0.04079104396419041	0.027149948526555712
0.040334863758357466	0.0278231511205665
0.03938930442518917	0.029146383473475958
0.039332801187962896	0.029222589265691774
0.03927615051694924	0.029298685520908398
0.03916240772350175	0.029450548279808805
0.03893316231137792	0.029752946830844187
0.03846768049054436	0.030352372730324265
0.037509146600737585	0.03152923871531813
0.037448033514704125	0.03160179992602852
0.03738678005968489	0.03167424268158416
0.03726385296161615	0.031818771741508045
0.0370163244752154	0.032106396481522324
0.03651462247441167	0.03267585221894495
0.03548506236304323	0.03379111305911766
0.03541408506679416	0.03386549204669859
0.03534295186770057	0.03393972194878061
0.035200219014258814	0.03408773318998128
0.03491289629758977	0.034381952312178
0.03433089388543264	0.034963104806499994
0.03313803863869	0.03609569735943369
0.033062231120148236	0.036165146841137544
0.03298627805228992	0.03623443711360996
0.03283393660673066	0.03637253881142106
0.032527521878707825	0.036646818321831476
0.031907840826543105	0.03718761442296519
0.030641686733278748	0.03823762553850263
0.03056285618635208	0.03830066310673354
0.030483895955826866	0.038363538158484055
0.030325587784698484	0.038488799646074774
0.030007430017809405	0.03873736073107473
0.029365024566929642	0.03922657651219079
0.02805646742386462	0.04017292133236968
0.027973655853341568	0.04023062951138036
0.02789072558565443	0.04028816698472221
0.027724510366841187	0.04040272883855811
0.027390671079868853	0.04062979338462818
0.02671743660034427	0.04107563212160859
0.025349386491778373	0.041933728395810256
0.025268765993075287	0.041982358650632545
0.025188052202429905	0.042030833907154466
0.02502634593763243	0.042127318709990175
0.024701827039417167	0.04231842049979959
0.024048430976261036	0.04269311349928871
0.02272474790453831	0.04341215043462281
0.022641291531885755	0.043455734839619245
0.022557751567891082	0.04349915880663035
0.02239042209989648	0.043585524786006725
0.022054773659189314	0.043756324474583885
0.021379588255580104	0.04409015965842039
0.020014223305319438	0.04472650040152871
0.019920990186378603	0.044768103853942115
0.01982767058714253	0.0448095129606527
0.019640773568621255	0.04489174741875491
0.019265959618065005	0.04505387633354346
0.0185123433040177	0.04536873502840178
0.01698989172792674	0.04596055430210199
0.016894093966708094	0.045995853744953755
0.016798222865448596	0.04603095351223847
0.016606262307892507	0.046100553411478784
0.01622147944585702	0.04623735045686309
0.015448560379426528	0.04650130057198779
0.013890062040772106	0.04699037294155731
0.013798634685695428	0.047017301639862986
0.013707155124502043	0.0470440524516753
0.013524040768385988	0.04709702001165438
0.013157200824497445	0.04720081608560368
0.01242115379636656	0.047399830285035284
0.012328932783652173	0.04742390103206743
0.012236665125329815	0.04744779235426741
0.012051991268387905	0.04749503636328581
0.01168209917873696	0.04758736735165429
0.010940215922207222	0.04776338187627236
0.010847290565992646	0.047784571360011865
0.010754324169854163	0.047805580054349615
0.010568269664885466	0.04784705475756477
0.010195683662286912	0.04792783123970576
0.009448682675900629	0.048080675623094926
0.009355142972465463	0.048098963321966406
0.009261567874536766	0.048117069041957325
0.009074312911469326	0.048152734271979615
0.00869939383773675	0.04822187801754601
0.007947998576451431	0.048351404233091984
0.007855785852305404	0.04836647187180245
0.007763544564263915	0.04838136364843211
0.007578977638166608	0.048410619399500664
0.0072095157832985785	0.04846701821706704
0.007117083944637195	0.04848067747884848
0.007024626228024744	0.04849416046329379
0.006839634505756729	0.048520597404718764
0.006469355323850888	0.048571353845419024
0.006376725879716472	0.04858360155173856
0.00628407324959725	0.04859567260648664
0.006098699779039506	0.048619284586347865
0.005727689434676386	0.04866438683907397
0.004984690702659068	0.04874609554909976
0.004891730753622264	0.04875551192344518
0.004798753018091711	0.048764751021147384
0.004612745539893236	0.04878269725289218
0.004240532024837703	0.04881646096174389
0.004147439253280549	0.048824458218432766
0.004054331401498004	0.04883227794778743
0.0038680718114831917	0.04884738471140854
0.0034953865681723747	0.048875466702857986
0.0034021826369374105	0.048882042980915405
0.0033089663352545992	0.048888441522258526
0.0031224979763393255	0.048900705302386965
0.0030292465971119426	0.04890657049658077
0.002935984203444406	0.048912257864877434
0.0027494277292482096	0.04892309904170811
0.002656134327045019	0.04892825281082324
0.0025628312670501374	0.04893322867520362
0.0023761975307311804	0.048942646618037385
0.0022828675330135027	0.048947088662246827
0.002189529234714471	0.048951352733233734
0.0020028290939257697	0.0489593468941699
0.0019015313843934922	0.04896338582121651
0.0018002255354080995	0.04896721516182847
0.0016989119806065098	0.048970834899614395
0.0015975911536586136	0.04897424501908009
0.0014962634882654529	0.048977445505628645
0.0013949294181573402	0.048980436345560444
0.0011922437988526535	0.04898578903526243
0.0010908931172463328	0.048988150862120564
0.0009895377661018423	0.04899030299653798
0.0008881781792679916	0.04899224542930249
0.0007868147906117112	0.04899397815209961
0.0006854480340162261	0.04899550115751244
0.0005840783433791784	0.0489968144390218
0.00048270615261074697	0.048997917991006223
0.0003813318956318234	0.048998811808741986
0.00027995600637214396	0.04899949588840313
0.00017857891876843146	0.04899997022706147
0.00007720106676253842	0.04900023482268662
-0.000024177115700421543	0.049000289674145964
-0.00012555519467389862	0.049000134781204734
-0.0002269327362117859	0.04899977014452593
-0.0003283093063702988	0.04899919576567038
-0.0004296844712097998	0.04899841164709669
-0.0005310577967966667	0.048997417792161255
-0.0006324288492051502	0.04899621420511826
-0.0007337971945192315	0.048994800891119614
-0.0008351623988344897	0.048993177856214966
-0.0009365240282599282	0.048991345107351675
-0.0010378816489198517	0.04898930265237478
-0.0011392348269557463	0.04898705050002695
-0.001240583128528104	0.04898458865994845
-0.0013419261198182896	0.04898191714267714
-0.0014432633670303995	0.048979035959648365
-0.0015445944363931168	0.04897594512319495
-0.0016459188941615795	0.04897264464654713
-0.0017472363066192056	0.04896913454383252
-0.0018485462400795686	0.04896541483007601
-0.0020511419354248056	0.04895734663402298
-0.002152426830104343	0.04895299818626216
-0.0022537025113796684	0.048948440196530676
-0.0024562244997278454	0.048938695670093985
-0.0028611388441016367	0.048916693032112386
-0.002962337895771783	0.04891066884509364
-0.003063524267235538	0.048904435297293825
-0.003265857237098029	0.04889134022697715
-0.00367035196068903	0.04886263899103082
-0.003771437446467226	0.04885494071504461
-0.00387250678871052	0.048847033316820075
-0.004074595312165129	0.048830591289940585
-0.00447855960603262	0.04879519931856363
-0.0045727497309669615	0.04878646259548934
-0.004666922814262935	0.04877754405593676
-0.004855216452154698	0.048759161661023925
-0.005231583790344474	0.04872021658128938
-0.00532562775894362	0.0487100262949663
-0.0054196518800926265	0.048699654477026295
-0.005607639178486122	0.0486783664015859
-0.005983360193064878	0.048633613617365366
-0.006077235574964049	0.048621972198271954
-0.006171088308335098	0.04861014957571998
-0.006358724430504078	0.048585960897156805
-0.006733709508501012	0.04853541108240727
-0.007482452771333669	0.048425632398636786
-0.007575923854916812	0.048411097389210685
-0.007669366704688321	0.048396381962210334
-0.007856166309938682	0.04836641007552373
-0.008229411399302193	0.0483043037492952
-0.008974407235798013	0.04817145407239847
-0.0104578002910381	0.04787132111980933
-0.010557951870480732	0.04784933254480936
-0.010658057217837521	0.047827134442954465
-0.01085812746309763	0.04778211004840896
-0.011257693894984171	0.04768955127541017
-0.012054432616092573	0.04749441679805346
-0.01215379199808448	0.04746908797049335
-0.0122530981599858	0.04744355128112663
-0.012451549084349488	0.0473918547651722
-0.012847793174414434	0.04728597237268796
-0.013637553236705229	0.04706427641427381
-0.013736009050214212	0.04703563572500719
-0.013834404715281782	0.047006789071972664
-0.014031013876903666	0.04694847838076625
-0.014423491478731978	0.0468293910514122
-0.015205387647297683	0.046581382108934324
-0.01675617847646604	0.04604627515389226
-0.016850736600219414	0.04601175554913293
-0.016945223610357954	0.04597704176519088
-0.017133982695072995	0.04590703224657502
-0.017510629976226627	0.04576468955995236
-0.01826035207663402	0.04547074350305377
-0.019744799449659144	0.04484609088176894
-0.019836885712453477	0.04480543424534795
-0.019928888259462367	0.04476458852067114
-0.020112640653399183	0.04468233049685719
-0.02047912379184457	0.044515553028143376
-0.021207916982098493	0.04417299208751381
-0.022648124102632325	0.04345217425302104
-0.022731331281698196	0.04340870363008815
-0.02281445502396543	0.04336507367274496
-0.022980450977967304	0.04327733639599809
-0.02331142824016068	0.043099956915140625
-0.023969256254002817	0.042737614899676916
-0.025267867107747033	0.04198289966770251
-0.02534825453881077	0.041934412652603094
-0.025428548927492405	0.04188577171457229
-0.025588857399149383	0.041788028784439414
-0.02590834488896364	0.041590703742514994
-0.026542736500784876	0.0411887376807428
-0.027792666577299237	0.040355875126259044
-0.027876464559680188	0.04029803588682746
-0.027960142173387003	0.04024002264322331
-0.028127134850042593	0.04012347514623651
-0.02845965991645248	0.03988830317427663
-0.02911878867408759	0.03940970843379798
-0.03041272609026126	0.03841998261896902
-0.030492495704438113	0.03835670317425576
-0.030572133654096643	0.038293258107912294
-0.030731013184943746	0.03816587220685456
-0.03104717718035667	0.03790912504681002
-0.031673048650858605	0.03738779161495746
-0.03289836333505247	0.03631427629126064
-0.032968733704161146	0.036250400971951306
-0.03303898005348556	0.03618638928808072
-0.033179099636255344	0.03605795779034886
-0.03345783896883139	0.03579946904939914
-0.03400925974275848	0.0352760432082841
-0.0350874076715649	0.03420384182475044
-0.0351536806945856	0.03413572478073754
-0.035219821478620884	0.0340674793270241
-0.035351705335016054	0.03393060421786409
-0.03561387526603227	0.03365532441113343
-0.03613176894231218	0.03309870459372247
-0.03714133790997019	0.0319616956831228
-0.037208426942380524	0.0318835684507972
-0.03727535163357259	0.03180530039595063
-0.03740870681066397	0.03164834320208441
-0.03767343211300523	0.03133275419604739
-0.03819487728034338	0.0306949559736229
-0.039205233978377906	0.029393512913290606
-0.0392669211314557	0.02931105384559172
-0.03932843485141128	0.029228465317587885
-0.03945094090595419	0.02906290134033506
-0.039693859914586585	0.028730235950376663
-0.04017126570685111	0.028058837898115235
-0.041091880281821834	0.02669243989573754
-0.04114686856128712	0.026607596289091984
-0.041201681661941894	0.026522639403180445
-0.04131078139412089	0.026352387240823068
-0.04152686849493926	0.026010539511651054
-0.04195054197706026	0.025321552095281297
-0.04276348611328142	0.023923068952839775
-0.04281275666261861	0.023834782139355606
-0.04286184494078795	0.023746393851593328
-0.042959473848445597	0.023569314358883202
-0.04315253526634986	0.02321395426827518
-0.043529826746710264	0.02249851453062017
-0.0442487287219117	0.021049441303222415
-0.04428916489278693	0.020964227764996964
-0.04432943696089431	0.020878936548905856
-0.04440948819254065	0.02070812234751698
-0.044567614897817	0.020365575734631703
-0.04487593267150987	0.019676880838823324
-0.0454605730878099	0.018285657418070412
-0.04549568699577411	0.018198116316412803
-0.045530632330495216	0.01811050778604517
-0.04560001676290735	0.017935089737877198
-0.045736757093537285	0.017583458796548136
-0.04600209545616788	0.01687709057642217
-0.04649998615816998	0.015452516299073751
-0.04653213422081468	0.015355437393289281
-0.04656407961022569	0.015258291606064655
-0.04662736181367053	0.015063801080079297
-0.04675148807882023	0.014674036087561917
-0.04698995806442794	0.013891465501754772
-0.04701884715430951	0.013793367426514085
-0.047047531451052824	0.013695209273513658
-0.04710428516627319	0.01349871444462602
-0.04721532964170017	0.013105022682495757
-0.04742753998851349	0.01231492685000982
-0.04745313789664589	0.01221591897668977
-0.04747852912006315	0.012116857896272221
-0.04752869107128158	0.011918577840238219
-0.047626529951425536	0.011521398242796105
-0.04781224406216402	0.01072465805623661
-0.04814364137162028	0.00912243214082473
-0.04816132551266622	0.009028604407445545
-0.04817882679187108	0.008934742393713694
-0.048213280499652435	0.008746916950844662
-0.04827999069587472	0.008370870390191801
-0.048404608260627514	0.007617274566295356
-0.04841935902761862	0.007522941182656356
-0.048433925953051335	0.007428579235458124
-0.04846250805870553	0.00723977108360762
-0.04851746378452859	0.006861827788577632
-0.048618529844336025	0.006104713626251979
-0.04863033290073778	0.006009966276657462
-0.048641951314542756	0.005915196108058579
-0.048664634038609635	0.005725588753249393
-0.04870778188157973	0.005346116053696592
-0.0487181066013096	0.005251196231962119
-0.04872824634517819	0.005156256472167352
-0.04874797075203722	0.004966318580363482
-0.04878519820852902	0.004586219405749808
-0.048794042082739617	0.0044911501768449946
-0.04880270069277249	0.004396063895668858
-0.048819461989506464	0.004205841620683445
-0.04885076001346259	0.0038252083329177737
-0.048858120893143446	0.003730012798117382
-0.04886529626534825	0.003634803100978241
-0.04887909037905867	0.003444342665727834
-0.04890445136523967	0.003063267756505527
-0.048910213857428324	0.002969840585581272
-0.048915797866308605	0.002876402577105304
-0.048926430353286726	0.0026894954114335826
-0.04893147879258447	0.002596026936300054
-0.048936348670973774	0.0025025489877367516
-0.04894555267459406	0.0023155660348342408
-0.048949886766237745	0.002222061712833821
-0.048954042229798565	0.0021285492820787345
-0.04896181721266697	0.0019415014593162862
-0.048965436703602074	0.0018479667498844349
-0.048968877509709414	0.0017544252968464274
-0.04897522301786815	0.0015673235253823607
-0.04897812769676349	0.0014737638897286817
-0.04898085364451907	0.001380198876011139
-0.048983400851187346	0.001286628825667457
-0.04898576930747304	0.001193054080153762
-0.048987959004733184	0.0010994749809433131
-0.04898996993497712	0.001005891869525258
-0.04899180209086656	0.0009123050874033856
-0.048993455465715596	0.0008187149760948571
-0.048994930053490725	0.0007251218771290275
-0.048996225848810866	0.0006315261320461534
-0.048997342846947414	0.0005379280823961044
-0.048998281043824206	0.0004443280697371819
-0.048999040436017584	0.00035072643563485056
-0.04899962102075636	0.00025712352166049193
-0.04900002279592186	0.0001635196693901582
-0.04900024576004793	0.0000699152204033038
-0.04900028991232093	-0.00002368948371839587
-0.04900015525257974	-0.00011729410139233426
-0.04899984178131576	-0.00021089829103626385
-0.048999349499672905	-0.00030450171106947727
-0.04899867840944761	-0.0003981040199140757
-0.048997828513088836	-0.0004917048759962153
-0.048996799813698005	-0.0005853039377473534
-0.04899559231502906	-0.0006789008636055176
-0.04899420602148842	-0.0007724953120164853
-0.048992640938134935	-0.0008660869414350757
-0.04899089707067992	-0.0009596754103264375
-0.0489889744254871	-0.001053260377167232
-0.0489868730095726	-0.0011468415004468996
-0.04898459283060491	-0.0012404184386689068
-0.04897949621744562	-0.0014275583940314355
-0.0489766798018526	-0.0015211207282602348
-0.04897368466040348	-0.0016146775116104004
-0.04896715824430862	-0.0018017730600655495
-0.048963626993479094	-0.0018953111424208611
-0.04895991706442582	-0.001988842308400709
-0.048951961226453136	-0.0021758825260036
-0.0489477153465662	-0.0022693908950788856
-0.04894329084652034	-0.002362890982685659
-0.048933906051187234	-0.0025498649487219285
-0.04891299377269814	-0.002923698492514547
-0.048906829724960736	-0.003025058501390657
-0.04890045563405208	-0.003126405518361886
-0.04888707743312376	-0.003329058835602178
-0.0488578017781458	-0.0037341904196963897
-0.04884995820204544	-0.0038354343093778727
-0.04884190482702345	-0.00393666172678358
-0.04882516881946478	-0.00413906540584989
-0.04878918079948108	-0.004543655972747743
-0.048779659850891645	-0.004644755915486776
-0.04876992940529524	-0.004745835910106728
-0.04874984019114084	-0.0049479343186191165
-0.04870714969776605	-0.005351872663147699
-0.04861173101994966	-0.006158618345635913
-0.04859886363744507	-0.006259347077144627
-0.048585787534410126	-0.006360048926250281
-0.04855900939228033	-0.006561370247407902
-0.04850295099267047	-0.006963671279271175
-0.048380839515048055	-0.007766810188378752
-0.04836463984449613	-0.007867056971658255
-0.048348232459349196	-0.007967269967804036
-0.0483147948280253	-0.008167592877277786
-0.048245430150465	-0.008567814323369859
-0.0480967601173417	-0.009366463521416611
-0.04807855602558468	-0.009459462097701654
-0.04806017211450567	-0.00955242529451193
-0.048022865110085695	-0.0097382441590696
-0.04794609633975983	-0.010109442045019509
-0.04778395605744536	-0.010850000745772775
-0.04776288348348671	-0.010942391604489964
-0.047741632270857606	-0.011034741537405697
-0.04769859424818388	-0.011219317244389657
-0.047610378080726136	-0.011587962361582459
-0.04742540395768683	-0.012323150251999745
-0.04740148307626787	-0.012414844938759028
-0.0473773849078575	-0.01250649319257225
-0.04732865707124499	-0.012689649030435414
-0.047229077964223945	-0.013055388440502089
-0.04702144709344776	-0.013784501656615405
-0.04657247221032755	-0.015232655871561182
-0.04654044182699131	-0.015330239633860163
-0.046508206975680186	-0.015427756045207363
-0.046443124436505535	-0.015622585101653366
-0.046310512033787395	-0.01601141617258049
-0.04603553085740958	-0.01678567458756514
-0.04544681840729825	-0.018319816301950082
-0.04540831972078037	-0.01841503388046103
-0.04536962154008469	-0.01851017055547091
-0.04529162737709268	-0.018700199523473775
-0.04513325266023204	-0.019079268250926103
-0.04480699692012207	-0.0198333557343005
-0.04411678593272098	-0.021324590773321103
-0.04407281155905664	-0.02141532754741386
-0.04402865056365104	-0.021505973640527202
-0.04393976945638603	-0.021686992248875478
-0.04375977606159496	-0.022047924431161315
-0.04339090749569931	-0.022765283204537676
-0.04261799731278958	-0.024181300166248296
-0.0425681476793494	-0.02426894673924354
-0.042518117795510825	-0.024356490547905403
-0.042417518124786155	-0.02453126838988513
-0.04221416515082231	-0.024879574620604715
-0.04179889314741771	-0.025571106826531704
-0.04093448283303048	-0.026933196763018537
-0.04088271398686582	-0.027011713565623065
-0.04083079453710929	-0.02709013086257623
-0.04072650459241746	-0.027246665784402664
-0.04051612591248565	-0.02755852887450178
-0.04008821697469089	-0.02817736383115433
-0.03920414880805167	-0.029394960263951376
-0.039147658234704855	-0.02947015146587959
-0.03909102344935819	-0.029545234105771905
-0.03897732207771988	-0.02969507259349318
-0.03874819800570871	-0.02999343468150207
-0.03828311198998048	-0.03058483789471103
-0.037325975037971484	-0.031745874694956336
-0.03725981792141691	-0.03182349668320562
-0.03719349938478455	-0.0319009808030595
-0.03706037920122727	-0.032055534095447244
-0.03679221448154987	-0.03236297152961655
-0.036248252922759676	-0.03297109541296412
-0.0351303328592977	-0.03415975242706082
-0.03505915622331711	-0.03423279914923968
-0.034987827701148125	-0.03430569756524288
-0.03484471623496303	-0.03445104821609994
-0.03455668430892945	-0.034739955990992964
-0.03397345457886184	-0.035310527561354145
-0.03277890101592475	-0.03642214464953083
-0.03270807201601034	-0.036485764315395956
-0.03263711953870025	-0.036549246242566065
-0.032494845223779045	-0.03667579592273061
-0.032208826681924485	-0.03692723190894342
-0.031630970570828545	-0.03742339740630877
-0.030452473312811458	-0.03838848579737999
-0.030377828162697386	-0.03844758157284758
-0.030303068332173357	-0.03850653220349466
-0.030153205759241245	-0.03862399714068962
-0.029852116895385746	-0.03885717552199805
-0.029244548091063503	-0.03931647720272778
-0.028008362192696295	-0.04020647485127091
-0.027931729906646083	-0.04025974959069308
-0.027854996286932	-0.04031287827156657
-0.027701226160407974	-0.040418696687214796
-0.027392482176720825	-0.040628572370699556
-0.02677024213312698	-0.04104123668722584
-0.02550726129672944	-0.04183788467195142
-0.025427526192850082	-0.04188639259228542
-0.02534769884032013	-0.04193474855276436
-0.02518776854806632	-0.04203100389298572
-0.024866813744711627	-0.04222168337322613
-0.024220592578562142	-0.04259567898069521
-0.022911430871958363	-0.0433139158710294
-0.02282186087451815	-0.04336117663195127
-0.022732193389994597	-0.04340825216894854
-0.022552567492226096	-0.04350184676759972
-0.02219216273263992	-0.043686804482946186
-0.02146682770659701	-0.044047750009488774
-0.019998751766170966	-0.04473342039770951
-0.019906254162299526	-0.044774658210968765
-0.019813671525806622	-0.044815704762399745
-0.019628252737241596	-0.044897223379248154
-0.01925641219394369	-0.04505795781102463
-0.018508808309584766	-0.04537017729348416
-0.01699862650664843	-0.04595732443877264
-0.016909972910339594	-0.04599001836110441
-0.016821256433405887	-0.046022541267130616
-0.01664363615748384	-0.04608707354715025
-0.01628765556911946	-0.046214080632907446
-0.01557280845093758	-0.04645983867420921
-0.014132167039653209	-0.04691812898492947
-0.014041666001579056	-0.04694529357223403
-0.01395111274883035	-0.046972283590991856
-0.013769850946410143	-0.04702573952206161
-0.01340671559431923	-0.04713055218917106
-0.01267807358227753	-0.04733175913618145
-0.01121191219294922	-0.0477003354040696
-0.011112172736764531	-0.04772366907260428
-0.01101238472074317	-0.047746794190243615
-0.010812664753682595	-0.04779241836952394
-0.010412661302603233	-0.047881159731990704
-0.009610498287439498	-0.0480485930631716
-0.009510034316612063	-0.048068578302046756
-0.00940952878724129	-0.04808835348278434
-0.009208394809872934	-0.04812727332509753
-0.008805647489607982	-0.048202588571277995
-0.007998334002955045	-0.048343103188152
-0.007897257897272865	-0.048359717641722234
-0.007796147280828306	-0.04837612076488536
-0.007593824283201292	-0.04840829273418969
-0.007188783610070925	-0.04847009761585709
-0.0070874437982952065	-0.04848501947085456
-0.006986073014618529	-0.048499729447879995
-0.006783240303644149	-0.04852851351181238
-0.006377222719144833	-0.04858353633766857
-0.00627564754313477	-0.04859676142087543
-0.0061740449427472545	-0.04860977413780151
-0.005970759244958081	-0.04863516224627905
-0.005563878300645066	-0.04868338762800664
-0.004748977823841659	-0.048769623561309136
-0.004653770331153483	-0.04877880066574018
-0.00455854510611662	-0.04878779190738847
-0.004368042910416715	-0.0488052166660071
-0.003986841700081584	-0.04883783436989841
-0.003891502511690135	-0.048845523652476575
-0.0037961484954334252	-0.04885302681803613
-0.003605397432695982	-0.04886747468445089
-0.003223733362937552	-0.048894135802648384
-0.0031282857278308596	-0.048900335388299625
-0.0030328261729581914	-0.04890634864808207
-0.0028418727588841457	-0.04891781609910086
-0.0027463796272761565	-0.048923270246642565
-0.002650876031086199	-0.04892853798092635
-0.0024598389005952943	-0.04893851413014353
-0.0023643060942067228	-0.048943222507064614
-0.0022687642790581606	-0.048947744394703306
-0.0020776550786929383	-0.04895622863392483
-0.0019820884216632637	-0.048960190953179994
-0.0018865142122447937	-0.04896396671849757
-0.0016953445929415228	-0.04897095853048338
-0.0015997499114739225	-0.048974174550510584
-0.0015041491344491523	-0.04897720396331823
-0.0014085426261366094	-0.0489800467573633
-0.0013129307508275298	-0.04898270292181385
-0.0012173138728336858	-0.04898517244654903
-0.0011216923564859116	-0.04898745532215917
-0.0010260665661326284	-0.04898955153994578
-0.0009304368661385422	-0.048991461091921616
-0.0008348036208833434	-0.04899318397081067
-0.0007391671947602309	-0.04899472017004822
-0.0006435279521744366	-0.04899606968378086
-0.0005478862575419239	-0.04899723250686651
-0.00045224247528808655	-0.048998208634874446
-0.00035659696984627267	-0.04899899806408531
-0.00026095010565630936	-0.04899960079149112
-0.00016530224716320083	-0.0490000168147953
-0.00006965375881582703	-0.04900024613241266
0.00002599499493453213	-0.04900028874346944
0.00012164364963567255	-0.04900014464780326
0.0002172918408357676	-0.048999813845963185
0.0003129392040846695	-0.04899929633920967
0.00040858537493538547	-0.04899859212951458
0.000504229988945553	-0.04899770121956118
0.0005998726816787418	-0.04899662361274412
0.000695513088705755	-0.04899535931316943
0.0007911508456061052	-0.048993908325654485
0.0008867855879694899	-0.04899227065572802
0.0009824169513970925	-0.04899044630963008
0.0010780445715028852	-0.04898843529431199
0.001173668083915102	-0.048986237617436375
0.0013649013282517428	-0.04898128231321916
0.0014586361809206779	-0.04897858055492062
0.0015523656914843132	-0.048975699417599355
0.001739807313217884	-0.04896939904875302
0.0018335187379020814	-0.048965979840302404
0.0019272234475121454	-0.048962381298977876
0.0021146113488002103	-0.048954646271081
0.0022082938541892615	-0.048950509812837384
0.002301968271928793	-0.048946194078377254
0.002489291472198383	-0.048937024844687683
0.002863825727873212	-0.048916535802154985
0.0029574339278408894	-0.04891096561350629
0.003051031296510441	-0.04890521629346765
0.0032381921688330335	-0.04889318034410165
0.003612368857919805	-0.04886695983911287
0.003705880811740987	-0.048859957225649606
0.0037993791931541726	-0.04885277566760937
0.003986333869094582	-0.04883787582366015
0.004360065288722339	-0.048805930002011215
0.004453459078230934	-0.048797496605068394
0.004546836557402884	-0.04878888449230422
0.004733541216856071	-0.04877112424613015
0.005106739768520087	-0.048733460595567754
0.005199993503246409	-0.04872359839184022
0.0052932281935304006	-0.04871355774293594
0.005479639074992466	-0.048692941257341964
0.005852217285086359	-0.04864956860580858
0.005945309107388013	-0.04863827990688763
0.006038379155605413	-0.04862681307526013
0.006224452566430676	-0.0486033451825221
0.006596323106749301	-0.04855427369608678
0.0073388828233471514	-0.04844759820247356
0.0074394359820950514	-0.04843225954827473
0.007539957083761109	-0.048416712195874886
0.007740901383376324	-0.04838499166534993
0.008142386248382722	-0.04831904923387139
0.008943644210830461	-0.04817717510308401
0.009043632559717811	-0.04815850581992709
0.009143581938921204	-0.04813962901819429
0.009343362065688891	-0.04810125318526104
0.009742435744167412	-0.048022014935380504
0.010538540562048898	-0.04785361151998028
0.0106378538117278	-0.04783163220049518
0.010737121222105047	-0.047809446770956894
0.010935516814151556	-0.047764457965003095
0.011331739119057889	-0.04767201129825291
0.012121812671250018	-0.04747726435091076
0.013691714154476026	-0.047048548715080046
0.013782839708899276	-0.04702193426733878
0.013873913529816814	-0.04699514332407451
0.014055904603958216	-0.04694103235387528
0.014419250922246342	-0.046830696936138345
0.015143323933795565	-0.04660159560486394
0.01658038382207095	-0.046109867111020254
0.01666968536561668	-0.04607765795365998
0.016758924339961866	-0.04604527584509157
0.016937213241462523	-0.04597999326116051
0.01729302549188207	-0.04584735807023406
0.01800151307456685	-0.045573835692306365
0.01940534625289771	-0.04499401637427235
0.019499767464248533	-0.044953176100509
0.019594102724218895	-0.04491213768143192
0.01978251372714918	-0.04482946713176829
0.020158286046305814	-0.04466175630624541
0.020905539314733025	-0.04431689743927581
0.022382144758560683	-0.04358977596512712
0.022473611236495154	-0.043542689061127335
0.022564978654894003	-0.04349541022898069
0.022747414702600298	-0.043400277614677345
0.023111080392905808	-0.04320771847431642
0.023833496537662986	-0.04281347235943781
0.025257957098908976	-0.041988862521778476
0.025344451477191686	-0.04193671126833166
0.025430838176837146	-0.041884381842241164
0.02560328707258232	-0.04177918936219417
0.02594687660224687	-0.04156667616337531
0.026628741024203543	-0.04113318762446012
0.027970564983744138	-0.04023277851669314
0.028053433934578556	-0.040175039728186646
0.02813618369737133	-0.040117130251688185
0.028301324253054767	-0.040000800219578025
0.028630159672896442	-0.0397661027734375
0.02928196968300825	-0.03928861443429286
0.030561528909801128	-0.038301722198597406
0.030635117867401713	-0.03824288856681126
0.030708593565353742	-0.03818391354904647
0.030855204096157583	-0.038065540228237923
0.031147054117844748	-0.03782710658328482
0.03172520972147823	-0.03734354081780894
0.032858866709420106	-0.03635001858673118
0.03292869874068038	-0.036286771307580595
0.032998409032802475	-0.036223389874320146
0.03313746336919254	-0.03609622548326295
0.033414099862790626	-0.03584029719523255
0.03396142701334053	-0.035322095746157016
0.0350318472019584	-0.034260745092624285
0.03510320002288005	-0.034187634033913686
0.03517440026219409	-0.034114374373247706
0.03531634175873136	-0.03396741052043307
0.03559838019985895	-0.033671713645572456
0.036155010448603316	-0.03307331540902007
0.037237946123347666	-0.03184908697588983
0.03730426617313555	-0.03177138174469273
0.037370424074033834	-0.03169353841416278
0.03750225227960463	-0.031537438809136495
0.03776395029855255	-0.031223597334893875
0.038279449306812895	-0.03058942192082553
0.0392783611791376	-0.029295721799681873
0.039335308557732006	-0.029219214112483495
0.039392106912349636	-0.029142595726687686
0.03950525568948515	-0.028989028020814014
0.03972975552587978	-0.028680577025871783
0.04017151688913258	-0.028058478282139164
0.041025714584181514	-0.02679402387735772
0.04107778929760216	-0.02671411984522307
0.041129708385562055	-0.026634114605178182
0.04123307889889657	-0.02647380171415715
0.04143794380490474	-0.02615197479932818
0.041840125870209494	-0.025503584843079723
0.04261396093768203	-0.024188412636732687
0.04266003860988987	-0.024107054537745677
0.04270596095430917	-0.024025608663510688
0.04279733899152421	-0.023862454775812583
0.042978223813393134	-0.023535106766892456
0.043332471756057485	-0.022876316665792592
0.04401059500291551	-0.02154289906610734
0.044051622081281494	-0.02145888078840768
0.04409248876501913	-0.02137478437762124
0.04417374035400153	-0.021206358381872074
0.04433431228850553	-0.02086858228506207
0.044647698640663515	-0.020189402635433097
0.045243188863601305	-0.01881708888578789
0.04528204793310571	-0.018723383980121112
0.04532071292702572	-0.018629598827383898
0.045397460026083455	-0.0184417893888661
0.045548618081526895	-0.018065225255898154
0.0458415536231503	-0.017308406457527365
0.04638962572554974	-0.01578073501857733
0.04642219633544049	-0.015684663212098465
0.04645456798315319	-0.015588524182286729
0.04651871383792753	-0.015396046101130932
0.046644611953873864	-0.015010301407888747
0.046886803882227136	-0.014235750573563376
0.047332542640234225	-0.012675148121167984
0.04735694022687167	-0.012583687258973162
0.04738116108349446	-0.012492179436074776
0.0474290722457995	-0.012309024274322919
0.04752276987734252	-0.011942165459760044
0.04770164700917521	-0.011206330590125624
0.047723206439009964	-0.011114159431229016
0.047744587771971665	-0.011021946795717753
0.04778681582877123	-0.010837398471507755
0.04786913131359543	-0.010467819255456074
0.048025182789473375	-0.009726807838176395
0.048043883467141335	-0.009634014432150412
0.048062404851210785	-0.009541185073220685
0.04809890946274575	-0.009355419882491993
0.04816976416623992	-0.008983473317819096
0.048302840912788164	-0.008237993228755234
0.048318664973843524	-0.00814466621959465
0.0483343087158511	-0.008051308815586437
0.04836505500987426	-0.00786450421673077
0.04842438124572066	-0.007490545617792934
0.04853435613694037	-0.006741309001653722
0.04854878076311909	-0.0066366301010179225
0.04856297961810953	-0.006531920337405989
0.048590699751454476	-0.006322410169163466
0.048643427928932684	-0.005903040911756491
0.04865604459558971	-0.0057981287494435745
0.04866843499223889	-0.005693189623520058
0.04869253674608502	-0.00548323243299963
0.04873802254892343	-0.005063015969140352
0.0487488275011085	-0.00495790176892466
0.04875940575180822	-0.004852764512488848
0.04877988195303368	-0.004642422786782641
0.048818111843827144	-0.0042214841805605805
0.04882710186578927	-0.004116199226346663
0.04883586482225904	-0.004010895130165059
0.0488527093767726	-0.0038002314708098436
0.048883671977607845	-0.0033786960012372716
0.048890844393752415	-0.003273271627749186
0.04889778944797643	-0.0031678320322428444
0.04891099734253124	-0.002956909136588721
0.048917260121440036	-0.0028514268173165046
0.04892329541558463	-0.002745931237772603
0.04893468343837311	-0.0025349022603153356
0.04894003611405815	-0.002429369843770858
0.04894516119906154	-0.0023238261296879077
0.04895472850274708	-0.0021127067722384323
0.048959170676937454	-0.0020071321106610984
0.048963385171462835	-0.001901548115119151
0.04897113104418114	-0.0016903540862132122
0.048974662386352674	-0.0015847450349856633
0.048977965976816584	-0.0014791286140618646
0.048981041800209846	-0.0013735053146002414
0.048983889842228664	-0.0012678756277912512
0.048986510089628496	-0.0011622400448550551
0.048988902530224164	-0.0010565990570391903
0.048991067152889846	-0.0009509531556164152
0.0489930039475592	-0.0008453028318823392
0.04899471290522534	-0.0007396485771530495
0.048996194017940954	-0.0006339908827629146
0.04899744727881826	-0.0005283302400623854
0.0489984726820291	-0.0004226671404156236
0.048999270222804946	-0.0003170020751981301
0.048999839897436906	-0.00021133553579454601
0.049000181703275775	-0.00010566801359645521
0.04900029563873201	-1.2001611042249434e-17