5.808322983077298	0.
5.808312198556019	0.01119284813257165
5.808279845032226	0.022385654700819407
5.8082259226260655	0.033578378140573725
5.8081504315377765	0.04477097688797376
5.808053372047692	0.0559634093796217
5.807934744516242	0.06715563405273713
5.807794549383943	0.07834760934531135
5.807632787171408	0.08953929369626173
5.807449458479336	0.10073064554558606
5.807244563988513	0.11192162333451683
5.807018104459808	0.12311218550567565
5.8067700807341724	0.13430229050322745
5.806500493732636	0.14549189677303492
5.8062093444563025	0.1566809627628127
5.805562363484006	0.17905730770332384
5.8052065341905905	0.19024450356013528
5.804829147427458	0.20143099294938177
5.804009707177756	0.22380168616511423
5.8035676567341525	0.2349858069186658
5.80310405490676	0.24616905505909212
5.802112204066914	0.2685327673892655
5.801583958737672	0.27971314853200147
5.801034169391046	0.29089249096789843
5.7998699668921425	0.3132478936665035
5.797283128876568	0.35794440823552165
5.79658259305299	0.3691153175621878
5.7958605317844585	0.3802848561895975
5.79435184371787	0.40261965544083284
5.791076285579146	0.4472709808905562
5.790203625748862	0.4584297635502068
5.789309464161737	0.4695868438439406
5.787456649078571	0.49189573161412864
5.783493149277824	0.5364912562199313
5.78244857283503	0.5476352602436148
5.781382523433564	0.5587772306393008
5.779186021669316	0.5810549050528232
5.774535522162198	0.6255840303515708
5.764205533079986	0.7145281297150209
5.762700213723577	0.7265687321198211
5.76116974329565	0.7386061634448381
5.758033376053684	0.7626713027220666
5.751459129968296	0.8107612176518356
5.737106235010412	0.9067678445713788
5.7351993614701575	0.9187514135696673
5.7332674568847395	0.930730972714648
5.729328588414499	0.9546778523252161
5.72115085724268	1.0025211939980667
5.703597453305358	1.0979945202015338
5.701291155936572	1.1099076677739423
5.698959975513611	1.1218159711993199
5.694223006311089	1.14561783773712
5.6844509261977825	1.1931611556672221
5.6637166239088685	1.287994518545127
5.617508301603948	1.4765555719832166
5.614617319048888	1.4875107516855959
5.611704971889851	1.4984602711485835
5.6058162281690755	1.5203421627187101
5.5937828585290905	1.5640361911957412
5.56869518185551	1.6511359263619683
5.514457896006841	1.8241079981491672
5.510889144222306	1.8348614977258386
5.507299422537699	1.8456080153325871
5.500057124186099	1.8670799410935
5.485321495040752	1.9099382115104795
5.45484927367739	1.9953033045642994
5.389927376416219	2.1645550934783193
5.385777980843063	2.1748589418189836
5.381608887568917	2.185154835928842
5.37321166898106	2.2057226108624204
5.356181535118929	2.2467610550735015
5.321181992692116	2.3284411258163957
5.247454864822925	2.4901472481341713
5.242683060734904	2.50017803374625
5.237892082294788	2.510199675320179
5.228252672517569	2.530215379776366
5.208744536410182	2.5701354497693383
5.1688150168879	2.649522069532182
5.085336072304277	2.806416381698352
5.079503185352706	2.8169599332854682
5.073648438228616	2.8274913617912767
5.0618734643429075	2.8485176683189257
5.038062309437775	2.890422813701567
4.989400940970741	2.9736331525566917
4.887969375849122	3.1375741037472107
4.881449922940679	3.1477075031785273
4.874909462202619	3.1578273561218215
4.861765629918158	3.1780262483954504
4.835227115928777	3.218259562734342
4.781153116181927	3.2980586343131946
4.669069833109581	3.4549099509668904
4.662372137776897	3.4639431179835576
4.655656966160764	3.4729633008689738
4.642174294827282	3.490964579051009
4.615000348657222	3.5268098414342774
4.559823768130326	3.5978636827064077
4.446202526673522	3.7373652440651233
4.438958396050475	3.745966395187891
4.4316976265807515	3.754553505052565
4.417126280027664	3.771685472309817
4.387785122432865	3.805779499012098
4.328315128957545	3.873280782512572
4.206274688601629	4.005479886327384
4.197861289137273	4.014296510337361
4.189429409497173	4.0230954622758
4.172510358249028	4.040640195074109
4.138452132333553	4.075515896684473
4.069463610067033	4.1444036726752564
3.9280667377660627	4.278657216861366
3.9190807807122003	4.286889514554371
3.9100775707534434	4.295102940144137
3.8920195507357507	4.311473030465881
3.8556982248349816	4.343985160511985
3.7822434088885077	4.4080892313635625
3.6321579487058626	4.532553861941056
3.622813652482458	4.540026113926072
3.6134539840206585	4.547479101778171
3.5946886893058427	4.562327158668108
3.5569753848129273	4.591790716874942
3.480826898438292	4.649780637713184
3.3257151296283354	4.76195702965757
3.3158989368469682	4.768797554558288
3.3060686741205694	4.775617844608447
3.286366105738369	4.789197604484283
3.2467939689196093	4.816113038450324
3.1669911177439163	4.868961196792916
3.004827261709877	4.970676915977248
2.9952707908882164	4.976441375621323
2.985703261567305	4.98218746231114
2.9665351687611805	4.99362443203802
2.9280678380976344	5.016276967158234
2.8506165631367106	5.060691759603089
2.6937118198575654	5.14592387305755
2.683819194495956	5.151090215381501
2.673916660510178	5.156237539950042
2.6540820129426455	5.166475059875764
2.6142954253929065	5.186721055205657
2.534261318526788	5.226292705653103
2.3724157517294597	5.301722302864411
2.3613642251933635	5.30665383002518
2.3503024475867402	5.311562320128772
2.328148331290191	5.321310104030272
2.283719201730552	5.340528296282226
2.1943881701470813	5.377850540361131
2.013922106325181	5.448002718923579
2.0025665760990776	5.452186990927107
1.991202352402062	5.456347594090067
1.9684480219686746	5.46459772174966
1.92283721264759	5.48081316315395
1.8312181005772075	5.51210088295401
1.6464791800973286	5.570073804291106
1.635641702468845	5.573265837629566
1.6247980365106058	5.576436784927742
1.6030923037329534	5.582715373494885
1.5596083849234028	5.59501899562643
1.4723599547988495	5.6186094399992506
1.4614283997808786	5.62146270182929
1.4504913155563324	5.624294695269766
1.4286007250268877	5.629894834203976
1.3847550155761095	5.640839425349809
1.2968147794307625	5.6617035690323725
1.2857997340075442	5.664215296029106
1.2747798238558552	5.666705592884988
1.2527255761573872	5.6716218585678915
1.2085605397253318	5.681196819118554
1.120013665853427	5.699314455620565
1.1089257978679274	5.701482215228506
1.0978337343434508	5.703628403698954
1.0756371885573028	5.707856034829233
1.031195598065476	5.716052091634081
0.9421278422773022	5.7314056744004676
0.9311972697571199	5.733191739383993
0.9202633113730702	5.7349569582939885
0.8983853960504625	5.738424832295638
0.8545906851201046	5.745110150088501
0.8436341395346808	5.7467292710163
0.8326745264678066	5.748327496647662
0.8107462572987726	5.751461238852262
0.7668546632913531	5.757477729104322
0.7558746942470371	5.75892952920427
0.7448919768174987	5.760360389647238
0.722918456546689	5.763159270827774
0.6789401931090219	5.768505533491759
0.5908677324163101	5.778190997062417
0.5798485864814156	5.779307181012225
0.5688273321980083	5.780402351211242
0.5467786588877506	5.78252963450503
0.5026577758210747	5.786531865992839
0.49162288557101713	5.787479832718796
0.4805862077639952	5.788406755977934
0.45850765000430604	5.79019745869098
0.4143308499266976	5.7935261993489755
0.4032827831987637	5.79430572825765
0.3922332501213802	5.795064188880326
0.3701299456293113	5.796517894313138
0.3590762545829672	5.797213133837554
0.3480212579235639	5.797887294504548
0.32590750855550654	5.799172369537839
0.31484883625317167	5.79978327923156
0.3037890191501226	5.800373100722726
0.281666111401335	5.801489470595635
0.270603101195216	5.80201601491822
0.2595391070673304	5.802521462919948
0.23740832796587513	5.803469062686249
0.22540085317945072	5.803947822915877
0.2133924135708353	5.804401739505491
0.20138306054182648	5.804830810512118
0.18937284549813022	5.8052350340991286
0.17736181984914515	5.805614408536255
0.16535003500773948	5.805968932199595
0.14132439341515884	5.806603421241182
0.129310639505086	5.806883383903516
0.11729633208435533	5.80713849036025
0.10528152257988133	5.807368739519407
0.09326626242072639	5.8075741303954125
0.08125060303788446	5.8077546621090965
0.06923459586405845	5.807910333887698
0.05721829233343727	5.808041145064867
0.04520174388147975	5.80814709508067
0.03318500194469309	5.808228183481593
0.021168117960412684	5.808284409920539
0.00915114336658195	5.808315774156829
-0.0028658703984691166	5.808322276056212
-0.014882871896240279	5.808303915590857
-0.0268998096882838	5.8082606928393545
-0.03891663233642724	5.808192607986718
-0.050933288402989704	5.808099661324384
-0.06294972645100334	5.807981853250206
-0.07496589504443359	5.807839184268461
-0.08698174274839919	5.807671654989839
-0.09899721812939379	5.807479266131443
-0.11101226975550217	5.80726201851679
-0.12302684619662298	5.8070199130758
-0.13504089602469144	5.8067529508448015
-0.14705436781389564	5.8064611329665174
-0.15906721014089797	5.806144460690067
-0.17107937158505523	5.8058029353709575
-0.1830908007286387	5.805436558471078
-0.1951014461570555	5.805045331558694
-0.2071112564590649	5.804629256308443
-0.2191201802270009	5.804188334501324
-0.24313516254919154	5.8032319588722405
-0.2551411183079708	5.802716509144017
-0.26714598194216715	5.802176221046386
-0.2911522272957445	5.801021139099968
-0.3391493518425798	5.798413023654724
-0.35114513207245895	5.797698937679136
-0.3631394092351985	5.796960034811717
-0.3871232490012111	5.795407791159024
-0.4350706331739304	5.792005647432813
-0.4470529517017584	5.791093120829496
-0.45903335663164635	5.790155805610368
-0.4829882205788292	5.788206825479378
-0.5308727294746994	5.784011585469383
-0.5420376961407907	5.782975964994697
-0.5532006427509106	5.781918792633112
-0.5755203094034823	5.779739808088949
-0.6201335720785617	5.775123395090796
-0.6312812138858992	5.773915474332709
-0.6424265030461903	5.772686035454189
-0.6647098572903322	5.770162621743432
-0.7092465070340924	5.7648577838489565
-0.720374165165998	5.763477850907849
-0.7314991386209091	5.76207643874505
-0.7537408656685337	5.759209197725432
-0.798190280074087	5.753217200188015
-0.8869436772780338	5.740204420495884
-0.8980234113072295	5.738481491517429
-0.9090997985995357	5.736737176473247
-0.931242367869012	5.733184414270108
-0.975485530131837	5.725822548442047
-1.063794720576704	5.710075014237299
-1.2396309244888648	5.674498307938319
-1.2515025410390377	5.671891859469537
-1.263368677400096	5.669260574423114
-1.2870843017371798	5.663923540794462
-1.3344475035166872	5.652951948858406
-1.428890113811136	5.629821393116905
-1.4406678260572592	5.626819002838763
-1.4524392297807236	5.6237919733519615
-1.475962905504905	5.617664049880296
-1.5229322885511076	5.605113122875617
-1.6165476731345072	5.578834062438797
-1.6282182795454976	5.575439095703393
-1.6398817561714505	5.572019714746172
-1.6631871158074705	5.565107770165461
-1.709710032563926	5.55099157631267
-1.8023932587987992	5.521593467141583
-1.9862185581687106	5.458163767690575
-1.9974271461226016	5.454071934956165
-2.008627304518302	5.449957084903284
-2.0310021436029126	5.441658402401269
-2.075648589733923	5.4247856001578105
-2.164518014906843	5.389942266749033
-2.340479193947061	5.315898138456462
-2.351394776182676	5.311078843538739
-2.362300435043048	5.306237134763145
-2.3840817985835376	5.296486557464925
-2.4275234229287603	5.276717341953821
-2.513912008582845	5.2361113709361575
-2.6846291034400447	5.150668155948961
-2.694492190268919	5.145515300951282
-2.704345386792667	5.1403435590121
-2.7240219642940646	5.129943490311318
-2.7632548467453746	5.108917549509109
-2.8412314695780574	5.0659667993408
-2.9951642401777927	4.976505505885044
-3.0046930839798898	4.97075802537474
-3.0142108988647256	4.964992299380641
-3.0332133021802523	4.9534061956618025
-3.071084227359467	4.930015978088496
-3.1462827813922747	4.882368332608515
-3.2944451035991493	4.783643729952677
-3.304378222178419	4.7767876696098766
-3.3142970726777246	4.769910983423467
-3.334091798182555	4.756095852381003
-3.373508151910658	4.728219392618779
-3.451638960345067	4.671488452642476
-3.6050177580657183	4.554169829922331
-3.614473368023475	4.546668906748434
-3.6239133709315627	4.539148351368063
-3.6427463926211363	4.52404847396551
-3.6802233624442913	4.49361456716786
-3.7544119688431334	4.431817532790738
-3.89965646887998	4.304566795911812
-3.9079979253323054	4.296995239855678
-3.9163246809148933	4.28940751962329
-3.932933964233944	4.274183700862545
-3.9659747459391332	4.243543353179862
-4.031338228195663	4.181498291956151
-4.159138097817135	4.054403304930335
-4.1669938692518045	4.046328949722431
-4.174833965541494	4.03823937327953
-4.190467014775415	4.022014678469385
-4.221543717802275	3.989383976809967
-4.282933015632333	3.9234042181950226
-4.402603776010656	3.788627174478994
-4.410556274333	3.7793662466987477
-4.418489292224404	3.770088626311357
-4.434296746647189	3.751483471697312
-4.46567635441787	3.7140746590957328
-4.5274866335271	3.6384722974041477
-4.647250768698179	3.4842038069806045
-4.654562947212857	3.474429398646219
-4.661854567574228	3.464639644541878
-4.676376005106234	3.445014272047449
-4.70517077139231	3.405581284858645
-4.76176077762224	3.325996117322209
-4.870887196650041	3.164028096154436
-4.8774053142094305	3.1539710329464943
-4.883902666687754	3.1439005420121373
-4.896834965842332	3.1237194485177273
-4.922449171994952	3.0831980190818387
-4.972669938858625	3.0015278700881196
-5.069033482156085	2.8357565890824477
-5.074873840063597	2.8252913802264947
-5.080692592186906	2.814814142965937
-5.092265180081914	2.7938237617053208
-5.115150002635361	2.751700624392747
-5.159872809878271	2.666894910119797
-5.245088925632511	2.495126858087812
-5.249882087338592	2.4850259444893843
-5.254655796878811	2.474915823229524
-5.264144788782516	2.454668107601891
-5.28288857317244	2.414063834944724
-5.319435479424491	2.332428360311181
-5.388736701438898	2.1675176212223493
-5.392898980788351	2.1571408064277895
-5.397041278057502	2.146755998870716
-5.405265865035884	2.125962559412052
-5.4214745836723415	2.084281462360297
-5.452926861456991	2.0005510539210873
-5.51194507695554	1.8316870214011873
-5.515755795415227	1.8201796287969225
-5.519542489701468	1.8086643083015923
-5.527043739885721	1.7856100842944493
-5.541757231493772	1.739408710720528
-5.5700246262130095	1.646645541434035
-5.573449037485065	1.6350173400611896
-5.5768491732976315	1.6233820172816646
-5.583576559412194	1.600090210246489
-5.596739381602526	1.5534233711912997
-5.621894050948404	1.459768185588007
-5.624928337092722	1.4480321399455416
-5.627938123556671	1.4362897873205727
-5.633884145113075	1.4127863657281974
-5.645481622409303	1.3657060909224896
-5.667495520970997	1.2712633069186143
-5.706778194349875	1.0813410730369717
-5.708874410332538	1.07021906299331
-5.710948950514669	1.059092989477017
-5.715032972052704	1.036828821018398
-5.722940564463579	0.992253582186151
-5.73771229300141	0.9029249794332134
-5.739460797124	0.8917430313833173
-5.741187509313809	0.8805576975094093
-5.744575531753509	0.8581770421788568
-5.75108979051846	0.8133769711138275
-5.763069806359927	0.7236313168779502
-5.764468899219985	0.7124002987573066
-5.765846105194983	0.7011665757520131
-5.7685348356566895	0.6786911857090974
-5.7736494294510035	0.6337098244023566
-5.774873285473077	0.6224583620398694
-5.776075215106086	0.6112045362897264
-5.778413277033947	0.5886899655521239
-5.7828260890042475	0.5436343440915011
-5.783874410798377	0.5323651715276772
-5.784900772027424	0.5210939776474885
-5.786887597285865	0.4985456971261424
-5.7905975551442745	0.4534267637679919
-5.791470087974305	0.4421426193468225
-5.792320631399524	0.43085679617174805
-5.7939557372014585	0.4082802849688766
-5.796961939449598	0.3631090033539867
-5.797645005038954	0.3520344745771787
-5.798306913843672	0.34095866115504603
-5.799567251514644	0.31880334205091443
-5.800165675781672	0.3077239172181766
-5.800742934065621	0.2966433694383388
-5.8018339443353995	0.2744790667819923
-5.802347692339909	0.2633953927875275
-5.802840266398719	0.252310757609758
-5.8037618855665	0.23013876550800158
-5.8041909273122965	0.2190514894941188
-5.804598788386053	0.20796341411684208
-5.805350962641274	0.18578502712543377
-5.805695273077902	0.17469479644474262
-5.806018397352827	0.16360392826724587
-5.806320334286903	0.15251246306577243
-5.806601082778301	0.14142044131533243
-5.806860641802513	0.13032790349296705
-5.8070990104123545	0.1192348900776007
-5.80731618773797	0.10814144154989327
-5.807512172986836	0.09704759839208991
-5.8076869654437635	0.08595340108788109
-5.807840564470897	0.0748588901222495
-5.807972969507723	0.06376410598131738
-5.80808418007107	0.052669089152206396
-5.808174195755107	0.041573880122887326
-5.80824301623135	0.030478519382032353
-5.8082906412486555	0.019383047418867264
-5.808317070633234	0.008287504723021153
-5.8083223042886365	-0.0028080682156136232
-5.808306342195766	-0.013903630907034331
-5.808269184412872	-0.024999142861280802
-5.808210831075549	-0.03609456358857543
-5.80813128239674	-0.04718985259947351
-5.808030538666737	-0.05828496940501102
-5.807908600253171	-0.06937987351685232
-5.807765467601023	-0.08047452444744055
-5.8076011412326105	-0.09156888171013755
-5.807415621747595	-0.10266290481937687
-5.807208909822976	-0.11375655329081655
-5.8069810062130855	-0.12484978664147924
-5.8067319117495915	-0.1359425643899024
-5.806461627341489	-0.14703484605628614
-5.805857492714074	-0.1692177592329374
-5.805523644699371	-0.18030830979324736
-5.805168611149273	-0.19139820237189573
-5.804394992702551	-0.21357585170967872
-5.803976410629019	-0.22466352753806465
-5.803536648666263	-0.23575038352358954
-5.802593591569485	-0.2579214741364373
-5.802090299876869	-0.26900562785694554
-5.80156583517783	-0.28008879992125624
-5.800453394493254	-0.30225203730603545
-5.797974526433514	-0.3465649528905605
-5.797243861859448	-0.3585798124224419
-5.796488299505417	-0.37059313193953913
-5.794902494544218	-0.39461494455883345
-5.791432261203039	-0.44263781993930157
-5.790502511234403	-0.4546389151095983
-5.7895478924382955	-0.46663805771416605
-5.787564064869894	-0.49063027910090773
-5.783298171351048	-0.5385890242026727
-5.782169591537563	-0.5505730564078736
-5.781016178684507	-0.5625547240330852
-5.778634873780855	-0.5865107597203063
-5.77357449260161	-0.6343921926726622
-5.762263897590879	-0.73002099303016
-5.760738643251915	-0.7419610231596073
-5.759188647914194	-0.7538978667433921
-5.7560144609761545	-0.7777617892242801
-5.7493694951324965	-0.8254491408826267
-5.7348948293631095	-0.9206504069885771
-5.732974577300168	-0.9325333086672692
-5.731029703478513	-0.9444122053377719
-5.727066124075846	-0.9681577796035237
-5.718843878768233	-1.0155986244669073
-5.7012210550887295	-1.1102676959890896
-5.6990632059745545	-1.121291420662353
-5.696884041709376	-1.1323109515769103
-5.692461800406999	-1.154337267288494
-5.683361899942034	-1.1983377612473167
-5.664142360223475	-1.286120989202028
-5.661644491301641	-1.297072677168766
-5.659125447179093	-1.3080195139347077
-5.654023871097082	-1.3298984701127856
-5.643567036373033	-1.373596367827053
-5.621640853354771	-1.460742958783853
-5.618805356068273	-1.4716121249712713
-5.615948843804347	-1.4824757871603107
-5.610172817157514	-1.5041864370386044
-5.598369059477989	-1.5475399024333771
-5.573757225140964	-1.6339664228290807
-5.5205373190473725	-1.8056255383520718
-5.516740549879686	-1.81719277487479
-5.512919543796236	-1.8287520278521832
-5.505204888136356	-1.8518463800713991
-5.489485479579562	-1.8979370498594275
-5.456890176513545	-1.989714923604369
-5.387106269909878	-2.171566695370337
-5.382542770796143	-2.1828534527755505
-5.377955624343085	-2.1941306201638358
-5.368710470134376	-2.216655986754258
-5.349937287322131	-2.261589462626735
-5.311264077519215	-2.350976344967753
-5.229448890711946	-2.5277421101005464
-5.224236322871454	-2.5384977286841344
-5.219001633545066	-2.549242598262844
-5.208465979191164	-2.5706999084592113
-5.187130194209885	-2.6134835419531686
-5.14340580967101	-2.698516731981935
-5.051787750621984	-2.8663664103546904
-5.045878750118328	-2.8767557273512567
-5.039948383365386	-2.887132863024595
-5.028023651648089	-2.907850414689754
-5.003918904177593	-2.949137412220407
-4.954694019099615	-3.031109211632346
-4.852229855763103	-3.1925665697969614
-4.846093358522301	-3.201873675870116
-4.839939009260555	-3.2111689868927673
-4.827576845425392	-3.2297240868620007
-4.802639295439846	-3.2666912424716577
-4.751916472533184	-3.340045765227139
-4.647122136418226	-3.484375370845637
-4.640425942217345	-3.4932882718922915
-4.633712653632395	-3.5021883043764213
-4.6202348922947225	-3.5199496325610022
-4.593075329355539	-3.5553164267909363
-4.53794566617598	-3.6254192870037256
-4.424490012820452	-3.763044512385689
-4.416647980531276	-3.772245550307266
-4.408786814072898	-3.78143024579337
-4.3930072149584785	-3.7997504503673283
-4.361219910734104	-3.836193004263521
-4.296740617647264	-3.908277874000795
-4.164226298841462	-4.049177102545787
-4.155789270345303	-4.05783580449318
-4.147334237793713	-4.0664769267472805
-4.130370307120451	-4.083706282508779
-4.096228014017255	-4.117952395660278
-4.027094009795289	-4.185585946079098
-3.8854958250561746	-4.317353132327145
-3.877100004118595	-4.324894384121715
-3.8686895466041165	-4.332419308855042
-3.8518248489020643	-4.347420063569261
-3.8179212152895574	-4.3772244024708025
-3.7494241809913156	-4.436038118269676
-3.609729254256556	-4.5504363072905845
-3.600881080274517	-4.557441313002834
-3.5920193124793767	-4.564429113757727
-3.5742551293184768	-4.578352994940923
-3.5385651126546147	-4.605993141467712
-3.466546040035872	-4.660437149887935
-3.3200129044446087	-4.765934345966721
-3.3109291823464226	-4.772249346506405
-3.301833448511549	-4.7785470337786045
-3.283606077669031	-4.791090377193793
-3.2470086499808715	-4.815968303746751
-3.1732505001761524	-4.864884082778928
-3.023541186719776	-4.959315937501172
-3.014089667491503	-4.9650658960445755
-3.0046272134321157	-4.970797841800361
-2.9856696381750836	-4.9822076118346805
-2.947624782801179	-5.004810087861503
-2.8710239949371528	-5.049142213905157
-2.715840563288205	-5.1342794928346445
-2.7052232503119353	-5.139881617480668
-2.694594381559127	-5.145461786333074
-2.673302158384457	-5.156556161404718
-2.6305810437253005	-5.1784803995126865
-2.544602376713629	-5.221265614787981
-2.3705818098062887	-5.302542574912483
-2.359617468643796	-5.307430760491842
-2.3486430480129425	-5.312296274565683
-2.3266641559046817	-5.321959205158596
-2.2825874836004845	-5.3410121002909525
-2.1939691443199463	-5.378021501399559
-2.0149574963231385	-5.447619862266011
-2.004448810319088	-5.451495285016246
-1.9939326706665674	-5.455350436094134
-1.9728781868629415	-5.462999865965984
-1.9306814979251745	-5.478054839933001
-1.8459460306836173	-5.50718613518259
-1.675177456525838	-5.561510259353263
-1.6644497812621206	-5.5647302541453385
-1.653715916654231	-5.567929556194872
-1.6322297790865403	-5.574266034556215
-1.5891849895802033	-5.58669016007125
-1.5028143240605407	-5.610540525042344
-1.3290207013174815	-5.6542302616018
-1.3171979364111563	-5.656996152734962
-1.3053694153923072	-5.659737322977305
-1.281695311803013	-5.66514545298231
-1.2342803073029582	-5.675664542478535
-1.139194720238311	-5.695511501623461
-1.1272860739103296	-5.697880481662615
-1.1153725013785514	-5.700224562147751
-1.091530785972595	-5.704837983590595
-1.0437905328542314	-5.713765588407337
-0.9480944269848616	-5.730421697681961
-0.9361132203406775	-5.732391116667404
-0.9241279229119038	-5.734335485288465
-0.9001452652196678	-5.738149037559636
-0.8521331661056247	-5.745475171207928
-0.8401207006671026	-5.747243955502026
-0.8281045639281971	-5.748987624525317
-0.8040614866055955	-5.752399586390149
-0.7559335878482498	-5.758921798957409
-0.7438932231598575	-5.760489453881571
-0.7318496076820612	-5.762031935652525
-0.7077528348930733	-5.765041352882456
-0.6595225964950538	-5.770757820291577
-0.5629271554545605	-5.780979925012351
-0.5516415935873626	-5.782067746746691
-0.5403539297898176	-5.783133536959411
-0.5177724684499024	-5.785199006659949
-0.4725862155445981	-5.789065394743887
-0.46128504293117667	-5.789976855300196
-0.4499821126746745	-5.790866254198658
-0.4273711515100128	-5.792578853550547
-0.3821300328739769	-5.795739168882577
-0.3708160053677355	-5.796474045996159
-0.3595005649342909	-5.797186836695527
-0.3368656177527343	-5.7985461480719485
-0.3255461972509877	-5.799192663569593
-0.3142255363144404	-5.799817082294223
-0.29158066568279506	-5.800999619991709
-0.28025654227187413	-5.801557734458718
-0.26893135099417764	-5.80209374314104
-0.24627793745270032	-5.803099435066404
-0.23494980150564773	-5.803569114477437
-0.22362077032494712	-5.8040166804397835
-0.2009601949347114	-5.804845465281205
-0.18962873706919342	-5.805226681002345
-0.17829655665773272	-5.805585776958941
-0.1669636968795446	-5.805922751782724
-0.15563020091643293	-5.806237604189711
-0.14429611195263595	-5.806530332980214
-0.1329614731746514	-5.806800937038844
-0.12162632777106176	-5.807049415334511
-0.11029071893237984	-5.807275766920436
-0.09895468985089463	-5.807479990934147
-0.08761828372049639	-5.8076620865974835
-0.07628154373650169	-5.807822053216605
-0.06494451309549922	-5.807959890181987
-0.0536072349951955	-5.8080755969684255
-0.04226975263423993	-5.808169173135043
-0.030932109212049898	-5.808240618325282
-0.019594347928656476	-5.8082899322669155
-0.008256511984550147	-5.808317114772041
0.0030813554194941187	-5.808322165737086
0.014419211082591801	-5.808305085142801
0.02575701180390312	-5.808265873054271
0.03709471438278732	-5.808204529620907
0.04843227561897759	-5.808121055076446
0.05976965231275602	-5.808015449738954
0.07110680126510785	-5.8078877140108185
0.08244367927787577	-5.807737848378755
0.09378024315393482	-5.8075658534137995
0.10511644969736739	-5.807371729771307
0.11645225571361728	-5.807155478190952
0.1277876180096443	-5.806917099496719
0.1391224933940988	-5.80665659459691
0.16179061067237424	-5.806069210235289
0.1729016109627886	-5.80574895329366
0.18401197801879923	-5.805407433392558
0.20623064966778837	-5.804660609792925
0.21733887288715803	-5.804255308829558
0.22844630012521955	-5.803828750377035
0.2506586039412349	-5.80291186733128
0.2617633991689065	-5.802421546096035
0.27286723571500343	-5.801909974087604
0.29507187009948294	-5.800823085323319
0.33946784561001253	-5.798394386167679
0.35056383293395404	-5.797734115564685
0.3616585363538492	-5.797052611355736
0.38384392895349767	-5.795625912181489
0.4281975197762551	-5.79251782559203
0.4392820984199542	-5.791687760381401
0.45036506823806827	-5.790836483708971
0.4725260190426203	-5.789070308527242
0.5168268291872463	-5.785283563005034
0.5278974010482591	-5.784283897744858
0.5389660395392388	-5.783263048138771
0.5610973542673153	-5.781157810921458
0.6053350001146568	-5.776693294037702
0.616388970373574	-5.775524263038445
0.6274406831711707	-5.774334079774538
0.6495371744877655	-5.771890273965923
0.6937012872236812	-5.76674903215392
0.704736064952325	-5.7654109094234975
0.71576826165748	-5.764051671467545
0.7378247503897982	-5.761269869868638
0.7819049784354987	-5.755453108178517
0.869925399781966	-5.7428081697509406
0.8818446181328609	-5.740989979543081
0.8937600365498409	-5.739147050983307
0.9175792682209832	-5.735387010679839
0.9651698743260425	-5.7275704264057214
1.06014817961978	-5.710753165125667
1.0720004473931053	-5.708540173856443
1.083848095836934	-5.706302584063924
1.1075293305466616	-5.701753647582718
1.15483412306746	-5.692361023682789
1.2492015926993076	-5.672399074160904
1.2609738365830383	-5.669793722808354
1.2727406468369131	-5.667163939893844
1.2962577636625126	-5.6618311248118856
1.3432245643725105	-5.650872821556883
1.4368771089480115	-5.627788202262517
1.6229677181438689	-5.57696975620335
1.633769421382652	-5.57381497302332
1.6445649923133274	-5.570639268683751
1.6661375751900496	-5.5642251442841335
1.7092073718886078	-5.551146371302562
1.7950364441336948	-5.523989503970461
1.9653804771303174	-5.465701734988745
1.9759659685245965	-5.461883774576004
1.9865440431855517	-5.458045313134361
2.0076777835174227	-5.450306944871502
2.0498545182663195	-5.434584835080516
2.133836148501221	-5.402162452860283
2.300241603974849	-5.333432706905298
2.3114339628133016	-5.328591644261846
2.322616133276929	-5.323727094168679
2.3449497119690457	-5.313927617504802
2.3894924431773146	-5.294047765154983
2.4780692216764764	-5.253169406018019
2.653100845966145	-5.166978979720906
2.663942961080813	-5.161397463463936
2.6747733340259714	-5.155793196718382
2.696398662506575	-5.144516510671991
2.739506316442616	-5.121691226334811
2.825138989516174	-5.074958676251413
2.9939895425286	-4.977212321668963
3.004242282409813	-4.971030495211736
3.014482258443474	-4.964827548794973
3.0349237449999604	-4.952358401588014
3.075651641349995	-4.927167833228847
3.156477455598003	-4.875783623997841
3.3155325560183138	-4.769052290101947
3.3253555504603023	-4.762208136859079
3.3351644167703562	-4.755343750861005
3.354739598358773	-4.741554397341401
3.3937185943386776	-4.713734186203532
3.470981864141068	-4.657134395156293
3.6226563217807692	-4.54015165495667
3.631379298411023	-4.533177722835917
3.6400888496402417	-4.526187031317724
3.6574675471466302	-4.512155473530714
3.6920624239015623	-4.483892386505064
3.760594958993552	-4.42657219868108
3.8949746775678253	-4.308803562109716
3.903252321341945	-4.30130645172867
3.911515534586107	-4.293793439190517
3.9279985473398615	-4.278719818805609
3.9607900658966115	-4.248382978221088
4.025668304412552	-4.1869571980845635
4.152552154847621	-4.061148418491294
4.1610100676880295	-4.052482090317343
4.169449894040453	-4.043798147389409
4.186275140619948	-4.026377568332533
4.219706987068192	-3.991326699110441
4.285687982176768	-3.9203946733931754
4.4140553743898066	-3.7752789337430985
4.421916720212327	-3.7660680284947894
4.429758845474851	-3.7568407534364936
4.445385298055464	-3.738337254392157
4.476406062282844	-3.7011355880731207
4.537511504574612	-3.625962661362774
4.655919010293949	-3.4726119917617315
4.662669352584832	-3.4635430391739197
4.669402030096798	-3.4544609647630806
4.682814288822515	-3.4362575881536657
4.709425711109471	-3.3996948903225146
4.761790551887872	-3.3259534897071776
4.863044147189094	-3.1760695046289316
4.869216900860384	-3.1665979612384585
4.875371207236028	-3.1571144210176927
4.887624384906629	-3.138111493846269
4.911908351492591	-3.0999632614405774
4.959581601272835	-3.0231053928138105
5.051309292890253	-2.8672094976308475
5.05677117835447	-2.8575655942615747
5.062214651808057	-2.8479112863226246
5.0730462834704	-2.8285715973811105
5.094487735087288	-2.7897689138688815
5.136479042287868	-2.711678248590986
5.21686139077662	-2.553619608549441
5.221724596581716	-2.5436603769366473
5.226568789770784	-2.5336918837021067
5.236200067818114	-2.5137272575849474
5.255233701094391	-2.47368846515193
5.292381418839652	-2.393180894388211
5.362968738834379	-2.23051164131218
5.367574956481871	-2.219404190834244
5.372158169091073	-2.2082872281503616
5.3812555007200125	-2.1860249567913392
5.399173245828787	-2.14138836675429
5.433896796305215	-2.0516777239244677
5.49886333879754	-1.8705929158885244
5.502724144524021	-1.8592049012995702
5.506561365972561	-1.8478089182927886
5.5141649903527465	-1.8249932424291488
5.529088510932471	-1.7792684210142415
5.557797091675363	-1.6874558849074663
5.610633398861528	-1.5024675501732168
5.613525403110699	-1.491626100728607
5.6163964584045125	-1.4807790847270965
5.622075679346647	-1.459068514992663
5.633182267575496	-1.4155823593196402
5.654385734665386	-1.3283590777182746
5.6569413137732045	-1.3174334321968042
5.659475781903068	-1.3065028701830756
5.664481347474508	-1.28462715986287
5.674238735999111	-1.2408185373499097
5.692736529983206	-1.1529816459678472
5.69495324264753	-1.1419822414566487
5.697148702478264	-1.1309785752144867
5.701475830945613	-1.1089586218101175
5.70987469869528	-1.0648693821044173
5.725649148939175	-0.9765027900605618
5.7275248775713266	-0.9654401341075065
5.7293792318167345	-0.9543738752559433
5.733023789546261	-0.9322307140620287
5.740056113222563	-0.8879029748797143
5.753092150656753	-0.7990910973071923
5.754801995192669	-0.7866828280002295
5.75648507760471	-0.7742709003044494
5.759770924873642	-0.7494363006448191
5.766021137879712	-0.6997257414646905
5.767516673242481	-0.6872898221376084
5.768985387353054	-0.6748507066388069
5.771842324621945	-0.6499631185280487
5.777234051969427	-0.6001521344699845
5.778514833060429	-0.5876922662793526
5.779768741753407	-0.5752296650853485
5.782195918745579	-0.550296495523943
5.786727555758004	-0.5003999112459592
5.787793201393409	-0.4879198024759712
5.788831931482679	-0.4754374246843498
5.790828625825958	-0.4504660942386438
5.794498823805437	-0.40049875987494427
5.795349016829656	-0.38800212483375984
5.796172259170182	-0.37550368542798274
5.797737876611887	-0.35050162602169865
5.79848024443232	-0.33799812229073695
5.799195647007605	-0.3254930467337324
5.8005455432405135	-0.3004784127630043
5.801180030620582	-0.28796897067730265
5.8017875402004195	-0.2754581894210612
5.802921614784225	-0.25043284212342126
5.803448174514292	-0.237918392459866
5.803947745896357	-0.22540283638092126
5.804865914449164	-0.200368637791037
5.805284507350057	-0.18785011169910273
5.8056761033632664	-0.17533071202925332
5.8060407006677135	-0.16281049700168376
5.806378297567875	-0.15028952484038618
5.806688892493792	-0.1377678537728736
5.806972484001074	-0.12524554202990396
5.807229070770907	-0.11272264784522508
5.80745865161006	-0.1001992294552933
5.80766122545089	-0.08767534509899237
5.80783679135135	-0.07515105301737303
5.807985348494987	-0.06262641145339239
5.808106896190951	-0.050101478651632766
5.808201433873998	-0.037576312858020613
5.808268961104488	-0.025050972319565802
5.808309477568394	-0.012525515284101202
5.808322983077298	-1.422628829927924e-15