0.777767679171789	0.
0.777766235062687	0.0014987864037099969
0.7777619027407439	0.0029975672417192185
0.7777546822220474	0.004496336948347558
0.7777445735334108	0.005995089957956242
0.7777315767123724	0.007493820704968507
0.7777156918071955	0.008992523623890254
0.7776969188768684	0.01049119314933073
0.7776752579911036	0.011989823716023178
0.7776507092303385	0.013488409758845523
0.777623272685734	0.014986945712841024
0.7775929484591748	0.016485426013238942
0.7775597366632694	0.017983845095475213
0.7775236374213487	0.01948219739521309
0.7774846508674662	0.02098047734836384
0.7773980164136389	0.023976797959912918
0.7773503688354089	0.025474827491559694
0.7772998345886449	0.026972762423157538
0.7771901068508645	0.02996832623642298
0.7771309137673189	0.03146594399414936
0.7770688348301795	0.03296344490398571
0.7769360203279491	0.03595807393673435
0.7768652852560608	0.037455190939176715
0.7767916653169828	0.03895216885283048
0.7766357719415119	0.041945685178369406
0.776289379530892	0.047930804205788796
0.7761955737760694	0.049426652877867364
0.7760988856410119	0.05092231800547318
0.7758968636770881	0.05391307541152873
0.7754582477015355	0.05989214335732954
0.7753413935574247	0.06138636819931322
0.7752216602050527	0.06288036508476073
0.7749735576647211	0.0658676527952541
0.7744428223646341	0.07183924868879499
0.7743029476025046	0.07333149458686818
0.7741601974883535	0.07482346817051733
0.7738660733350561	0.07780657623396908
0.7732433448436862	0.08376928088039831
0.7718601002035809	0.09567940466991331
0.771658529329224	0.09729171022101579
0.7714535905824913	0.0989035911463923
0.7710336130643815	0.10212605098189537
0.770153283899658	0.10856556573261932
0.7682313491461473	0.12142140236943864
0.7679760078691216	0.12302607082109829
0.7677173147919356	0.12463020233045807
0.7671898777679294	0.12783682651998446
0.7660948327759536	0.1342433237008629
0.763744331558705	0.147027748320573
0.7634355051457753	0.14862298694039824
0.7631233467495256	0.15021757690122067
0.7624890394712135	0.15340478301062568
0.761180502034065	0.1597711052957943
0.7584040603283472	0.17246983516472564
0.7522165015954341	0.1977192390532523
0.7518293824908445	0.19918620029436343
0.7514394025435472	0.20065240359703554
0.7506508660674784	0.20358251407332473
0.7490395290249663	0.2094333944774034
0.7456801455817464	0.22109654734856532
0.7384174626934153	0.2442584974032418
0.7379395864112104	0.24569845252162803
0.7374589021394088	0.24713747271429493
0.7364891169540454	0.2500126864231521
0.7345159319030584	0.25575165404128386
0.7304355271187442	0.2671825284090135
0.7217421136313458	0.28984631130174576
0.7211864858237492	0.2912260555469962
0.7206282203812919	0.29260473467523235
0.7195037847685335	0.2953588774153011
0.7172233524081902	0.3008541598925099
0.7125367134308662	0.3117915886893208
0.7026642291868096	0.3334449636530408
0.7020252573180248	0.3347881432366326
0.7013837178937904	0.3361300983811994
0.700092945773704	0.3388103157257296
0.6974806947350796	0.34415584149646755
0.6921339036183025	0.35478616408529984
0.6809555953221416	0.37579521013943046
0.6801745383870482	0.37720705202081883
0.6793905542497838	0.37861727055225913
0.6778138178771546	0.38143281329621653
0.6746253680022212	0.3870441520190411
0.6681093323533434	0.3981864924713553
0.6545270654530259	0.4201391238074851
0.6536540734081892	0.4214960439685675
0.6527782682947724	0.42285115017739877
0.6510182339507641	0.4255558974187752
0.6474645750901384	0.4309433683996279
0.6402237571450659	0.44162892064642545
0.6252151642684094	0.46263220935544125
0.6243183045431706	0.46384180210133263
0.6234191046435891	0.46504965619776206
0.6216136978122833	0.46746013033884526
0.6179749509471032	0.47226001605704065
0.610586491127277	0.48177453193080955
0.595371956823667	0.5004545891409417
0.5944019262866737	0.5016063324869042
0.593429667712913	0.5027561956280725
0.5914784810409559	0.505050264062652
0.5875495321665202	0.5096156493036436
0.5795861597885682	0.5186544573661845
0.5632442465827645	0.5363566737309091
0.5621176442580657	0.5375372701292754
0.5609885673321021	0.538715500136154
0.5587230095693196	0.5410648402382776
0.5541624182585119	0.5457348962217362
0.5449244604161099	0.5549593635614074
0.5259906102269782	0.5729366812461234
0.5247873391652136	0.5740390330074828
0.5235817578407727	0.5751388576862437
0.5211636856432522	0.577330906440156
0.5163000522963138	0.5816844666682226
0.5064640321767144	0.5902683685202647
0.4863667303593419	0.6069348946664989
0.4851154756325738	0.6079354719590333
0.483862162475134	0.6089334696739522
0.48134938214906736	0.6109217094431839
0.4762993549045746	0.614867048459874
0.46610263690307907	0.6226322306436339
0.44533228360298854	0.6376532913309696
0.44401783922720045	0.6385692767525533
0.4427015108052728	0.6394825526118753
0.44006322417262606	0.6413009601544848
0.43476428864458	0.6449050907564953
0.42407823028814084	0.6519817615240089
0.4023635621609355	0.6656020782790826
0.4010838960415253	0.6663739724062022
0.3998027491257953	0.6671434062896278
0.3972360318307335	0.6686748819715328
0.3920850361679082	0.6717081860283385
0.3817138673209343	0.6776555808514876
0.3607034244810957	0.6890686484900336
0.3593787453455118	0.6897604512859205
0.35805273938846055	0.6904497074955497
0.3553967665972201	0.691820569986548
0.35006911488933745	0.6945316245966535
0.33935209007284406	0.699830494996798
0.3176800426954943	0.7099309496262717
0.3162001800621097	0.710591309328337
0.3147189447517311	0.7112485842366422
0.31175238182706744	0.7125538682720214
0.3058030671822204	0.7151272941695187
0.29384113095465075	0.7201249561871625
0.2696756924904036	0.7295187342653321
0.26815512202360037	0.7300790322264973
0.26663338745130316	0.7306361607944916
0.2635864524196519	0.7317409000903896
0.257478904093885	0.7339122404694466
0.2452105807980947	0.7381018451602273
0.22047298238062307	0.7458647510135229
0.2190217821206272	0.7462921825404414
0.21756975320787114	0.7467167905259242
0.21466323140176913	0.74755752945738
0.2088404858842875	0.7492050548547344
0.19715742190746238	0.7523639503266181
0.19569362414675978	0.7527460184103119
0.19422908599366195	0.7531252385349582
0.19129781067694984	0.7538751291788826
0.185426619322659	0.7553406725516908
0.1736509185615508	0.7581345007628927
0.17217594095790356	0.7584708353783495
0.1707003119392811	0.758804300375336
0.16774712199128866	0.7594626164781981
0.1618331709272075	0.7607447584781089
0.14997623790369624	0.7631708136639692
0.14849150894231258	0.7634610890780918
0.14700621817425552	0.7637484759934872
0.14403397369817852	0.7643145799897992
0.1380829904632176	0.7654120788888857
0.1261563083709443	0.7674680114652898
0.12469264217231685	0.7677071757853755
0.12322852258714567	0.767943548696947
0.12029894455314898	0.7684079168668614
0.11443458219252531	0.7693031191687014
0.11296743805185976	0.7695199287245719
0.11149988315787769	0.7697339402806989
0.10856356245575	0.7701535662912867
0.10268622689680099	0.7709592087587835
0.1012159462209748	0.7711536130984952
0.0997452975206427	0.7713452134983333
0.0968029174370876	0.7717199997019252
0.09091397634555796	0.7724358948607387
0.07912056996104813	0.7737328338472588
0.07764504327542682	0.7738822972642726
0.07616923426987694	0.7740289468198276
0.07321679076435918	0.7743138022239039
0.06730875208852137	0.7748497239184879
0.06583111714902018	0.7749766620867902
0.06435324284541416	0.7751007824144871
0.06139679764113665	0.7753405677530901
0.05548127135761138	0.7757863051722517
0.054001872012334674	0.7758906885531198
0.05252227631447709	0.7759922507699524
0.04956251738114798	0.7761869102446358
0.048082364907457174	0.7762800067946984
0.04660203760470781	0.7763702807651516
0.04364088004272453	0.7765423596645372
0.04216006055035681	0.7766241639677851
0.04067908776262358	0.7767031444400567
0.03771670384106177	0.7768526327532376
0.03623530347855847	0.7769231400506023
0.034753771363301204	0.7769908224299038
0.031790333422582036	0.7771177114602086
0.030182463849116412	0.7771818201941344
0.028574465080439277	0.7772426022225221
0.02696634399954542	0.7773000572851961
0.02535810748995299	0.7773541851362216
0.023749762435674584	0.7774049855439056
0.02214131572118742	0.7774524582907983
0.01892414485164076	0.7775374200036324
0.017315434467593233	0.7775749086058972
0.015706649965301765	0.7776090688200199
0.014097798231124446	0.7776399004997785
0.012488886151706973	0.777667403513199
0.010879920613953695	0.7776915777425554
0.009270908504997793	0.7777124230843705
0.007661856712171446	0.7777299394494165
0.00605277212297687	0.7777441267627151
0.004443661625056667	0.7777549849635378
0.0028345321061643398	0.7777625140054064
0.0012253904541348116	0.7777667138560931
-0.0003837564431452333	0.7777675844976205
-0.001992901697766313	0.7777651259262618
-0.0036020384218259766	0.7777593381525411
-0.005211159727458633	0.7777502212012324
-0.006820258726864518	0.7777377751113608
-0.008429328532339346	0.7777219999362014
-0.010038362256303796	0.7777028957432794
-0.011647353011332998	0.7776804626143698
-0.01325629391018617	0.777654700645497
-0.01486517806583561	0.7776256099469345
-0.016473998591496487	0.777593190643204
-0.018082748600656694	0.7775574428730757
-0.019691421207105785	0.7775183667895668
-0.02130000952496464	0.7774759625599413
-0.02290850666871494	0.7774302303657097
-0.024516905753228617	0.777381170402627
-0.02612519989379753	0.7773287828806933
-0.027733382206162407	0.7772730680241519
-0.029341445806542635	0.7772140260714887
-0.03255718933879813	0.7770859619029471
-0.03416485550577111	0.777016940235244
-0.03577237543101395	0.776944592567767
-0.03898694903318444	0.7767899204864561
-0.04541403862074269	0.7764406789062669
-0.047020342226177674	0.7763450587085642
-0.04862644456232301	0.7762461153870582
-0.05183801792812725	0.7760382610809561
-0.05825844699500681	0.7755826945709922
-0.05986294800151736	0.7754605020378784
-0.061467192766315286	0.7753349901672821
-0.06467488610419599	0.7750740105768482
-0.07108689581177086	0.7745122439368647
-0.07258194872759811	0.7743735684301054
-0.07407673114637327	0.7742320070023836
-0.0770654622108881	0.7739402285050785
-0.08303943333339173	0.7733220643922816
-0.08453216635150941	0.7731603168917761
-0.08602458433672715	0.772995687991831
-0.08900845296199544	0.772657788458502
-0.09497216517466223	0.7719474403133335
-0.09646222226430498	0.7717626593973712
-0.09795191986033806	0.7715750022907332
-0.10093021436582686	0.7711910623135743
-0.10688224526759948	0.7703886995607008
-0.11876683294687371	0.7686462139086099
-0.12025047272497065	0.7684155038608292
-0.12173366435585008	0.7681819300964897
-0.12469868106752352	0.7677061949107165
-0.13062309362733387	0.7667203989561617
-0.14244819948008283	0.7646117140282075
-0.16599367321313657	0.7598477895062151
-0.16758335059146884	0.7594987711437114
-0.1691722941411243	0.7591464270213618
-0.17234795192642727	0.7584317676831824
-0.17869015562851476	0.7569626087500809
-0.1913365614908696	0.7538652949971378
-0.19291366454562558	0.7534632577610196
-0.1944899228531039	0.753057921193891
-0.19763987762092453	0.7522373571807351
-0.20392934674142807	0.7505567162459379
-0.21646498234818445	0.7470377997004376
-0.2180277433188208	0.746583194230605
-0.21958954957044832	0.7461253195567877
-0.2227102705649905	0.7451997706314325
-0.2289399552948848	0.7433095315101557
-0.24135076956552293	0.7393729564938123
-0.2659660288891783	0.7308793568306549
-0.2674669229450168	0.7303314370165065
-0.26896668823478465	0.7297804350517236
-0.2719628072036131	0.7286691939846238
-0.27794122178072167	0.7264098292281779
-0.28984134626888375	0.721744107532103
-0.31340355488661703	0.7118291751176697
-0.31486521380037547	0.7111838439550738
-0.3163255439174133	0.7105355114486703
-0.31924219311537305	0.709229853361488
-0.32505927516209765	0.7065826422969663
-0.33662720104481303	0.7011452704547082
-0.35948719678693813	0.6897039351131325
-0.3608079205439871	0.6890139383474
-0.3621273199325931	0.6883214125121405
-0.3647621262375962	0.6869287838101551
-0.3700156336648309	0.6841132900389266
-0.38045714959755855	0.6783619388529782
-0.40106962829178033	0.6663825598154293
-0.40234559499520584	0.6656129392914659
-0.40362008486350914	0.6648408755928328
-0.406164615387804	0.6632894300161493
-0.41123574894400317	0.6601573460582982
-0.4213052655699854	0.6537770537173013
-0.44114504820936107	0.6405572645787662
-0.4424751496184675	0.6396391988726033
-0.44380334045003345	0.6387183712479724
-0.44645396744866805	0.6368684461594989
-0.4517320427295779	0.6331356287049669
-0.4621942049965342	0.6255390312617533
-0.4827325035527463	0.6098293964527856
-0.48399866382541445	0.6088249799240207
-0.4852627342248378	0.6078179345304854
-0.48778458358031757	0.6057959745538485
-0.4928029642603643	0.6017207003090961
-0.5027372431198444	0.5934457238404617
-0.5221863126766262	0.5764061221200376
-0.5233032814203995	0.5753922474442222
-0.5244182816336054	0.5743762082927247
-0.5266423596983759	0.5723376518591078
-0.5310667094082214	0.5682347339987187
-0.5398192536529827	0.5599265453162652
-0.5569323873894415	0.5429077993922798
-0.5579843201305525	0.5418265970333275
-0.559034153880067	0.5407433564639222
-0.5611275086154132	0.5385707770008787
-0.5652888569529512	0.5342013393553939
-0.57350923516511	0.5253662721802776
-0.5895338346640274	0.5073188549133554
-0.5905987196888113	0.5060787636981104
-0.5916609961724371	0.5048364372472637
-0.593777704760414	0.502345100596916
-0.5979796137761886	0.4973358465587929
-0.6062563637902306	0.4872122577769554
-0.6222934667081329	0.4665548242775384
-0.6232726092471446	0.46524597507826665
-0.6242489989318072	0.4639350709925986
-0.626193502500292	0.46130712133099305
-0.6300492864523667	0.4560268187345286
-0.6376270120606025	0.4453699094628411
-0.652239663924293	0.42368146474467844
-0.6531124771582515	0.422334766440656
-0.6539825098290499	0.42098627008724115
-0.6557142186767012	0.4182839062042361
-0.6591441074296501	0.4128578549634738
-0.6658689554457796	0.40192175474564373
-0.6787725852276633	0.3797240317752164
-0.6795546425665013	0.3783226804337609
-0.6803338067672196	0.3769197184201094
-0.6818834424977628	0.3741089862749505
-0.6849478511708876	0.36846845718548904
-0.690936490937772	0.3571124868369475
-0.7023474163927292	0.3341117619161725
-0.7029892481687677	0.33275919179397845
-0.7036284751885037	0.3314053887132377
-0.7048991054947258	0.32869410374542224
-0.7074090054652201	0.3232569593233517
-0.7123028453118305	0.312325502200735
-0.7215826754395549	0.2902430107164769
-0.7221400284585107	0.2888534958455797
-0.7226947057625887	0.287462910698052
-0.723796025015144	0.28467855018695737
-0.7259664651771246	0.27909721281750854
-0.7301781051235439	0.26788523207235937
-0.7380809818456037	0.24527337197930912
-0.7385912588499995	0.24373246627120473
-0.739098318880119	0.24219049897312805
-0.7401027791974414	0.23910340647613987
-0.7420729999055269	0.23291677821806397
-0.7458581657874983	0.22049525911542778
-0.7463167140492523	0.2189381764220152
-0.7467720116880913	0.21738014013150384
-0.7476728471788965	0.21426123390775456
-0.7494354243799496	0.20801227715862278
-0.752803778525282	0.1954713119675852
-0.7532100868003703	0.19389978830945032
-0.7536131144280845	0.19232742011027346
-0.7544093207340533	0.18918017748658367
-0.755962289297822	0.18287585932502629
-0.758910076265547	0.17022943020198536
-0.7641702509828568	0.1447977564642095
-0.7644509462962251	0.1433084556858976
-0.7647287390958861	0.14181861078535157
-0.7652756129461489	0.1388373112465343
-0.7663344848124625	0.13286843173413557
-0.7683125037786421	0.12090682074087061
-0.768546638484548	0.11940949392059459
-0.7687778551259741	0.11791171371911173
-0.7692315307148808	0.11491481592167466
-0.7701038272341862	0.10891583008695126
-0.7717080198978185	0.09689837351400242
-0.7718953664365498	0.09539447593050382
-0.772079782196148	0.09389021614747489
-0.7724398185882723	0.0908806328300372
-0.7731246919599667	0.08485737119471469
-0.7732885732834919	0.08335073601026356
-0.7734495185380718	0.08184378435468344
-0.7737625984071993	0.07882895451805878
-0.7743534991774839	0.07279574902325944
-0.7744938754635857	0.07128674234152217
-0.7746313111043781	0.06977746499395893
-0.7748973583739049	0.06675812122442384
-0.775394142957298	0.06071643790431287
-0.7755109800953481	0.059205426405217074
-0.7756248727262839	0.057694190111368567
-0.7758438227482569	0.05467106609205823
-0.7762463704289675	0.04862237304086456
-0.7763378368194738	0.04713943027584364
-0.7764264701954703	0.04565631548946379
-0.7765952366205092	0.04268959150198309
-0.7766753690536886	0.041205993127060886
-0.7767526672406349	0.03972224438309716
-0.776898759757864	0.0367543174465764
-0.7769675535550256	0.0352701500845878
-0.7770335120397134	0.03378585401465539
-0.7771569221192309	0.030816897417399843
-0.7772143732637125	0.029332247724402582
-0.7772689881950247	0.027847490992073395
-0.7773697086312884	0.024877678082505746
-0.7774158137686905	0.023392632742718012
-0.7774590819578261	0.021907502038460636
-0.7774995130408008	0.020422291389276963
-0.7775371068700734	0.01893700621500244
-0.7775718633084563	0.017451651935744446
-0.7776037822291161	0.015966233971862562
-0.7776328635155744	0.014480757743948762
-0.7776591070617076	0.01299522867280728
-0.7776825127717476	0.01150965217943589
-0.7777030805602823	0.010024033685005412
-0.7777208103522554	0.008538378610839246
-0.7777357020829676	0.007052692378394628
-0.777747755698076	0.005566980409242495
-0.7777569711535942	0.0040812481250477005
-0.7777633484158932	0.002595500947549235
-0.7777668874617013	0.0011097442985400904
-0.7777675882781037	-0.0003760164001514874
-0.7777654508625428	-0.0018617757266824733
-0.7777604752228187	-0.003347528259215541
-0.7777526613770883	-0.004833268575937811
-0.7777420093538661	-0.006318991255080982
-0.7777285191920235	-0.007804690874941116
-0.7777121909407886	-0.009290362013898422
-0.7776930246597468	-0.010775999250437391
-0.7776710204188396	-0.012261597163165532
-0.7776461782983649	-0.013747150330833865
-0.7776184983889769	-0.015232653332357373
-0.7775879807916849	-0.01671810074683377
-0.7775546256178539	-0.018203487153563614
-0.7775184329892039	-0.019688807132070094
-0.7774375359060972	-0.022659226123737886
-0.7773928317468507	-0.02414431429723674
-0.7773452907232036	-0.02562931436322653
-0.7772416987870072	-0.028599028496753335
-0.7771856482524859	-0.030083731727200066
-0.7771267616096189	-0.03156832517599706
-0.7770004808687535	-0.03453716105872995
-0.7769330872315794	-0.03602139265878047
-0.7768628584077059	-0.037505492809449696
-0.7767138962353233	-0.04047327710001276
-0.7763819616195289	-0.04640703002868538
-0.7762841214526374	-0.04801588846181878
-0.7761829473305584	-0.049624540678161536
-0.7759705989732296	-0.05284119882627807
-0.7755059148742536	-0.05927173659779057
-0.775381416033982	-0.06087875190415637
-0.7752535871154275	-0.06248550575079965
-0.7749879412537479	-0.06569820146357411
-0.7744167137046923	-0.0721201518238533
-0.7742655904106102	-0.0737248823015687
-0.7741111418304502	-0.07532929614849486
-0.7737922714794537	-0.07853714638907068
-0.7731146574870892	-0.08494874421021027
-0.7716001041027166	-0.09775398770867494
-0.7713958638201396	-0.09935282605669347
-0.7711883105762759	-0.10095123770801631
-0.77076326878448	-0.10414675346324763
-0.7698734698395081	-0.11053236268870271
-0.7679352292776379	-0.12328035690479082
-0.7676780965398803	-0.12487154542639856
-0.76741766680776	-0.12646219765449546
-0.7668869208485208	-0.1296418659066026
-0.765785915159079	-0.1359944664618482
-0.7634261182411742	-0.14867119677827179
-0.7631371698988688	-0.1501473365831575
-0.7628453673358916	-0.1516229148197583
-0.7622532039240929	-0.1545723645148968
-0.7610346751876658	-0.1604642824003989
-0.7584610688566807	-0.17221895886647437
-0.7581265899167404	-0.1736854525442055
-0.7577892754962728	-0.1751512966183944
-0.7571061452707354	-0.1780810140288937
-0.7557059152734534	-0.18393241254597575
-0.7527698739188499	-0.1956018396755761
-0.7523901846091742	-0.19705728321491628
-0.752007681273786	-0.1985119897373829
-0.7512342382588175	-0.2014191699713935
-0.7496536475715128	-0.20722444703026022
-0.746357982139642	-0.2187974525919182
-0.739231532221352	-0.2417835902908696
-0.7387231231069645	-0.24333250944204585
-0.7382114685308873	-0.24488035955082604
-0.7371784319994003	-0.24797282544500038
-0.7350735132566252	-0.2541446298327646
-0.7307088156853263	-0.2664342122251173
-0.7213643513294685	-0.29078520491126436
-0.7207532726885367	-0.2922965663038736
-0.7201390275335736	-0.2938066435383478
-0.7189010484898044	-0.29682291900143243
-0.7163872119023611	-0.3028397685031353
-0.7112086478448572	-0.31480918346668507
-0.7002531262339735	-0.33847913076557284
-0.6995551335769473	-0.33991936963110886
-0.6988541787263935	-0.34135816914339234
-0.6974433943297158	-0.34423142574453536
-0.6945864106501675	-0.3499603990516468
-0.6887314653957287	-0.3613468297053719
-0.6764632831055228	-0.3838228619745939
-0.6756720341303292	-0.38521405096186995
-0.6748779240921113	-0.38660360880027156
-0.673281134289008	-0.3893778075016315
-0.6700533706898122	-0.39490637269040385
-0.663461876942625	-0.40588286562509623
-0.6497413392334264	-0.4275029296454289
-0.648919627143529	-0.4287492043982988
-0.6480955245658888	-0.42999389972642205
-0.6464401600994792	-0.432478533773447
-0.6431008794787221	-0.43742864741345544
-0.6363088032859731	-0.4472512377009635
-0.6222762421098903	-0.4665777976606517
-0.6213795833947885	-0.46777128610506874
-0.620480635643856	-0.4689630513753374
-0.6186758862890811	-0.4713413948389117
-0.6150390654208076	-0.476077210933868
-0.6076568881022227	-0.4854643850028483
-0.5924645269927692	-0.503893190090425
-0.5914144340018469	-0.5051252617109404
-0.5903617788361942	-0.5063551449858443
-0.5882488002333788	-0.5088083251955114
-0.5839922983298602	-0.5136881916646309
-0.5753581520737201	-0.5233407681488085
-0.557613726618231	-0.5422079809917958
-0.5564839602309826	-0.543367430722447
-0.5553517829977033	-0.5445245264315859
-0.5530802156231246	-0.5468316357440824
-0.548508367234899	-0.5514173862307717
-0.5392509285263024	-0.5604739055904312
-0.5202901214499144	-0.5781182857217927
-0.5191658729905245	-0.579128102483602
-0.5180396646097463	-0.580135732958497
-0.5157813850977641	-0.5821444198400454
-0.511241494580808	-0.5861353913414994
-0.5020693497893577	-0.5940108843837482
-0.48336339984905263	-0.6093294564114193
-0.4821785787289171	-0.6102674667547275
-0.48099193731943163	-0.6112031732558093
-0.47861321155819386	-0.6130676606103298
-0.4738341141300498	-0.6167688343705946
-0.46419034825649513	-0.6240591985939994
-0.4445687230261777	-0.6381858767405815
-0.44335236066562517	-0.6390314914434877
-0.4421343898648062	-0.6398747878008216
-0.43969364062291777	-0.6415544132495975
-0.43479303566695915	-0.6448857099516017
-0.42491639740824644	-0.6514358126307366
-0.40486946378960714	-0.6640807782604363
-0.4036038512890215	-0.6648507306072096
-0.4023367745519871	-0.6656182709386623
-0.39979824676120396	-0.6671461044261132
-0.39470382295681156	-0.6701727052839058
-0.38444653919808897	-0.6761090306029666
-0.36366658983384575	-0.6875093993560323
-0.3622448708804313	-0.6882595558981296
-0.3608216045424231	-0.6890067724338435
-0.3579704540380142	-0.6904923727312916
-0.3522498523605779	-0.6934281536512792
-0.34073681692939	-0.6991573387679617
-0.31743446737926684	-0.7100407887466128
-0.3159662793662301	-0.7106953447629528
-0.31449674165471125	-0.7113468649349912
-0.31155364225138704	-0.7126407866268711
-0.3056515236495925	-0.7151920782943233
-0.2937850209989832	-0.7201478488483445
-0.26981433713501013	-0.7294674675684077
-0.2684071639546742	-0.729986408847507
-0.2669989926881628	-0.7305026356336967
-0.2641796768457386	-0.7315269380589836
-0.25852929877284553	-0.7335428852086916
-0.2471827349037188	-0.7374437323143975
-0.22431584578871244	-0.7447180433508815
-0.222879348693582	-0.745149219076418
-0.22144202280985514	-0.7455776239253366
-0.21856490605875897	-0.7464261146314461
-0.21280096246741195	-0.7480897761212982
-0.2012354361932239	-0.7512834764484001
-0.1779634757651363	-0.7571337821401596
-0.17638033990141502	-0.7575041507876589
-0.1747964332612938	-0.7578712091664395
-0.17162633534167662	-0.7585953887161834
-0.1652771949589238	-0.760003954983644
-0.15254469082831223	-0.7626615763655369
-0.15095005495086924	-0.7629787963466615
-0.14935475942655307	-0.7632926821350428
-0.14616221732571064	-0.763910445661468
-0.1397695242920889	-0.7651059030248257
-0.12695526820050282	-0.7673362513529576
-0.1253509160815737	-0.7675999678229417
-0.12374601618318304	-0.7678603299058119
-0.1205346011038206	-0.7683709863737788
-0.11410550633603775	-0.7693519975850245
-0.11249696848570273	-0.7695888479219262
-0.1108879390272414	-0.7698223351803725
-0.10766843341368815	-0.7702792163952712
-0.101223832411131	-0.7711525779742128
-0.0996115586916156	-0.7713624959377386
-0.09799884967279994	-0.771569043072024
-0.09477215392908434	-0.7719720212571909
-0.08831384906311499	-0.7727374889494674
-0.07537916684665946	-0.7741062872563266
-0.07386796554343067	-0.7742519528104178
-0.07235648277970241	-0.7743946682177129
-0.06933269590872021	-0.7746712464279927
-0.0632819981160833	-0.775188977913584
-0.061768706444619854	-0.7753110276969039
-0.060255179414691724	-0.7754301232980146
-0.05722744234839568	-0.7756594501496981
-0.05116939772050503	-0.7760826344540842
-0.04965438470534501	-0.7761810387041186
-0.04813918249114856	-0.7762764854569245
-0.0451082335599567	-0.7764585050273912
-0.04359249839184305	-0.7765450771514993
-0.042076597122412566	-0.7766286903912765
-0.03904431938447779	-0.7767870389547408
-0.037527954469918474	-0.7768617736750693
-0.036011446561888226	-0.7769335483043522
-0.03297802487944954	-0.7770682162071239
-0.03146112266334488	-0.7771311089674849
-0.029944100570332758	-0.7771910406105469
-0.026909719875369525	-0.7773020196426226
-0.025392372835376324	-0.7773530666087709
-0.023874929042347417	-0.7774011516118906
-0.022357394278226778	-0.7774462744687628
-0.020839774325305007	-0.7774884350074549
-0.019322074966198678	-0.7775276330673215
-0.01780430198382693	-0.7775638684990062
-0.016286461161388054	-0.7775971411644397
-0.014768558282338822	-0.7776274509368429
-0.013250599130373852	-0.777654797700726
-0.011732589489402178	-0.7776791813518888
-0.01021453514352383	-0.7777006017974222
-0.008696441877009178	-0.7777190589557073
-0.007178315474278274	-0.7777345527564161
-0.005660161719877431	-0.7777470831405128
-0.004141986398455796	-0.7777566500602524
-0.002623795294744697	-0.777763253479182
-0.0011055941935369763	-0.7777668933721402
0.0004126111203364293	-0.7777675697252582
0.0019308148620299126	-0.7777652825359586
0.0034490112467038584	-0.7777600318129565
0.0049671944895453	-0.7777518175762587
0.006485358805791347	-0.7777406398571641
0.008003498410752609	-0.7777264986982635
0.009521607519833847	-0.7777093941534391
0.011039680348554647	-0.7776893262878646
0.012557711112572827	-0.777666295178005
0.014075694027707877	-0.7776403009116164
0.015593623309961594	-0.777611343587745
0.017111493175538766	-0.7775794233167275
0.01862929784087056	-0.7775445402201903
0.021664688437792467	-0.7774658860935085
0.02315251494715338	-0.7774230018567065
0.02464025666280464	-0.7773772703879771
0.027615463918506996	-0.7772772664351097
0.029102918562166288	-0.7772229943172261
0.030590266619374293	-0.7771658756999219
0.03356462118580853	-0.7770430998142408
0.03505161680176654	-0.7769774429955177
0.036538484044776706	-0.7769089405766808
0.03951181163044842	-0.776763399952618
0.0454566867584321	-0.776438183240119
0.04694250294568711	-0.776349769228706
0.04842814721084459	-0.7762585119159697
0.05139889821143748	-0.7760674687338217
0.05733809778722872	-0.7756512781568874
0.058822386286925654	-0.7755401276760492
0.06030645935567202	-0.7754261368591168
0.06327393746006023	-0.7751896358972888
0.0692060694010703	-0.7746825690063803
0.07068848231242714	-0.7745487081085582
0.07217063633447497	-0.7744120105056144
0.07513414599866325	-0.7741301071973125
0.08105781987887874	-0.7735322828432917
0.08253800974073057	-0.7733757429039975
0.08401789731559575	-0.7732163705554461
0.08697674392574797	-0.7728891309756826
0.09289057130163123	-0.7722006892819557
0.09436819117387131	-0.772021506992417
0.09584546543229917	-0.7718394972533712
0.098798955467546	-0.7714669981034787
0.10470155020347158	-0.7706881004331524
0.11648798822178139	-0.7689948708309523
0.11808403975357926	-0.768751404759527
0.11967958245248499	-0.7685046260812421
0.1228691138525974	-0.7680011351719139
0.12924176829494732	-0.7669544498158063
0.14195990678263218	-0.7647025223121323
0.14354699324904244	-0.7644061901197755
0.1451334611608041	-0.7641065640444115
0.1483045139782473	-0.7634974354232938
0.1546388963464109	-0.7622397093441373
0.1672752404441337	-0.7595666900928635
0.1688516112538786	-0.7592178186405005
0.17042725446949783	-0.7588656756622083
0.1735763309632722	-0.7581515812115671
0.1798654542941834	-0.7566842017088886
0.1924060658364893	-0.7535930391090375
0.217324663106582	-0.7467881584290699
0.2187710729711174	-0.7463657149114882
0.2202166616845118	-0.7459404699309458
0.22310535395707545	-0.7450815819760672
0.22887264615453703	-0.7433302594449461
0.2403656499905878	-0.7396937995338836
0.2631756906151455	-0.7318887337796041
0.2645931484766675	-0.7313774870362603
0.26600961319516325	-0.730863495087852
0.26883954194017773	-0.7298272833031568
0.27448724803301516	-0.7277220028496685
0.2857328688139478	-0.7233804603689694
0.3080155113740001	-0.7141771541552446
0.3095142322584281	-0.7135289081696318
0.31101158886117525	-0.712877517080121
0.3140021828273815	-0.7115653110881043
0.3199667093829405	-0.7089032851178811
0.3318276468071378	-0.7034294389480074
0.35526538272541813	-0.6918880477369392
0.3567172039713471	-0.6911406507760453
0.3581674528735969	-0.6903902073945651
0.361063208084299	-0.6888801946145245
0.36683556958245594	-0.6858237584491996
0.37830227444576076	-0.6795660026174317
0.4009123295556386	-0.6664772064928718
0.4022852300857565	-0.6656494245615486
0.4036564214636602	-0.6648188145468078
0.40639365346749	-0.6631491243948201
0.4118473518093362	-0.6597759631662158
0.422670390773939	-0.6528953235605818
0.4439687787380324	-0.6386033872992931
0.44528413389509275	-0.6376869160219363
0.44659759721445436	-0.6367677354628978
0.44921882602658264	-0.6349212621322189
0.45443833660271027	-0.6311959766903087
0.46478433048330386	-0.6236169408390523
0.4850944081514658	-0.6079522826213007
0.48626246462989325	-0.6070184332096783
0.48742872337031	-0.6060823396188514
0.4897558303968912	-0.6042034337510195
0.49438828232549625	-0.6004188446938656
0.5035651808763437	-0.592743343592525
0.5215593940335289	-0.57697344935417
0.5226678178945927	-0.5759695433801825
0.5237743094251323	-0.5749635080163755
0.5259814791387653	-0.5729450640046282
0.5303724510869006	-0.5688827874811684
0.5390600184185235	-0.5606575240794439
0.556050491945011	-0.5438110086895834
0.5571830548654423	-0.5426505377635634
0.5583131959016523	-0.541487708121204
0.5605661926826084	-0.5391549929153914
0.5650429081989867	-0.5344614809865184
0.5738781409476748	-0.5249632769125013
0.591067269206168	-0.5055314491081976
0.5921199483897055	-0.504298056196178
0.5931700538302912	-0.5030624712729429
0.5952625252360174	-0.5005847468849911
0.5994163830482566	-0.4956032309192673
0.6075987513797875	-0.48553714593838676
0.6234541938522818	-0.4650026138983225
0.6243581033064377	-0.4637882292597113
0.6252596473456296	-0.46257208753392154
0.627055625525897	-0.46013455125712627
0.6306190472247056	-0.45523859682772444
0.6376309990051211	-0.44536420138129884
0.6511894347282509	-0.425293878233125
0.652016001761628	-0.42402558438265453
0.6528400985965738	-0.4227556840879692
0.654480869191995	-0.4202110834163726
0.657732631256136	-0.4151028168359626
0.6641163521594308	-0.4048111084922472
0.6763992148777961	-0.3839357561845107
0.6771305925910849	-0.3826443823467386
0.677859504830808	-0.38135161527755806
0.6793099222824904	-0.37876192027819755
0.682181055329108	-0.3735660189502459
0.6878039316123207	-0.3631092320816218
0.6985675879745141	-0.34194427586339327
0.699218799056161	-0.34061067776969484
0.6998674642397431	-0.339275839491855
0.7011571474746725	-0.33660246182916026
0.7037058598693908	-0.3312410384444417
0.7086801518124248	-0.3204606141031834
0.7181321978179946	-0.2986782704204769
0.7187489967150064	-0.29719091925131674
0.7193627151057702	-0.2957022943433572
0.7205808998603561	-0.29272124883703005
0.7229801884450036	-0.2867441540472935
0.7276298705211108	-0.2747313857019296
0.736329262260394	-0.250483093847339
0.7368462462363827	-0.24895817353849412
0.7373600721426202	-0.24743218621291158
0.7383782409505018	-0.24437703667716776
0.7403765857395539	-0.23825422147972924
0.7442208289542942	-0.22595999759880972
0.7512959127841571	-0.20118900118567917
0.7516831686994335	-0.19973726907677963
0.7520676194297302	-0.19828479157406265
0.7528280996069755	-0.19537762207177342
0.7543153353160494	-0.18955457702547493
0.7571546008728974	-0.1778748805797894
0.757496807536924	-0.1764118741344788
0.7578361873202182	-0.17494820934272565
0.7585064611890756	-0.17201892657116627
0.7598130313384404	-0.1661527013700384
0.7622899917861847	-0.15439083906401074
0.7625868222946369	-0.15291795586797086
0.7628808069270757	-0.15144450200177195
0.7634602341860854	-0.14849590425597073
0.764584890631046	-0.14259210280721185
0.7666971797706393	-0.13075931055194084
0.7669483505662777	-0.1292779576259496
0.7671966592092399	-0.12779612225123452
0.767684686341195	-0.12483102627749214
0.768626354716187	-0.11889528838426378
0.7703719547130066	-0.1070028698490478
0.7706009126790698	-0.1053413315961764
0.7708262870436293	-0.10367930346411129
0.7712662807925852	-0.10035380848101418
0.7721032200740652	-0.09369728019281343
0.7723034808156956	-0.09203203944405124
0.7725001500382018	-0.09036637070960926
0.7728827102841866	-0.08703378026973803
0.773604693424242	-0.08036380451581084
0.7737761973401878	-0.07869535687719832
0.7739441028882905	-0.07702654327379765
0.7742691157743922	-0.07368784921689504
0.7748759278976628	-0.06700641110376754
0.7750186239452282	-0.06533525313577479
0.7751577158471715	-0.06366379133280335
0.775425084643623	-0.06031998731515922
0.7759165451517452	-0.05362907536076486
0.7760303908619822	-0.051955704430505505
0.7761406277214772	-0.0502820918855037
0.7763502728544448	-0.046934173084225504
0.7764496801529839	-0.045259882397106446
0.7765454766509187	-0.04358538123348721
0.7767262354798011	-0.04023577862608584
0.7768111969701482	-0.03856069275929141
0.7768925459786936	-0.036885427569899765
0.7770444050539592	-0.03353439038672968
0.777114914414474	-0.03185863397661029
0.77718180988078	-0.030182729411140006
0.7773047579032102	-0.026830506989296624
0.7773608098875772	-0.02515420472209441
0.7774132468342232	-0.023477785477811267
0.7774620684992956	-0.021801257052464416
0.7775072746557541	-0.020124627242579515
0.7775488650933721	-0.0184479038451537
0.7775868396187374	-0.016771094657618627
0.7776211980552535	-0.015094207477806303
0.7776519402431399	-0.013417250103911432
0.777679066039433	-0.011740230334453748
0.7777025753179874	-0.01006315596824317
0.7777224679694752	-0.008386034804344886
0.7777387439013878	-0.006708874642041711
0.7777514030380355	-0.00503168328079644
0.7777604453205484	-0.003354468520216953
0.7777658707068764	-0.0016772381600213288
0.777767679171789	-1.9049813975559938e-16