15.872714011892757	0.
15.872684540456246	0.0305872930800297
15.872596126256154	0.0611744725750146
15.872448769620803	0.09176142490033169
15.872242471097397	0.12234803647220156
15.871977231452027	0.15293419370811018
15.871653051669643	0.18351978302723068
15.871269932954084	0.2141046908508451
15.870827876728047	0.24468880360276624
15.8703268846331	0.27527200770975935
15.869766958529656	0.3058541896019639
15.869148100496988	0.33643523571331546
15.86847031283321	0.367015032481967
15.867733598055265	0.3975934663507112
15.866937958898923	0.42817042376740155
15.865169919488181	0.489319455063871
15.86419752579935	0.5198913018684578
15.863166220863222	0.5504612180714492
15.860926892786727	0.6115948045981724
15.859718877962038	0.6421582479040654
15.858451968521388	0.672719306573529
15.855741484829418	0.7338338160619483
15.854297920643404	0.7643870399339076
15.852795481971997	0.7949374252762869
15.849614003708677	0.8560292265913122
15.842544813490441	0.9781737759129389
15.84063042188117	1.00870111564793
15.838657206540383	1.0392247095999545
15.834534334192565	1.1002602067754352
15.825583041759835	1.2222812653805326
15.823198277696932	1.2527754659257753
15.82075475463628	1.283265014324879
15.815691468035709	1.3442297018140723
15.804860200730714	1.4660982704767616
15.802005630971363	1.496552084655255
15.799092380912557	1.5270003414300535
15.793089883387523	1.587879730514673
15.780381215342718	1.7095668462494615
15.75215190321155	1.952629130553328
15.748038236717717	1.9855331269493834
15.743855838549273	2.0184284575665807
15.735284920504078	2.084192547221499
15.717319127578788	2.2156104227012925
15.67809620599316	2.477972852748705
15.67288519096361	2.510720990912819
15.66760577226187	2.543458171136928
15.656841816307502	2.6088990862931976
15.634494094162124	2.739643137882438
15.58652497098421	3.000548188618596
15.580222429154531	3.033103882396172
15.573851888075533	3.0656463383147847
15.560906919682102	3.1306909685126016
15.534202235147214	3.260615129217795
15.477540501385691	3.5197713180407395
15.351264554429523	4.035062165971224
15.34336421220621	4.064999969855648
15.335405485790096	4.094922305701989
15.319313001738928	4.1547201179007605
15.286428770705054	4.274125120009643
15.217870338568485	4.512147211899693
15.069653214698922	4.984837218209946
15.059900696352335	5.014223880057921
15.050090872441361	5.043591461904294
15.030299457456575	5.102268938670056
14.990030617743141	5.219390020151765
14.90675755313965	5.452671763021377
14.729342021782596	5.915195153896957
14.718002747185295	5.943353029829441
14.706609643629895	5.971489168811149
14.683662116516004	6.027695824386749
14.637122961381994	6.139843769732308
14.541477845036626	6.363055255586395
14.339999790356217	6.804958200894428
14.32695962681321	6.832369863744275
14.31386706449554	6.859756538193359
14.287524935264258	6.914454521329845
14.234214011226493	7.023546225799331
14.12509648352426	7.240490275835421
13.896969119179847	7.669243730896702
13.881029277901094	7.698056656675714
13.865029698162951	7.726836453063832
13.832851598988732	7.784296162383052
13.767781585974095	7.8988125882470035
13.634802068933645	8.126205919390639
13.357614620913813	8.57421610075733
13.339798564225642	8.601908181864077
13.32192509832099	8.629563243760483
13.286006246790285	8.684761834016303
13.21348303413814	8.794709558017262
13.065712130908137	9.012780737129725
12.75941616511823	9.441416696060834
12.741113015850496	9.466102113365446
12.722762108210855	9.490752048242056
12.685917293138376	9.539945101256576
12.611657601074317	9.637901361634754
12.460873616538803	9.832073983447431
12.150374789842258	10.213297340707475
12.130578367711562	10.236802165136579
12.110736475717095	10.260268618270779
12.070916579805798	10.307086058955077
11.990734433489722	10.400256624182912
11.828217610394123	10.584720981891731
11.494711189814769	10.945988523933497
11.471719444356637	10.970082182614062
11.448677197136579	10.994127547882169
11.402441603386576	11.042072974976012
11.309368872878338	11.137379664917026
11.120840258469329	11.32563296460487
10.734437483907996	11.692514785426088
10.70988107978676	11.715011624414302
10.685277527732108	11.737456890599422
10.635929413276873	11.782192309546152
10.536672188732824	11.871039941408709
10.33593829536781	12.046220554916212
9.92579175328273	12.386351689412068
9.900256096600303	12.406771510955828
9.874678431382113	12.42713868837608
9.823397509638442	12.467714765383668
9.720336350952268	12.548231402380681
9.512241320737072	12.706703552038936
9.088359116980065	13.013253961409575
9.061533883404351	13.031947428655917
9.034670200139404	13.050585599046876
8.980827940653905	13.087695733157416
8.872687051727155	13.161248975133402
8.654605543908813	13.305669956175807
8.2114517252604	13.583633927158619
8.185336247736652	13.599386773484499
8.159190550062181	13.61508941105833
8.10680888049052	13.646343828239734
8.001687154270694	13.708247619171315
7.790031924199469	13.829622291418149
7.361249963479399	14.062540633843916
7.334215858515003	14.076658973067568
7.30715467572485	14.090725341456668
7.252951476404945	14.118701958191908
7.144224546527579	14.174029269481895
6.925511073949627	14.282168829275818
6.48322706127483	14.488299312731305
6.453025965259098	14.501775960034294
6.42279685559618	14.515189652742416
6.36225512036798	14.541827941723424
6.240841268322882	14.594346520722835
5.996721593703727	14.696339007757821
5.5035523556564	14.88804760779215
5.472520492542472	14.899482191070915
5.4414648723169	14.910852093246646
5.379282899903598	14.933397657135545
5.254639808547651	14.977710458737109
5.0042673743435415	15.063212079414452
4.49942147300743	15.221637773629233
4.469805319858166	15.230360813385358
4.440172255530115	15.239026230194542
4.380855841859244	15.256184064050368
4.262025017645215	15.289806828482268
4.023596579111666	15.354273694053314
3.993723335662385	15.362070954839467
3.963834982255386	15.369810094363077
3.9040133979465135	15.385113892720808
3.78419388915053	15.415022760692
3.5438749154053966	15.472039318955243
3.513773513272603	15.478903249286125
3.4836588170368508	15.485708616328091
3.4233899980532754	15.499143557776522
3.302697847383749	15.525309563168891
3.060721082367274	15.574820594770559
3.0304206741344295	15.580744547072047
3.000108800528446	15.586609550775577
2.939451115970976	15.598162623852645
2.8180032112718663	15.620560425432824
2.5746030044607475	15.662517979966003
2.5447324459355767	15.667398855009067
2.5148526346796243	15.672222762875139
2.455065688584527	15.681699607123956
2.335385546165382	15.699968931628447
2.305444009659511	15.704393589746205
2.2754940904834715	15.708761146172904
2.215569539746543	15.717324890638482
2.0956246397753007	15.733766474449254
2.0656190927339884	15.73773388601642
2.035606035033789	15.74164407466611
1.9755578241974994	15.74929272655089
1.8553760780515687	15.763902743684085
1.6146957672334477	15.790370726573048
1.58458315941369	15.793420981986113
1.5544647899974995	15.796413812001592
1.4942112044419051	15.802227152520524
1.3736397140289405	15.81316426397257
1.3434840808793886	15.81575482320589
1.3133235627775786	15.818287875835042
1.2529883103930888	15.82318142464893
1.1322640125819268	15.832278051788649
1.1020723713684943	15.834408312014784
1.0718767229837112	15.836480997812057
1.0114738438837412	15.840453616183968
0.9812668327954076	15.842353534314034
0.9510562537886301	15.844195849126146
0.8906248314189528	15.847707642211118
0.86040420778669	15.849377107714979
0.8301804556964556	15.850988944362944
0.7697240057312802	15.854039707857984
0.7394915276779775	15.855478623612381
0.7092563608091843	15.856859888325568
0.6487784003787429	15.859449444748662
0.6159649335923365	15.860757778363595
0.5831488301848684	15.861998220438391
0.5503302306247725	15.863170765663376
0.5175092753911635	15.864275409019498
0.48468610497324677	15.865312145778367
0.45186085986970953	15.866280971502253
0.3862047076443	15.868014873547668
0.3533740815617926	15.868779942447278
0.3205419428711882	15.869477085468098
0.287708432109559	15.870106299626027
0.2548736898198468	15.870667582227734
0.22203785655027197	15.87116093087066
0.18920107285372492	15.871586343443042
0.1563634792871571	15.871943818123912
0.1235252164109902	15.87223335338311
0.09068642478851086	15.87245494798129
0.05784724498526903	15.87260860096992
0.025007817568476236	15.872694311691292
-0.007831716893599622	15.872712079778527
-0.040671217832225395	15.872661905155566
-0.07351054467881141	15.87254378803718
-0.10634955686552025	15.872357728928968
-0.1391881138258579	15.872103728627351
-0.17202607499527883	15.871781788219568
-0.20486329981178789	15.87139190908368
-0.2376996477165418	15.87093409288855
-0.27053497815445443	15.87040834159385
-0.30336915057478786	15.869814657450041
-0.336202024431761	15.869153042998377
-0.36903345918515823	15.868423501070877
-0.40186331430092054	15.867626034790325
-0.4346914492517504	15.866760647570256
-0.46751772351771365	15.865827343114933
-0.5003419965868404	15.864826125419345
-0.5331641279557305	15.863756998769173
-0.5659839771301444	15.862619967740784
-0.5988014036256112	15.86141503720121
-0.6644284266942971	15.858801498509816
-0.697237742352838	15.857392901545179
-0.7300440735042807	15.855916427443667
-0.7956472205928372	15.85275987340058
-0.9268115228440668	15.845632537215424
-0.9595930312920544	15.843681116383035
-0.992370432228301	15.841661877106697
-1.057912350372682	15.837419978085624
-1.1889407244505839	15.828122758466323
-1.2216854453873751	15.825629048346396
-1.254424936933011	15.823067597053907
-1.319887671311805	15.817741515098032
-1.4507442227671097	15.806276958962997
-1.4812553226765865	15.803446863655376
-1.5117609022713678	15.800557872356922
-1.5727550457873594	15.794603245073523
-1.694672088218049	15.781987727049827
-1.7251358435619608	15.778686777567847
-1.755593169701807	15.775327024370462
-1.8164880803625034	15.768431157132836
-1.938195758549506	15.753934343676738
-1.9686049034377044	15.750163327327678
-1.9990067117658883	15.746333613563877
-2.05978786556641	15.73849815110076
-2.181257151091861	15.72212349983765
-2.423798293433053	15.686562782715903
-2.454076473569669	15.681854442801352
-2.484345507899883	15.677087660044334
-2.5448556879513227	15.667378837279657
-2.6657613372455575	15.647260673874628
-2.9070885720837465	15.604226547233822
-3.387605545014872	15.50700418439104
-3.420047744752861	15.49988140364137
-3.4524749684857627	15.492690750651287
-3.517283920021818	15.47810595419519
-3.6467158677155034	15.448123299724424
-3.9048042261122347	15.384913196345071
-3.9369898085500137	15.376708404294789
-3.9691581513514476	15.368436279364827
-4.033442554675144	15.351690176051376
-4.161798292911386	15.317391588402268
-4.4176260474861495	15.24557739831157
-4.449518936095602	15.236299791637842
-4.4813923407612055	15.226955466917984
-4.545080140066552	15.208066827302847
-4.672215796059821	15.169490751451933
-4.925496191797435	15.089152970525737
-5.427845391996921	14.915815247713228
-5.458475698126178	14.904633278155575
-5.489082968352164	14.893388407944071
-5.550227884515897	14.870710155647538
-5.672235609146501	14.824600949019406
-5.91509382730704	14.729382713389276
-6.395952326436353	14.527038374744182
-6.425781920211356	14.513868430477848
-6.455584395849555	14.500637234666634
-6.515107489739917	14.473991312021418
-6.633822733615435	14.419966922372037
-6.869901429303377	14.30900081958877
-7.336429139884281	14.075505588745061
-7.3633825233247885	14.061424107057283
-7.39030887900096	14.047291012017094
-7.444080111820225	14.018870189574454
-7.551293902242381	13.961411479692648
-7.764384778463018	13.84403767386193
-8.185045070927229	13.599562025676656
-8.211085050621083	13.58385557913524
-8.237094891004494	13.568099272187109
-8.289023772067887	13.536437308591582
-8.392515669210457	13.472517613474981
-8.598014768649008	13.342308351309763
-9.002905849014113	13.072518364000265
-9.030050611954177	13.05378244222274
-9.057156383751114	13.03499015510227
-9.111250485920968	12.997236809650795
-9.218965658086946	12.921057321223762
-9.432477885525152	12.766025655716646
-9.851624306755674	12.44542279803613
-9.877464156417059	12.424924625205293
-9.903261355861385	12.40437280239671
-9.954727358721302	12.363108562043054
-10.05714267305014	12.279940201696853
-10.259881834722208	12.111064149812513
-10.656799226816643	11.763319274025374
-10.679594369768607	11.74262807894993
-10.702349338869743	11.721892711167897
-10.74773841327795	11.6802897696541
-10.838030719725756	11.596557257290522
-11.016652993952258	11.427003409213606
-11.365898514073812	11.079684159357223
-11.387366399673251	11.057618938222156
-11.408791448967948	11.035512121206361
-11.451512716422739	10.991174032329075
-11.536437680309053	10.902002373494613
-11.704199488783958	10.721695967993403
-12.031230158497937	10.353383552085104
-12.052962374822405	10.328075720793883
-12.074641355934228	10.302722272724793
-12.117839229750807	10.251878974375824
-12.203591957586458	10.149649916921657
-12.372504204056655	9.94304731075625
-12.699790044047093	9.521469578823375
-12.719772424280688	9.494758531834565
-12.739698624152242	9.468005548641706
-12.779382131019656	9.414374246476086
-12.858071124663741	9.306613619164876
-13.012717653005216	9.089126987038034
-13.310933238711604	8.646508336773827
-13.328745646220193	8.619024863736207
-13.346501307884216	8.591504696034425
-13.381842091548437	8.536354745451904
-13.451839398875656	8.425619673958307
-13.589080367087567	8.202435301797383
-13.852418161557608	7.749423280521307
-13.868378419116134	7.720824446102278
-13.884279633395794	7.692192741020431
-13.915904661578653	7.634831206594562
-13.978443236768443	7.519719062556742
-14.100659637482376	7.287965963916961
-14.333534262139487	6.818566246610067
-14.34663279078451	6.790962941271538
-14.359678161458369	6.763334473665506
-14.385609235743923	6.70800246122613
-14.436831375075474	6.597040999643175
-14.536705055077153	6.373951383955715
-14.726088200765549	5.923291011474142
-14.73746268354551	5.894933736221319
-14.748782560228857	5.866554618720068
-14.771258327735955	5.809731277660595
-14.815552757671295	5.695827120620426
-14.901504074730088	5.467012567585633
-15.062786300052277	5.005548819289861
-15.073200053637724	4.974101953755311
-15.083548155083028	4.942633423250001
-15.104047221552504	4.879631915672402
-15.144255564837033	4.753374957884055
-15.22150338207223	4.499876097505391
-15.230861453401733	4.468099091405416
-15.240153185888323	4.436302624257576
-15.258537472739302	4.372651860867406
-15.294508218998637	4.245122900732065
-15.363249725583954	3.9891863797873905
-15.371541681168953	3.9571146618997814
-15.37976668517068	3.9250257085846916
-15.396015695418269	3.8607966548072676
-15.427708740195357	3.73213787674524
-15.487867294940786	3.4740490436434937
-15.595217151686384	2.955038425314213
-15.600945592907184	2.924644715258008
-15.606614799511753	2.894239900733412
-15.617775422996452	2.833397420092118
-15.639384922541524	2.711584287444798
-15.679752412990217	2.4674712502203864
-15.684530643465234	2.4369137443776574
-15.689249321963235	2.4063469859130624
-15.698507951589708	2.3451861753838257
-15.71630981396492	2.2227586317022006
-15.749048242227875	1.9775058956462632
-15.752871617909372	1.946814293403973
-15.756635182132698	1.9161152993791308
-15.763982819273066	1.8546956022485939
-15.77795974252969	1.731772637054044
-15.781304239157494	1.701025165741642
-15.784588816372427	1.670271235873738
-15.790978162906901	1.6087444675690667
-15.803037289542404	1.4856185676912215
-15.80590209442311	1.454822698767025
-15.808706886496317	1.424021306083789
-15.814136389850509	1.362402417255117
-15.82427478956662	1.239103501578058
-15.826659206569152	1.2082667182607463
-15.82898353195232	1.1774253473230991
-15.833451872788205	1.1157293110052953
-15.841667082012217	0.9922873404549681
-15.84353373178063	0.9620233849891826
-15.845342565275228	0.9317559189045997
-15.848786757250787	0.8712108966999651
-15.850422103163192	0.8409335615210012
-15.851999607664716	0.8106531576046032
-15.854981069619686	0.750083585567679
-15.856385016193169	0.7197946384778282
-15.85773109959589	0.6895030647110945
-15.860249657451693	0.6289124793165698
-15.861422122714046	0.5986136887961361
-15.862536706424212	0.5683127138127204
-15.864592213129852	0.5077046527621627
-15.865533128624364	0.47739778786614995
-15.866416147564792	0.44708918084861465
-15.867241266728824	0.416778942311815
-15.868008483105429	0.38646718286397014
-15.86871779389488	0.3561540131188492
-15.869369196508758	0.32583954369536794
-15.869962688569963	0.2955238852171849
-15.870498267912723	0.2652071483122905
-15.870975932582597	0.2348894436126249
-15.87139568083649	0.2045708817536597
-15.871757511142656	0.1742515733739805
-15.872061422180705	0.14393162911490412
-15.8723074128416	0.11361115962006783
-15.872495482227677	0.08329027553502558
-15.872625629652624	0.052969087506844266
-15.872697854641512	0.022647706183692887
-15.872712156930778	-0.007673757785540122
-15.872668536468227	-0.037995193751664706
-15.872566993413043	-0.0683164910656071
-15.872407528135772	-0.09863753907879244
-15.87219014121834	-0.12895822714355568
-15.871914833454033	-0.1592784446135452
-15.871581605847506	-0.18959808084412674
-15.871190459614773	-0.2199170251927942
-15.87074139618321	-0.25023516701955206
-15.870234417191536	-0.28055239568733353
-15.869669524489822	-0.31086860056241805
-15.869046720139478	-0.3411836710148141
-15.868366006413241	-0.37149749641867
-15.867627385795178	-0.4018099661526774
-15.86597643487637	-0.46243039615105974
-15.865064110600283	-0.49273813519916815
-15.864093891481655	-0.5230440761456954
-15.861979783090144	-0.5836501213708474
-15.86083590153207	-0.6139500044856986
-15.859634140561052	-0.6442476471722358
-15.857056998133253	-0.7048357690199372
-15.855681626080989	-0.7351260270827339
-15.854248393424776	-0.7654136025212814
-15.851208367432262	-0.8259802634337758
-15.844434232471084	-0.9470765313506233
-15.84243750641839	-0.979910178824817
-15.840372740874425	-1.0127396178184709
-15.836039127075553	-1.0783853064043567
-15.826555835333764	-1.2096199793321158
-15.824015058004798	-1.2424160122012633
-15.82140632030458	-1.2752067091899
-15.815985008897847	-1.3407715322362943
-15.80432737415076	-1.4718309529309521
-15.801243243899867	-1.504580356925302
-15.798091251077238	-1.5373232991057968
-15.791583732156385	-1.60278923556109
-15.777754958604477	-1.7336373812214925
-15.746845892350287	-1.9949673044708296
-15.742677748466361	-2.0275964616458477
-15.738441993535535	-2.0602169107775747
-15.729767723589703	-2.1254311245609188
-15.711608671009039	-2.255748893917551
-15.672052979831982	-2.515910471514473
-15.666805404599918	-2.548383510725077
-15.661490544174578	-2.5808456052361883
-15.650659059337174	-2.6457364025397414
-15.62818969103868	-2.775380529629951
-15.580030860828693	-3.0340877507023754
-15.574133991462114	-3.0642128710846874
-15.56817887304551	-3.0943265309589036
-15.55609397837131	-3.1545190187121235
-15.531226195013204	-3.274761515388916
-15.478703933719933	-3.5146514244772202
-15.47187787408947	-3.5445796863094197
-15.464993947858606	-3.574494691006457
-15.451052598798714	-3.6342844815028137
-15.422476648816584	-3.753700057282663
-15.36255779901514	-3.99185019449074
-15.35480908434462	-4.021552944655164
-15.347002940924419	-4.0512406537496535
-15.331218484833155	-4.110570504643708
-15.298961726650345	-4.229044831853235
-15.231703654246683	-4.4652271938329084
-15.086266778297368	-4.934329214531374
-15.075891144686178	-4.96593961873375
-15.065449277562566	-4.997528205876002
-15.044367026567524	-5.060639373959035
-15.001409760385007	-5.186593805607112
-14.912334837174772	-5.437400096307091
-14.721632633564566	-5.934356132362085
-14.709161716135064	-5.965200056320262
-14.696626176360125	-5.996017773127679
-14.671361450349153	-6.057574043835165
-14.620058972380912	-6.1803661499494575
-14.51437462925604	-6.42463845091265
-14.29079390452621	-6.907695685371007
-14.276549242367999	-6.937088137942204
-14.262244127645392	-6.966451216134454
-14.233452783056796	-7.025088752167438
-14.175147345460822	-7.1420058693487265
-14.05565938772265	-7.3743806031192065
-13.805289831166167	-7.833072371734904
-13.789141990323996	-7.861463812421975
-13.772935760792798	-7.889821964557351
-13.740348410404629	-7.946437922995918
-13.6744760813274	-8.059265103254853
-13.53995661238818	-8.283273811602648
-13.259947328151261	-8.724496945841112
-13.243177794841593	-8.749930971016356
-13.226359476362127	-8.775332763227981
-13.192576731894334	-8.826039274579333
-13.124428558965402	-8.927061392415201
-12.985815595426866	-9.127521209227895
-12.699438523754857	-9.521938420547977
-12.681139476710065	-9.54629518062176
-12.662793714930173	-9.570616774088364
-12.625962317665127	-9.61915410294673
-12.551741931423233	-9.71580282788244
-12.4010861604252	-9.907376653032186
-12.091039845164914	-10.28347244689123
-12.069609505261162	-10.308616613971346
-12.048126876392683	-10.333716121206395
-12.005005124262984	-10.383780721382562
-11.918138262583193	-10.48336923213559
-11.74193225926032	-10.68035940042649
-11.379803312400192	-11.06540223735325
-11.356746994626558	-11.08906433399037
-11.333641476210373	-11.11267838966199
-11.28728323806164	-11.159761969106212
-11.19398077266566	-11.253348149085594
-11.005054591957494	-11.438173959656844
-10.61810168015913	-11.798261177526905
-10.595157972478697	-11.81886955853045
-10.57217426664391	-11.8394333217029
-10.526087207728347	-11.880426684199282
-10.43343693985185	-11.961874590776796
-10.24625144082804	-12.122597968862367
-9.864499663691433	-12.43522000160706
-9.840319786719446	-12.454362954339915
-9.816102761209349	-12.47345889016815
-9.767557630404923	-12.511509422929564
-9.67002561828444	-12.587043125573985
-9.473215257288745	-12.735825171240709
-9.072776342083351	-13.02412298582401
-9.04795277021104	-13.041380324619285
-9.023096373225217	-13.058590350525074
-8.973285464738389	-13.092868214094702
-8.873273722113618	-13.160853450889293
-8.671710892135387	-13.294528209250494
-8.262592266271561	-13.552587175321397
-8.236763595564822	-13.568300393716036
-8.21090504266187	-13.583964387605208
-8.159098665624901	-13.615144474736015
-8.05513146016246	-13.676911466513104
-7.845800401542994	-13.798060231876235
-7.421722360923627	-14.030719414937458
-7.392707863462296	-14.046028639755772
-7.363661786914072	-14.06127786480582
-7.305475392990456	-14.091596055300037
-7.188729124363568	-14.151509590141389
-6.953770635213403	-14.268431029940905
-6.478215350365205	-14.490540913907571
-6.448252510470088	-14.50389911935935
-6.418262125874178	-14.517195369178777
-6.35819923513117	-14.543601774997626
-6.237748561826881	-14.595668637741928
-5.995576499476515	-14.696806202106007
-5.506381821127972	-14.887001354983752
-5.477664174387415	-14.897591929435084
-5.448926158664132	-14.908127106406171
-5.39138944779997	-14.929031111411343
-5.276076305312993	-14.970172641751713
-5.044515174482634	-15.049781286043697
-4.577846783671307	-15.198235717627457
-4.548530693300721	-15.207035169139246
-4.519197688979198	-15.215778072489812
-4.460481374851045	-15.233094104873889
-4.34285058270556	-15.267046175329092
-4.106820858324751	-15.33222333978231
-3.631885755898707	-15.451616613139118
-3.5995770556534397	-15.45917511136186
-3.5672526253724675	-15.466666053487735
-3.5025571397984705	-15.48144513880353
-3.3729836280473657	-15.510191215722038
-3.113138172736537	-15.564428059546144
-3.080594779749689	-15.570901897652416
-3.048037924662978	-15.577307691419364
-2.982884397337749	-15.589915034260311
-2.8524220613397455	-15.614311976110859
-2.5909082087282704	-15.659829014305396
-2.5581665262952167	-15.665210950608975
-2.5254136647569267	-15.670524430445704
-2.459874976928603	-15.68094592813894
-2.3286697528788727	-15.700966444310483
-2.2958426478712948	-15.705800095491854
-2.2630055101053443	-15.710565112833132
-2.1973017103305446	-15.719889163003508
-2.065780034419205	-15.737712761158518
-2.0328766876434563	-15.741996775383118
-1.9999644572621174	-15.74621199758929
-1.9341139210223912	-15.754435992565524
-1.8023125761165368	-15.770057687951203
-1.5383410623154776	-15.797992178733686
-1.507500405467802	-15.800964927207803
-1.476654004562957	-15.803877468967697
-1.4149444407416305	-15.809521888183431
-1.2914615573474706	-15.820087773120298
-1.260578240180966	-15.822578569996702
-1.2296901198094683	-15.825009077804019
-1.1678999402436374	-15.829689189397106
-1.0442671223407574	-15.838325551665328
-1.013348675923008	-15.84033378954944
-0.9824263683237295	-15.842281670711417
-0.9205706408901981	-15.845996333410772
-0.8896374567459877	-15.847763100794106
-0.8587008827994368	-15.849469483147256
-0.7968180370245651	-15.852701066985682
-0.7658720009896169	-15.854226256157594
-0.7349230467381749	-15.855691035672642
-0.6730168552979557	-15.85843934363724
-0.6420598539915057	-15.859722861614861
-0.611100406232317	-15.860945948991798
-0.5491746432260073	-15.863210813532493
-0.5182085639357871	-15.864252582066394
-0.4872405101057312	-15.865233902739933
-0.45627059973398415	-15.866154771813965
-0.4252989508257646	-15.867015185779687
-0.3943256813929436	-15.867815141358644
-0.36335090945356713	-15.868554635502754
-0.3323747530313779	-15.869233665394306
-0.301397330155394	-15.86985222844598
-0.2704187588594872	-15.870410322300856
-0.23943915718190525	-15.870907944832414
-0.20845864316479368	-15.87134509414456
-0.17747733485377434	-15.871721768571609
-0.14649535029752384	-15.872037966678313
-0.11551280754729545	-15.872293687259859
-0.08452982465644118	-15.87248892934187
-0.05354651967999012	-15.872623692180408
-0.022563010674226742	-15.872697975261985
0.008420584303787	-15.872711778303563
0.03940414719668979	-15.872665101252542
0.07038755994724259	-15.872557944286779
0.1013707044987502	-15.872390307814577
0.1323534627955394	-15.872162192474683
0.1633357167834369	-15.871873599136288
0.19431734841019097	-15.871524528899029
0.22529823962589307	-15.87111498309297
0.2562782723834559	-15.870644963278613
0.2872573286390914	-15.870114471246884
0.3182352903527322	-15.869523509019128
0.34921203948845325	-15.868872078847097
0.38018745801494996	-15.86816018321295
0.4421338311409644	-15.86655500663888
0.47249745425724754	-15.865679823413085
0.502859346900101	-15.864746533763842
0.5635774959830755	-15.862705649080112
0.5939335300491952	-15.861598061520155
0.6242873888947394	-15.860432382485783
0.684988136260908	-15.857926767283248
0.7153348024712772	-15.85658684029164
0.7456788488413746	-15.855188840178704
0.806358637542924	-15.852218641281622
0.927681887749696	-15.845581605560517
0.9580044841317585	-15.843777248867143
0.9883235719207547	-15.84191486596625
1.0489507775706055	-15.83801604903754
1.1701582008804483	-15.829522415039845
1.2004496201535126	-15.827254051565925
1.2307366429030915	-15.824927722398996
1.2912970551558407	-15.820101201278154
1.4123602418914134	-15.809752959817592
1.442613384082357	-15.807021121242393
1.4728612428498922	-15.804231391075218
1.5333406670157699	-15.79847829704533
1.6542312413071862	-15.786277873635063
1.6844390154146105	-15.783083200271287
1.7146406204370794	-15.779830722985714
1.7750248808090394	-15.773152404508286
1.8957145072448585	-15.759102658792411
1.925869832901141	-15.755445899436106
1.9560181052568726	-15.751731437376781
2.01629304843318	-15.744129459775689
2.1367534387019256	-15.728233684858964
2.3772915388229645	-15.693678187180257
2.409863822540703	-15.688709521823208
2.442425721976358	-15.68367325265242
2.5075178068002555	-15.67339798996747
2.6375711944233435	-15.65203719321178
2.897123475116766	-15.606079766336707
2.9295127994202663	-15.600032207061929
2.961889500235672	-15.593917426090545
3.0266044734028266	-15.581486304743674
3.155876802999888	-15.555818580441978
3.4137598205001836	-15.50126749628156
3.4459304592523887	-15.49414771367994
3.4780862492344755	-15.486961165645852
3.542352728706188	-15.472387897437308
3.6707014100545505	-15.44244155765403
3.926630713721716	-15.379356987253853
4.435170446906425	-15.240482709226258
4.464688837472871	-15.23186146496487
4.4941904699538755	-15.223183048334946
4.553143017788715	-15.205654828480704
4.670842148422182	-15.169913767977045
4.905391831974828	-15.095700748164402
5.370900056511492	-14.936414652998273
5.399827593438464	-14.925981108941457
5.428734862262697	-14.915491540629503
5.486488161668866	-14.894344488939552
5.601746774279628	-14.851379840950283
5.831247854514819	-14.762777467758326
6.285992918184171	-14.57495602517809
6.316578874144065	-14.561726595086641
6.34713698778866	-14.548432979588618
6.4081691494771365	-14.521653427038745
6.529893446806566	-14.467326694199219
6.771951933792956	-14.35561622187409
7.250270189076179	-14.120079046830083
7.279899015331288	-14.104826139655717
7.309495753133488	-14.089511061007766
7.368592441693324	-14.058694659589015
7.486395026818835	-13.996318787658378
7.7204079998801864	-13.868610255491452
8.181834912006934	-13.601493578868505
8.209853121126324	-13.58460017199141
8.23783644979873	-13.56764904947442
8.29369799039046	-13.533573945840395
8.404997285032579	-13.464734336106734
8.625874298599978	-13.324313966883587
9.060532654972388	-13.032643558062794
9.087376475808862	-13.013940175452335
9.114181687945651	-12.99518150171258
9.1676758307454	-12.95749859987271
9.274195812065715	-12.881472825061559
9.485337270412666	-12.726799557227933
9.899826150600319	-12.40711458362607
9.923663894091485	-12.388056547354054
9.94746494927318	-12.368952711782766
9.994956642869038	-12.330607925423012
10.089495907749379	-12.253371880051843
10.276778421685757	-12.096729945522908
10.644005045987218	-11.77489731098897
10.6666258046299	-11.754409557580518
10.68920712819369	-11.733878347499171
10.734251136293272	-11.692685861098093
10.823862268040497	-11.609782758769688
11.00115849081585	-11.44192125315006
11.347900756449398	-11.098116890946493
11.37101414598446	-11.0744339537133
11.394078109609135	-11.050702879702385
11.440057358337897	-11.003096734159689
11.531418348267103	-10.907311354343266
11.711728132800408	-10.713471624394591
12.062524552177646	-10.31690610267672
12.084007671204082	-10.291734970626553
12.105438265181064	-10.266519103923528
12.14814150560952	-10.21595360517186
12.232913602554907	-10.11429062741247
12.39989970386045	-9.908861561124882
12.723478210190144	-9.489792007107072
12.741925230608558	-9.465008796663517
12.760323977543447	-9.4401897275143
12.796976372327117	-9.390444389348042
12.869698825372728	-9.290527554855888
13.012799018728968	-9.089010496280828
13.289500119128299	-8.67941453595953
13.306368732319356	-8.653531144156728
13.323186933601683	-8.627614967975916
13.356671845764629	-8.575684655343572
13.423033936477621	-8.471434945952591
13.553313168879818	-8.261401349020975
13.80398232420337	-7.835376321301843
13.818908309929682	-7.809021912191884
13.833783980172516	-7.782639069959425
13.8633841577383	-7.729788470476235
13.921978356185303	-7.6237503076402415
14.036730241044708	-7.410347781546939
14.256395372078845	-6.978412505599362
14.269685313969157	-6.9511963821798055
14.282923299069584	-6.923954949032519
14.30924320628888	-6.869396550397438
14.361257431131714	-6.759980406783793
14.462772980746115	-6.539973074159927
14.655670714981385	-6.095438130058716
14.668258371626544	-6.065084207704328
14.680783161176564	-6.034704290837401
14.705643924539448	-5.97386699450136
14.754608702269298	-5.851886204144414
14.84949960069139	-5.606729145625191
15.02703713645284	-5.111869032262453
15.037587766183737	-5.0807483973975565
15.048073945900402	-5.049605986812256
15.068852775795396	-4.987256372469747
15.109635076453038	-4.862301714183997
15.188088546266426	-4.611400699799063
15.332477141021563	-4.10587321082713
15.340380275282866	-4.076246203684095
15.348226161216518	-4.0466039845141175
15.36374607119527	-3.9872743526334626
15.394097637235586	-3.868437415623317
15.45204148267238	-3.6300777018004196
15.459025250006144	-3.6002206075474175
15.465951326244467	-3.570350077733793
15.47963030226125	-3.510569157366367
15.506294838308088	-3.390850998023448
15.556844746537346	-3.150814440024998
15.562902475466997	-3.120755780646714
15.568902125644748	-3.0906854750089208
15.58072710040167	-3.030510373871969
15.603679134268003	-2.9100253569592907
15.646786815804596	-2.668541257709941
15.651912719482612	-2.6383097477428805
15.656980212233936	-2.6080683919429006
15.666939889529626	-2.547556594307977
15.686157495519899	-2.426419817154811
15.72178177031386	-2.1837188623912707
15.726454353674404	-2.149810123041583
15.731053802751633	-2.115891386217649
15.740033212839275	-2.0480245511353625
15.757113503285899	-1.9121778546730022
15.761200432538468	-1.8781935546385775
15.765214065924605	-1.8442005202552223
15.773021370778546	-1.7761888808063164
15.787755631677264	-1.640067747923703
15.791255690477117	-1.6060180015525054
15.79468231364161	-1.5719607865572236
15.801315189665418	-1.5038245842469755
15.813699035831256	-1.3674695270777653
15.816611182497013	-1.3333644681957983
15.819449775614261	-1.2992532086373918
15.824906248742971	-1.2310127220432447
15.834935994517275	-1.0944643223412323
15.837259362340937	-1.060314101236512
15.839509080593817	-1.0261589492484309
15.843787526881433	-0.9578344879847348
15.845816235019687	-0.9236654964451078
15.847771253794289	-0.8894922094926178
15.851460187228797	-0.8211333850459812
15.85319408473369	-0.786948165447625
15.854854258564991	-0.7527592862265078
15.857953404667805	-0.6843711849000073
15.859392362527053	-0.6501722808265633
15.860757567888246	-0.6159703531927722
15.863266696064464	-0.5475580634678581
15.864410607211047	-0.51334801952116
15.865480742522731	-0.4791355883014997
15.866477097022964	-0.4449209289103092
15.867399666078297	-0.4107042004593972
15.86824844539842	-0.37648556207019407
15.869023431036167	-0.3422651728729982
15.869724619387549	-0.3080431920062779
15.870352007191757	-0.2738197786159038
15.870905591531189	-0.23959509185437958
15.871385369831458	-0.20536929088013106
15.871791339861405	-0.17114253485679368
15.872123499733103	-0.13691498295244406
15.87238184790188	-0.102686794338832
15.872566383166312	-0.06845812819066815
15.872677104668238	-0.03422914368491209
15.872714011892757	-3.887693681689162e-15